174 161 322 161 322 267 174 267 English 0
327.19643487514986 268.25459785969673 333.4487619999709 175.235302999989 574.0022359242721 191.40222163669773 567.7519464887155 284.4195840513189 English 0
390 295 463 295 463 336 390 336 English 0
335 293 371 293 371 330 335 330 English 0
235 285 312 285 312 324 235 324 English 0
471 299 579 299 579 338 471 338 English 0
192 536 254 536 254 563 192 563 English 0
258 535 358 535 358 569 258 569 English 0
370 537 425 537 425 567 370 567 English 0
432 541 499 541 499 566 432 566 English 0
391.40240699998685 164.48253800000396 397.40526569483336 118.9631068898803 458.6787737518898 127.04339098028026 452.6760838057817 172.56266930179328 Manipuri 0
563.1050102740119 181.81775849534958 457.44908210093854 170.84687883780953 461.36224088899326 133.16386668449871 567.0177040000272 144.13472199999995 Manipuri 0