386 340 441 340 441 374 386 374 English 0
473 360 502 360 502 377 473 377 English 0
110 315 155 315 155 334 110 334 English 0
406 304 431 304 431 320 406 320 English 0
433 307 443 307 443 319 433 319 English 0
445 310 470 310 470 325 445 325 English 0
472 312 529 312 529 330 472 330 English 0
272 257 362 257 362 286 272 286 English 0
365 266 467 266 467 297 365 297 English 0
472 277 535 277 535 305 472 305 English 0
278 196 360 196 360 225 278 225 Manipuri 0
369 208 462 208 462 242 369 242 Manipuri 0
471 222 543 222 543 250 471 250 Manipuri 0
98 266 140 266 140 280 98 280 Manipuri 0
141 272 155 272 155 282 141 282 Manipuri 0
158 274 183 274 183 286 158 286 Manipuri 0
185 279 232 279 232 292 185 292 Manipuri 0
186 320 280 320 280 355 186 355 Manipuri 0