212 155 235 155 235 189 212 189 English 0
252 168 419 168 419 207 252 207 English 0
195 206 326 206 326 261 195 261 English 0
332 206 458 206 458 260 332 260 English 0
128 272 326 272 326 377 128 377 English 0
333 280 496 280 496 367 333 367 English 0
172 444 317 444 317 497 172 497 English 0
324 438 440 438 440 486 324 486 English 0
234 419 312 419 312 442 234 442 Manipuri 0
317 415 393 415 393 433 317 433 Manipuri 0
288 149 331 149 331 166 288 166 Manipuri 0
334 155 360 155 360 166 334 166 Manipuri 0
578 495 597 495 597 505 578 505 English 0
609 488 638 488 638 502 609 502 Manipuri 0
624 398 640 398 640 411 624 411 Manipuri 0