78.08925299999828 198.70270099996947 79.40729260095395 111.84376334808229 327.98410800001875 115.61462700002468 326.667353388184 202.47227938076637 English 0
554.9373446396203 114.93383444081799 553.8051053554227 210.0816816757339 330.1540709999972 207.41819600001742 331.2875686811458 112.27162063318079 English 0
151.0967076481029 341.29950915702665 60.0635340000008 333.6470239999976 68.89596740998968 228.59651533638265 159.92711799997778 236.24891499999762 English 0
361.9534637196193 244.0067574622936 356.05222752659756 347.9501498759894 160.05240699996648 336.82010099996785 165.9557097141078 232.87890738366283 English 0
374.1877360000217 345.4291909999642 378.04671162542945 240.08600044697133 532.1911749999708 245.73190600002516 528.3340468645474 351.07331835805303 English 0
149.33594371483196 369.07857599704874 147.52596699996502 413.5936349999869 57.51121944915212 409.93318397349947 59.321752000032575 365.41870499999357 English 0
153.71917248201498 421.67243467285545 156.0508149999805 374.7285450000217 219.22042189406056 377.86566794095063 216.88924131492968 424.8091155383341 English 0
402.89053707361745 436.5422364454932 361.64073431944416 433.08913537002707 365.98517740203533 381.202282225364 407.23433099999966 384.65535599999816 English 0
245.22356537374435 480.25359470048096 127.69177998081432 472.0362252732778 130.52723748427525 431.4991194413517 248.0574128293665 439.71643245293046 English 0
253.15764595106884 440.0742519868999 291.44322939806443 440.31903427940495 291.16659543287824 483.5797204727505 252.881011999998 483.33494000000024 English 0
299.5205267329584 440.77208253035855 447.68075900006806 451.1307490000024 444.58048963861074 495.46686963861 296.4202654691326 485.10828329677724 English 0
186.51334530506574 491.41962320876695 185.67299499998626 523.1882700000201 97.74237251083832 520.8617568431919 98.58323399996152 489.09363500001353 English 0
173.92568983792444 537.6382161997252 171.00347529391001 579.4420491169526 42.07440935126215 570.4293193223248 44.99765100001241 528.6265980000029 English 0
259.9376557314099 546.2011963289929 256.0568986400176 590.5579823955593 185.74755503985216 584.4072731299257 189.62890499999048 540.0511440000181 English 0
531.6390923979634 565.192714615729 526.9828530000086 617.0667960000194 270.71540797522175 594.0614195459979 275.3742310000234 542.1902129999701 English 0
528.1096220747713 447.2820585369425 474.03248900001927 442.78990499999895 478.612927910508 387.6629520397367 532.6891370000521 392.15506700000157 English 0
352.13982138484425 435.53876932113576 287.3187741782749 431.00658157966564 290.95098076038994 379.0699216573212 355.77102278606617 383.6020744545737 English 0
340.4219565634412 40.10714543943733 341.63111597517855 107.63366311367109 152.93714599996747 111.011803999993 151.72834528282692 43.485624732644865 Manipuri 0
489.64868679540814 45.4505941715107 488.7802627628116 99.99887194249186 344.9835809999786 97.70921399998491 345.85220896107785 43.16113988870921 Manipuri 0