118.22630882074009 188.40292569591168 121.44509600002493 132.32435600001276 287.10158996233076 141.83198773731868 283.8834066619165 197.90997818291288 English 0
292.69235700005083 196.6712209999895 294.04239536830573 152.59342145960443 433.95487182708166 156.87822665008915 432.60525242134463 200.95561595706104 English 0
288 202 328 202 328 219 288 219 English 0
144 215 198 215 198 235 144 235 English 0
148 236 182 236 182 249 148 249 English 0
185 239 204 239 204 249 185 249 English 0
209 234 260 234 260 251 209 251 English 0
150 250 211 250 211 270 150 270 English 0
215 254 263 254 263 267 215 267 English 0
264 254 287 254 287 268 264 268 English 0
307 223 333 223 333 234 307 234 English 0
336 223 362 223 362 235 336 235 English 0
402 225 420 225 420 234 402 234 English 0
403 237 437 237 437 250 403 250 English 0
404 253 432 253 432 262 404 262 English 0
311 254 332 254 332 266 311 266 English 0
334 253 354 253 354 264 334 264 English 0
355 253 383 253 383 265 355 265 English 0
186 277 217 277 217 292 186 292 English 0
219 277 251 277 251 291 219 291 English 0
253 276 275 276 275 289 253 289 English 0
277 275 323 275 323 289 277 289 English 0
324 274 353 274 353 286 324 286 English 0
357 273 378 273 378 284 357 284 English 0
379 271 395 271 395 282 379 282 English 0
259.1048924680945 33.3099024842228 255.78587712523586 46.44487185565822 205.78697906523303 33.81086915077849 209.10600000002887 20.675907999981217 English 0
255.01274064081372 46.038742784553214 257.98054296341434 34.09401535161795 288.01637075717736 41.55674290569722 285.0485754581314 53.501464230549814 English 0
330.91180847695796 54.503909411384484 327.8010295178683 66.07050686476734 282.84198220695544 53.97899566747324 285.9527679999883 42.41240900002052 English 0
268.59670309422654 21.07093206638808 270.9542209999927 8.220398999987683 288.3301141286938 11.408124453134743 285.9725977953349 24.258656115525568 English 0
248.75401230317948 55.71382532637657 250.4627530000289 48.232946999981976 274.35664324846584 53.6906417912986 272.6479068600747 61.17151636853414 English 0
272.831164756426 61.130567537393745 274.7816641639656 54.372003076141226 301.1886224175396 61.992938692503984 299.2381279932306 68.75149888354565 English 0
231.38703997108678 60.119500062564775 232.85059000001638 53.4824770000256 265.17826477116614 60.61112365353783 263.7147204211942 67.2481417642941 English 0
264.38865376476315 67.04738222214107 265.9362182415498 61.373094149279844 293.55117036953743 68.90456585281834 292.00361069088103 74.57884979994827 English 0
292.29988179278735 74.02964777323713 293.96556225052336 67.756645842616 318.8281849017949 74.35842719043349 317.16250964156643 80.63142464801167 English 0
256.79073556479125 15.37232789161014 245.32622782411636 17.57260420887473 242.76921200005745 4.249308999994643 254.23371872413554 2.049032777601191 English 0
265.5832428608119 81.00443667521354 264.1365196089464 87.57042938935164 229.7910448454786 80.00290781577488 231.23777300002985 73.4369219999814 English 0
249.40587283730565 87.87447467145371 248.34080300002825 92.57075300001915 233.3950315090624 89.18121395792403 234.46010300001944 84.48493800000726 English 0
249.91500388510758 92.27136268970291 250.7591439999669 88.27773899999592 259.47869829535193 90.12079657851436 258.6345595648163 94.11441905901026 English 0
234.66147546598222 95.84811691065296 235.5475309999747 91.47856500003519 261.9344521561288 96.82924579730391 261.04840144049376 101.19879348522738 English 0
279.5111275718227 100.30530343666528 278.6319899999944 104.28328699997144 261.36426057099015 100.46712694041419 262.24340000000666 96.48914600000123 English 0
250.42748919135192 100.81840684045855 249.5847810000123 104.84413800003355 236.022400281945 102.00513605281242 236.86510999999882 97.97940700002218 English 0
250.88650181263802 104.92726245114946 251.79112700003316 100.72247599997078 260.808284990635 102.66242727034194 259.9036615217483 106.8672122231063 English 0
267.7406110675656 103.07505374273617 267.2443639999983 107.81655600001223 260.3077947966085 107.09057696648684 260.80404300002556 102.3490759999823 English 0
269.20372372638667 108.75927401920546 269.5467120000103 104.49313399999346 276.7476768515189 105.07207056940858 276.4046898906963 109.33820936013811 English 0
176.05418269187794 92.27484367495467 175.1808374414395 96.6530737110134 150.8900259948132 91.80769532376553 151.76337400000193 87.42946899996598 English 0
175.92107644144562 97.00719064156897 176.53406799996446 92.23947400001215 184.534283893081 93.26806498906498 183.92129383682914 98.035780269068 English 0
192.65805058777914 99.95190649335484 183.85376146987255 98.46431313080664 184.72850999998627 93.28718000000349 193.53279585433484 94.77477308018959 English 0
177.1760753376293 90.50346895895878 177.85309699997015 85.95254100003214 186.4860579627566 87.23682092217642 185.80903776717605 91.7877475652989 English 0
194.42886160970374 100.1604744809151 195.27078999999503 95.79205600000962 207.61960425086727 98.17203286875039 206.7776781667635 102.54044932329413 English 0
202.3939222489571 91.10821449354253 201.26105073519284 96.02755432686732 187.10174879888655 92.76683438246232 188.23462200001813 87.84749700000766 English 0
202.02462947381719 95.03978646399696 203.0087465498218 90.8506251242669 221.611637603055 95.22077986689874 220.6275237978116 99.40993837422694 English 0
158.49404290507664 68.70004360836396 157.50824542126793 72.35920548078262 147.5817709112016 69.68496890349745 148.5675690000062 66.02580800002247 English 0
237.72198948136065 108.32952747927007 238.43994399998337 104.38574300000332 252.85698257765034 107.01029807350265 252.1390306831745 110.95408023353085 English 0
252.8216826843709 111.21454846557711 253.4747619999689 107.4838119999832 268.5449131895439 110.12187128647193 267.8918365300342 113.85260539713103 English 0
302.2564950049127 100.30812347178264 301.34291628150095 103.77098153565443 288.8125312118791 100.46520939167338 289.72611099998176 97.00235300002316 English 0
309.89338782907 101.84960591613411 309.07821024913574 104.89755074853565 301.50308784781373 102.87158692166378 302.31826600000204 99.82364299999686 English 0
330.5464218692214 105.13833413434105 329.81180000002496 108.98833799996878 310.5321458991966 105.30959591089706 311.266770000002 101.45959499997689 English 0
313.1819195472781 108.22300942076726 312.43709730828414 111.68504361205441 290.4136925248895 106.94695707166065 291.1585170000035 103.48492600001012 English 0
331.92126392474165 112.34696734682984 331.0837196467037 115.71789173814366 312.82600297672616 111.18158976295814 313.6635489999753 107.8106680000042 English 0
341.6879013110156 114.41573756753925 340.4884735644737 117.98758562268736 331.16081349900924 114.85538255843024 332.3602419999952 111.28353599996892 English 0
302.81270288323867 111.53414658492736 302.13667399999395 114.89145000002344 292.25696407323994 112.90208100315306 292.9329940000025 109.54477899996631 English 0
319.6131814618275 114.89673295922218 318.97022595127055 117.93856143582468 305.6564892096503 115.12444170581311 306.29944599997543 112.08261499997576 English 0
337.61730210477253 119.06043938552094 336.8934612128214 122.00900850981412 319.3742795464641 117.70828178467731 320.09812199998123 114.75971499999375 English 0
306.90481388985063 118.37073056088782 306.29118856239074 121.327588221711 292.87886137237365 118.54420387683697 293.4924879999744 115.58734799996589 English 0
321.8789776671474 121.0637231363272 321.2098094261455 124.1766071103668 306.97252629484865 121.11608493468441 307.6416959999915 118.0032029999951 English 0
303.29012034380867 83.94950850109632 304.36984834086616 80.13607311951591 325.9515564339381 86.24663433447662 324.87183160017594 90.06006700783546 English 0
272.845480978649 77.05229700311894 273.97001464210916 72.83096968894826 305.2947609710827 81.17562599653237 304.1702320011973 85.39694927246381 English 0
258.4248504995048 73.57489680712152 259.2859110000427 70.10024899996526 273.7503686279524 73.68470357585291 272.8893097701075 77.15934996283613 English 0
236.19381393291405 68.38130871291823 237.20594300000812 64.61881000002529 257.1504082782485 69.98393842903585 256.13828154113435 73.74643514069271 English 0
215.7858184226643 63.04230169825881 216.91004105610773 58.84244511913607 235.96529328104225 63.94316012280325 234.84107292802946 68.14301474047025 English 0
244.75908009029808 141.35629728017622 246.5105809999659 125.16568099997572 293.1412467418704 130.2100848593187 291.389787728549 146.40066270540186 Manipuri 0
295.86856146015634 147.02980030821973 296.6936359999818 135.11538799999883 346.83469486211834 138.5875612603395 346.00965412500955 150.50194172208998 Manipuri 0
274.14662966933975 30.481840266169712 272.80059322605666 35.3555710651139 249.886990768573 29.027248525252677 251.23302799998783 24.15351899999823 Manipuri 0
286.2556975726329 33.19999500591921 285.17235500003153 38.56615299997443 274.45117186551215 36.40171624316615 275.534514999963 31.03555900001605 Manipuri 0
308 238 324 238 324 250 308 250 English 0
325 239 340 239 340 249 325 249 English 0
343 238 370 238 370 250 343 250 English 0
295.58055230998434 29.45457821197886 296.59384765211144 25.95502059719695 310.3842752111814 29.948029601451577 309.37098051981593 33.44758665833928 English 0
308.1172381101351 32.07497726560875 309.4704665995232 28.819593569246145 319.244569767543 32.8825812751069 317.89134176935477 36.13796455484531 English 0