119 222 205 222 205 265 119 265 Manipuri 0
216 218 318 218 318 255 216 255 Manipuri 0
329 201 431 201 431 240 329 240 Manipuri 0
146 337 286 337 286 381 146 381 English 0
288 324 432 324 432 367 288 367 English 0
28 396 156 396 156 441 28 441 English 0
161 380 336 380 336 429 161 429 English 0
342 370 427 370 427 402 342 402 English 0
431 358 517 358 517 390 431 390 English 0
178 256 336 256 336 340 178 340 English 0
342 241 510 241 510 324 342 324 English 0
15 258 174 258 174 353 15 353 English 0
279 436 332 436 332 622 279 622 English 0