35 346 116 346 116 400 35 400 English 0
116 360 210 360 210 416 116 416 English 0
210 376 276 376 276 423 210 423 English 0
276 388 369 388 369 435 276 435 English 0
369 406 403 406 403 444 369 444 English 0
402 409 432 409 432 447 402 447 English 0
431 415 478 415 478 454 431 454 English 0
419.34882822984946 265.57872327994505 484.5564102198841 267.83229476498366 480.39562700003444 388.21666300000084 415.18804654268024 385.9631245026867 English 0
273.0497438308521 345.3753897359315 296.5797559999919 230.96896000003167 434.7887013084983 259.39266921107384 411.2607723149267 373.7972690943482 English 0
277.22015037688834 223.826843218542 295.4099596449669 225.15435258000446 286.41419999999925 348.40928099999746 268.22439255120116 347.08178909790195 English 0
145.6610608187475 190.846886687638 272.8924800107052 200.92557011869008 261.4170749999903 345.78197700000175 134.1856728107814 335.7034400250251 English 0
55.795180888235336 171.18691037211815 144.97110390497255 181.35665888396312 128.97224000000278 321.6408860000007 39.796338482774445 311.4712691547651 English 0
125.08364554261789 168.19273740950956 139.45714400004363 99.53947599996695 234.91577958106063 119.5247527547607 220.5426974916918 188.17764509940093 Manipuri 0
270.36149588544504 200.56782036392826 230.405441841649 196.8955997551405 234.7945620000246 149.14175500000195 274.75036748372077 152.81396408486546 Manipuri 0
268.25451435172 199.81455016157634 281.6791660000308 154.06952599997214 414.742580713355 193.11787761231113 401.3184717934928 238.86243773889413 Manipuri 0
479.97678469124367 210.680395209945 468.3240030000161 257.146540999973 398.08009987660625 239.53111710117855 409.7330669999792 193.06525200000016 Manipuri 0
0 534 86 534 86 600 0 600 English 0
123.39506958967831 177.96662291798415 64.24217183644942 169.0111915187137 77.29584300002898 82.79137200000002 136.44824578645057 91.74676510693158 Manipuri 0