56 406 139 406 139 463 56 463 English 0
138 396 234 396 234 456 138 456 English 0
232 391 300 391 300 441 232 441 English 0
299 382 393 382 393 433 299 433 English 0
393 385 429 385 429 424 393 424 English 0
426 380 458 380 458 419 426 419 English 0
456 376 504 376 504 417 456 417 English 0
401.87838400001056 241.71970300000294 465.44798826456827 227.02061123731968 492.5860499999544 344.3787940000075 429.0165118020377 359.07769265903363 English 0
281.21950913293404 356.66226277768493 274.3348530000367 240.06422400002876 415.18854153975553 231.74772958603404 422.07488402404124 348.34395057677943 English 0
253.7864979999722 238.17608400000594 271.7004512594576 234.75076210423762 294.911471000014 356.13390299999344 276.9975310881273 359.5591780671459 English 0
118.17435899996781 240.3698860000051 243.67990304985142 217.17740521258355 270.08610700002464 360.0658539999973 144.5806655803608 383.2579577137952 English 0
26.282251000011456 244.63880700000092 115.05225036788033 231.38307271744588 135.90604500001064 371.0265959999956 47.13609401398571 384.2821157130532 English 0
92.43484904262004 223.8134952954162 88.54960999997274 153.77941599996888 185.92780374085123 148.37729045965094 189.81349059511558 218.41088630798419 Manipuri 0
241.1416124113748 217.48475533038106 201.5965205199609 224.27879490458355 193.4765000000334 177.016399 233.02131881304376 170.2223834575724 Manipuri 0
238.9117126565543 217.30250002121662 240.03895000001648 169.64163100002673 378.67441261259955 172.91999391121578 377.54766577978444 220.58038240913092 Manipuri 0
446.2313380608248 173.0004323972954 447.0023129999754 220.89914399996775 374.5930734072317 222.06427976035909 373.8223570000264 174.16582199996918 Manipuri 0
52 597 161 597 161 640 52 640 English 0
93.3334723932785 233.69137063375322 33.878063662559725 240.35073595972807 24.17167599996901 153.69051800000173 83.62634183715272 147.03119477319981 Manipuri 0