153.67235070822062 279.7219238467276 165.4067329999816 244.37185400000547 283.8024974140717 283.67048309830096 272.06866029679077 319.02008845328015 Manipuri 0
384.3623212645616 327.99928195141325 376.4528569329559 351.9463509067265 271.4201609860902 317.2571030693712 279.32978900003945 293.310351999998 Manipuri 0
376.837193473184 356.1316328399665 385.3703320000204 328.9313860000328 470.10675171790353 355.51182955315227 461.5739890734403 382.71175575092997 Manipuri 0
98.2996289060975 337.60505419099275 110.87193899998965 281.3595830000049 279.71211049378326 319.0959015148306 267.14117384981364 375.3401729339395 English 0
271.543280995611 379.2309746854319 285.3392590000294 334.09943699999974 387.05543836833385 365.1890482464177 373.26023997506127 410.3199207227879 English 0
508.84430568359676 402.6302750143572 495.6035695873288 445.34664101932384 362.07454752206104 403.9601770134252 375.315780000019 361.2447030000294 English 0
248.2596336612187 385.95020349091203 293.9816692423483 400.806895091721 286.0624120000284 425.17570300000864 240.34040247031953 410.31906872404386 English 0
287.6241466101055 419.75631590575983 291.66629100000137 397.8267089999741 315.8774307746353 402.288846114439 311.83538010802295 424.2183702418622 English 0
203.80226069006312 423.1454468615328 208.79248899997037 401.28360199998303 255.7720941415755 412.00581866136673 250.78205442499893 433.86749976322346 English 0
249.04948929368402 431.5415724468627 257.7389160000166 410.91956499999776 286.7047827877832 423.12318351308033 278.0154776004201 443.74508790622144 English 0
283.2364364210662 443.0663807097986 286.62687379095587 418.7522610403114 329.1141559427342 424.67597266042134 325.72390548084513 448.9899235308823 English 0
322.6679682395479 453.21113431551345 328.74615373963024 429.938323340159 376.89425512107846 442.51131550651326 370.81629391199385 465.78393339310946 English 0
368.69223100002273 444.18302799999276 395.18334260639676 438.56007645340304 401.4368075832317 468.0172335879315 374.9457049997727 473.640156367748 English 0