511.28510026843287 213.28567124556332 499.11869154151645 250.93460751799694 363.5687393023545 207.13164494189382 375.73536999996577 169.48312500003425 English 0
-3.0857355800981168 274.116058023456 9.465033000014955 204.69618900001134 223.24466387326538 243.34342524575726 210.69554653782689 312.7618302946319 English 0
642.0121934721101 249.38183674086366 631.038463788791 285.7727225807194 482.56622285996855 241.0014935575663 493.54024500004016 204.61112099997533 English 0
-1.1544444895844208 330.72578367391645 4.7017849999974715 294.2266949999662 218.83682411615155 328.57953527015525 212.98168394969252 365.07765289079305 English 0
228.349108366383 247.861557590622 234.7886660000222 222.498007000017 293.9922281993495 237.52851034309427 287.55283326565404 262.8919203416439 Manipuri 0
448.0080173092574 187.89484460888775 451.7748322280386 173.60349940414946 494.7941117834853 184.94190610793592 491.0273481852346 199.23320714837138 Manipuri 0
549.4560662337608 202.7019560829214 544.1947887189599 219.0620532931553 487.0328732002963 200.67964003476564 492.29418999995687 184.31961600002455 Manipuri 0
448.88369187363423 237.74621103792612 444.2886981088668 254.60305332254566 394.9871408042236 241.1644242127204 399.58218200001284 224.30765900003132 English 0
492.8731949354551 249.99637060192495 488.5991896334599 266.13780899174714 443.0774305596424 254.08479221256164 447.35148100000515 237.94342499996944 English 0
484.13600768719334 268.0703257981946 490.43320600001607 245.0963940000003 533.509965787307 256.90320327817216 527.2128846991109 279.87703419574956 English 0
565.333753337618 295.4778892032147 540.3343332021905 304.0354715866322 523.5185823713255 254.91380037567424 548.5177587051294 246.3562634575501 English 0
558.39499325215 284.98082717676607 563.4472124547756 270.66780110861345 597.5539389038022 282.7060808554172 592.5017841703811 297.01905217639126 English 0
642.6323774945922 293.76757108612435 637.8990855195298 310.2582651570878 585.92602697041 295.34131953523774 590.6593769999745 278.8507229999887 English 0
343.21583202799957 184.40942104291048 346.67974000003596 138.03791199998432 411.4804176718462 142.87834655285664 408.0167060162057 189.24967004861514 English 0