45 164 154 164 154 227 45 227 English 0
156 172 248 172 248 232 156 232 English 0
42 215 119 215 119 256 42 256 English 0
11 287 232 287 232 333 11 333 English 0
6 159 43 159 43 212 6 212 English 0
8 213 43 213 43 251 8 251 English 0
37 251 125 251 125 284 37 284 English 0
170 141 206 141 206 165 170 165 Manipuri 0
209 142 243 142 243 167 209 167 Manipuri 0
251 146 287 146 287 169 251 169 Manipuri 0
452 328 638 328 638 443 452 443 English 0
501 291 640 291 640 340 501 340 Manipuri 0
464 429 506 429 506 502 464 502 English 0
505 440 574 440 574 489 505 489 English 0
564 451 634 451 634 496 564 496 English 0