243 456 257 456 257 469 243 469 English 0
258 460 264 460 264 471 258 471 English 0
265 463 277 463 277 475 265 475 English 0
283.53785908431746 482.7299287525082 278.63870499997574 498.4366110000149 237.21943248034222 485.5193695161479 242.11865400000534 469.81280999998137 English 0
278.53561846794037 497.243892456297 285.7553380000172 480.9201090000284 310.2310174903687 491.74331439029856 303.0113925750629 508.06701753015665 English 0
362.11933399987174 502.27764500000353 365.29527167629567 491.3498940758818 406.3751530200534 503.28663145838266 403.19931760015606 514.2142949680574 English 0
417.91584209866414 509.13537260399437 415.3629170000204 518.7051829999959 405.31490812893026 516.025195793447 407.8678451898304 506.4554043569939 English 0
432.1085501201742 523.4520306868318 417.83818457552115 519.0155003112243 420.9451219999755 509.02393299999994 435.2154341417918 513.4604544603283 English 0
355.36943999999494 526.0448279999719 361.90277917921776 506.2065727631546 392.5895659687376 516.3106220706998 386.05637285763805 536.148753147881 English 0
389.4230389999575 532.4760180000113 395.6120812242443 514.6116237693724 434.5021353804623 528.0820718672858 428.3132639791438 545.9463210723515 English 0
44.83033982083725 306.6128726886535 37.770148855488515 338.1079714781361 -7.0603107317583635 328.05899351525215 0 296.5640659999728 English 0
130.08332370140124 370.6200626762915 41.32714946019405 339.8839855945312 53.09011127174017 305.92030703226453 141.84554999999818 336.6562449999932 English 0
325.08623190216895 388.3625002108794 -6.646570818120381 292.5316192763846 19.308419690351002 202.6999760945224 351.03463800005557 298.5298439999914 English 0
212.73632400021597 252.52308999998777 219.47382299978926 222.3723126057634 368.9338810001209 255.76839900000505 362.1968841418857 285.9187399584833 Manipuri 0