103 205 139 205 139 269 103 269 English 0
141 206 213 206 213 273 141 273 English 0
215 211 280 211 280 279 215 279 English 0
280 224 335 224 335 290 280 290 English 0
132 286 161 286 161 314 132 314 English 0
160 288 189 288 189 311 160 311 English 0
191 290 208 290 208 318 191 318 English 0
209 291 238 291 238 318 209 318 English 0
238 291 260 291 260 319 238 319 English 0
261 292 289 292 289 321 261 321 English 0
179 323 214 323 214 349 179 349 English 0
22 400 130 400 130 480 22 480 English 0
133 411 335 411 335 493 133 493 English 0
35 484 82 484 82 528 35 528 English 0
85 487 152 487 152 526 85 526 English 0
237 494 253 494 253 524 237 524 English 0
256 493 314 493 314 529 256 529 English 0
344 204 414 204 414 284 344 284 English 0
417 214 598 214 598 304 417 304 English 0
425 296 464 296 464 324 425 324 English 0
465 299 515 299 515 327 465 327 English 0
516 303 558 303 558 330 516 330 English 0
559 305 591 305 591 328 559 328 English 0
128 178 171 178 171 198 128 198 Manipuri 0
171 183 209 183 209 207 171 207 Manipuri 0
210 186 255 186 255 210 210 210 Manipuri 0
256 192 273 192 273 213 256 213 Manipuri 0
378 338 436 338 436 363 378 363 English 0
437 342 501 342 501 367 437 367 English 0
503 347 522 347 522 365 503 365 English 0
523 351 556 351 556 367 523 367 English 0
341 363 377 363 377 383 341 383 English 0
379 367 426 367 426 386 379 386 English 0
430 369 463 369 463 389 430 389 English 0
465 371 505 371 505 392 465 392 English 0
509 374 552 374 552 392 509 392 English 0
554 376 588 376 588 394 554 394 English 0
519 194 540 194 540 219 519 219 Manipuri 0
539 202 593 202 593 231 539 231 Manipuri 0
161 491 235 491 235 526 161 526 English 0
119 384 185 384 185 410 119 410 Manipuri 0
186 386 264 386 264 425 186 425 Manipuri 0
36 529 56 529 56 544 36 544 English 0
57 526 86 526 86 545 57 545 English 0
89 529 115 529 115 546 89 546 English 0
115 530 149 530 149 549 115 549 English 0
153 529 177 529 177 544 153 544 English 0
179 529 188 529 188 546 179 546 English 0
189 530 209 530 209 547 189 547 English 0
209 530 239 530 239 547 209 547 English 0
242 529 284 529 284 546 242 546 English 0
287 533 310 533 310 551 287 551 English 0
53 547 88 547 88 563 53 563 English 0
90 546 126 546 126 562 90 562 English 0
130 548 147 548 147 562 130 562 English 0
149 548 167 548 167 562 149 562 English 0
169 547 204 547 204 565 169 565 English 0
207 548 240 548 240 564 207 564 English 0
241 546 290 546 290 566 241 566 English 0
119 563 149 563 149 580 119 580 English 0
150 564 188 564 188 582 150 582 English 0
190 567 206 567 206 579 190 579 English 0
208 565 233 565 233 581 208 581 English 0
44 276 95 276 95 305 44 305 English 0