311.9400292458158 271.3747852350608 314.1596367891907 311.8691665801392 172.90330741278012 319.6098928158006 170.68436100002145 279.11614100000384 Manipuri 0
330.3512860000046 305.375639999997 326.54963726352435 264.1001450478503 430.2148780000425 254.55237200003057 434.0169278920803 295.8274152832557 Manipuri 0
90.58603600002243 407.6833680000331 88.39308278205863 333.4998032520405 276.7322079445148 327.9312250801326 278.9270243903593 402.11288247674463 English 0
287.95927040060633 399.1445553174927 283.50270642215037 318.27230675253253 439.47627563575224 309.6775695880551 443.9344252065348 390.5480764325739 English 0
139.52170642398414 507.7935817116159 140.1103790000343 472.6536550000316 240.9924916241289 474.34279223775667 240.4044772859197 509.48206966021394 English 0
320.4186207038583 472.875227189846 318.84862301973044 511.10809222436603 241.78610445858794 507.9433869050158 243.35661600001913 469.71106100002555 English 0
434.3738296884112 474.52933098610015 432.23939250317926 512.1288899397675 330.7774380000046 506.3688559999647 332.91252833492763 468.7699906281539 English 0
230.75957055218169 452.874609175071 214.84633300002315 453.5270809999994 213.60334643402894 423.21411860388014 229.51642700005323 422.56164999999874 English 0
238.09397885372164 450.90109812254275 235.29440500002238 423.2268859999699 305.9619606387423 416.0787841926267 308.7618144991575 443.7526787410652 English 0
395.75332103529945 415.2129289004046 396.42060303580365 447.21425600934873 309.3075369894359 449.02962026083054 308.6407119999785 417.0287410000351 English 0
443.26274324987025 416.183192621531 442.23577099997783 449.38844699998083 399.6870400084299 448.0724452442772 400.71423200002755 414.8674190000122 English 0
235.34211325313663 529.2183314097003 236.1263080000208 551.4812770000328 170.57824889969197 553.7890685828527 169.7943579999992 531.5264169999873 English 0
131.5651019755751 530.1551651718014 132.19102700000803 555.5413260000317 79.8238530701201 556.8317818687251 79.1982029999781 531.4458890000093 English 0
132.26543400000082 556.6053930000003 132.01067591689934 535.1704501929397 150.43406008313468 534.9515380954803 150.68889735397534 556.3864007700831 English 0
208.7859881530312 183.42525585354028 177.6723299999867 185.6008870000011 176.481848991898 168.57574572254975 207.59543800006213 166.40011699999826 English 0
206.3181859999895 182.5285019999944 205.05329495455953 164.43923920799168 240.9535969999706 161.9289450000024 242.21852652117377 180.01816614141146 English 0
84.21649000003526 580.2814590000357 85.42971161405148 557.6905764453691 120.03191350624547 559.5483783685419 118.81886608360219 582.139094673382 English 0
85.9278489999997 604.7550299999738 86.87408974175924 585.1464205511486 123.0718705230538 586.8926776752196 122.12579431063205 606.5011295475332 English 0
85.40000576002058 630.271296469807 86.37429000002157 611.1394400000324 132.14009610383073 613.469252751497 131.16602419613628 632.600906323333 English 0
303.5453102214524 529.6575806581051 303.62906632006343 550.8998708876184 238.82831747177988 551.154756734924 238.74483899999177 529.9127429999959 English 0
306.2557043525885 547.6385385292892 305.9299569999712 527.3532460000171 405.3770706270734 525.7558628359059 405.7032142166281 546.0407521406331 English 0
446.61364177452924 546.3865037902344 413.10647099999187 548.7290599999992 411.32086694684403 523.1914069184903 444.8276974498731 520.8488626547733 English 0
306.99142003526504 575.3062356006794 306.92664900001546 555.084605000035 372.3957679467276 554.8746520861296 372.46081642275385 575.0960041364026 English 0
326.6774417793931 608.2363597008497 255.2224456181284 607.8776182408978 255.33021772229404 586.4846792438083 326.78453499996976 586.8434190000002 English 0
175.34185099997558 633.7885489999843 175.1973339736287 613.456040290247 243.30637985542126 612.9717121539255 243.45121566519083 633.3038996482485 English 0
372.9065223744692 168.74096814895228 294.7235036941129 174.20795422024017 293.68187896609015 159.31099810780734 371.8647559999954 153.84401699999816 English 0
277.6517086189415 159.36265774866177 277.8916298043623 177.64665140921971 240.2468754403526 178.1405455257645 240.00699800002621 159.8565949999914 English 0
294.1455405243323 177.83983254851756 275.7254870000179 177.67507100000003 275.91078419121914 156.96241566554727 294.3307900000218 157.12717700000005 English 0
412.9117851034971 148.80757669501295 415.4122819999611 168.97648999999635 375.33396215047105 173.94513859085646 372.83351899997797 153.77627399999722 English 0
539.0072786889505 331.41656640862175 539.4286237783672 347.46625900778866 466.0066361565987 349.3931874929671 465.58544400002575 333.3436439999685 English 0
527.433224277629 349.33465512698683 528.4751770322328 364.23190479073935 481.6079007173539 367.5094106308685 480.5660469999566 352.612253999974 English 0
246.67602687026374 633.6115027036233 248.99432300000626 609.3913820000344 278.0527570673439 612.1719784402251 275.73463815191644 636.3919354450894 English 0
280.5213569999614 636.0571229999819 281.20142291001684 611.3371748118238 347.86595699995814 613.1703170000127 347.1862842130213 637.8898822752806 English 0
449.9116150000191 318.4005950000125 448.7955095414509 302.4395701718964 477.5157286439935 300.4313761732303 478.6318828976073 316.39234803553114 English 0
629.466947749097 295.1516665345175 630.4759277089761 314.3501279075033 567.7068690000306 317.64844700002317 566.6980331909872 298.4501231663592 English 0
470.94578729265777 363.2944630834671 493.5264709758485 363.6357303148684 493.3186839999689 377.38301499999983 470.7380003302387 377.04174841465647 English 0
606.6789730000164 576.8947350000168 607.0937498792773 567.6190428314776 640.4146989213768 569.1085903016426 639.9999907192978 578.38421657727 English 0
494.3397372941399 380.5194247295624 493.2235860000219 364.558407999994 515.5614772685658 362.9964730225104 516.6776741888316 378.95744029876835 English 0
539.7183490666066 364.51489520361656 538.4436292293685 382.1559715176315 515.8823683167429 380.5258320883065 517.1571389999735 362.8848110000033 English 0
449.87380999999004 8.314544000014607 448.5420758875989 0.47615245606941403 470.142498729474 -3.193735885449293 471.47423298752983 4.644655479035266 English 0
472.06297800003085 4.62438400000755 472.0480759583734 0.0004926233957739885 504.1082928393007 -0.1028325582341641 504.1231950054498 4.521058690979069 English 0
505 0 550 0 550 5 505 5 English 0
451 8 492 8 492 28 451 28 English 0
494 6 545 6 545 25 494 25 English 0
550 3 606 3 606 22 550 22 English 0
447 24 470 24 470 42 447 42 English 0
472 16 510 16 510 40 472 40 English 0
506 20 543 20 543 40 506 40 English 0
547 19 583 19 583 38 547 38 English 0
454 38 485 38 485 61 454 61 English 0
488 34 533 34 533 60 488 60 English 0
535 33 554 33 554 56 535 56 English 0
459 101 470 101 470 117 459 117 English 0
472 97 508 97 508 117 472 117 English 0
508 94 539 94 539 115 508 115 English 0
540 91 566 91 566 115 540 115 English 0
565 89 599 89 599 112 565 112 English 0
463 144 501 144 501 165 463 165 English 0
505 138 537 138 537 159 505 159 English 0
566 136 583 136 583 161 566 161 English 0
605 136 623 136 623 158 605 158 English 0
609 573 633 573 633 589 609 589 English 0
595 589 626 589 626 602 595 602 English 0
608 598 640 598 640 613 608 613 English 0