516.6080269598024 223.4429883336332 502.4878252264898 260.4035617553242 369.41605366206204 209.56651936469544 383.53643200003717 172.6063669999854 English 0
-0.24154795937647577 257.2699534053283 15.92514600000868 188.60206500002676 227.38930140178127 238.38451416413307 211.22420340936515 307.05101462603255 English 0
645.2668883687147 266.3313646240257 632.4035353385989 302.0980339357521 486.4778035683412 249.61779042574153 499.3414009999833 213.85165199996925 English 0
-1.2756822096707765 313.90315742805393 6.482761000006576 277.7605830000293 218.52659281321394 323.2731020616566 210.76921529413084 359.4147472303431 English 0
232.25011277158046 243.16377269681146 240.0083060000179 218.17201399997234 298.3441405992198 236.28040595986747 290.586107509298 261.27202785602367 Manipuri 0
454.7464108375425 194.77530300933745 459.2560431220045 180.70068599986004 501.6229853287223 194.27502513960744 497.1134063129284 208.34959677543696 Manipuri 0
555.2805429199361 214.8715097386484 549.1702189217176 230.93382035637956 493.0486739829212 209.58497800211097 499.1590300000098 193.52274300001994 Manipuri 0
453.0119324549014 244.604196803773 447.5409764322103 261.1974399757317 399.0102722620213 245.19697756459317 404.48126800001774 228.60381200001538 English 0
496.3000271913188 259.1397991701117 491.1870555214409 275.03541703153445 446.3584488967899 260.61648758080344 451.47145900002215 244.72094200003 English 0
486.6287748515606 276.73168048791354 494.1197850000026 254.11883199998553 536.5196678815846 268.1639635296291 529.0287785705004 290.77670900694136 English 0
566.2809202395147 308.3512721802801 540.8678915028577 315.58878641363333 526.6460257051949 265.6543378357679 552.0587891350442 258.4168637081072 English 0
559.9009818422928 297.50542173636455 565.6954284785024 283.4764450976935 599.125439651325 297.2832709190486 593.3310592893395 311.3121913541732 English 0
643.5631880213623 310.68880081437595 637.9732498529484 326.9091500634255 586.8520464938047 309.2925822686295 592.4420339999779 293.0723339999879 English 0
350.28021811085637 185.8102572915071 356.1663360000239 139.68359400002606 420.6249364621908 147.9088271705172 414.7390246869327 194.03530235167563 English 0