104 177 166 177 166 210 104 210 Manipuri 0
173 177 223 177 223 217 173 217 Manipuri 0
230 192 291 192 291 224 230 224 Manipuri 0
302 200 373 200 373 233 302 233 Manipuri 0
379 206 485 206 485 245 379 245 Manipuri 0
491 217 588 217 588 257 491 257 Manipuri 0
71 215 159 215 159 275 71 275 English 0
166 226 294 226 294 285 166 285 English 0
303 240 464 240 464 297 303 297 English 0
467 255 592 255 592 308 467 308 English 0
77 276 132 276 132 312 77 312 English 0
133 280 207 280 207 316 133 316 English 0
209 287 253 287 253 317 209 317 English 0
257 289 305 289 305 319 257 319 English 0
307 294 340 294 340 321 307 321 English 0
342 297 391 297 391 327 342 327 English 0
445 308 481 308 481 330 445 330 English 0
482 315 492 315 492 329 482 329 English 0
61 492 218 492 218 552 61 552 English 0
78 581 105 581 105 604 78 604 English 0
111 575 155 575 155 600 111 600 English 0
158 572 173 572 173 598 158 598 English 0
88 551 132 551 132 565 88 565 English 0
593 442 612 442 612 484 593 484 English 0
592 493 612 493 612 540 592 540 English 0
596 546 612 546 612 587 596 587 English 0
421 483 540 483 540 529 421 529 English 0
437 528 479 528 479 544 437 544 English 0
432 601 511 601 511 636 432 636 English 0
453 554 488 554 488 573 453 573 English 0
491 554 503 554 503 568 491 568 English 0
500 574 533 574 533 592 500 592 English 0
484 578 495 578 495 594 484 594 English 0
426 554 449 554 449 575 426 575 English 0
618 299 632 299 632 325 618 325 English 0
631 290 640 290 640 325 631 325 English 0
220 488 231 488 231 498 220 498 English 0
98 472 130 472 130 490 98 490 English 0