116.22284999997646 257.515139 120.28160481757368 192.34073585739833 231.8104664857674 199.28577465566826 227.7523671266681 264.4595554565881 English 0
229.84991800003627 261.88194399999327 230.93408539760276 204.3425747619523 335.9490099197137 206.3210068183327 334.8653810108226 263.85984500909734 English 0
412.12589924019994 271.39879668316007 412.3991221201868 308.237523731566 286.1320702780358 309.172834738853 285.859352999978 272.33460900002234 English 0
209.18065145160654 346.06502266691393 159.1126763176726 345.531573339021 159.3835387298168 320.1261543487727 209.45119899995916 320.6596019999997 English 0
210.56404900002235 343.50080100001594 211.7638603704836 319.3142668942112 249.6468113404262 321.1933282080612 248.44711855599598 345.3797489148269 English 0
245.59137099997315 345.4294669999796 247.3046430962131 317.57600270565996 279.47608680471603 319.5547089734848 277.76293194736354 347.40806214848084 English 0
311.2474202767771 346.46037479745246 275.52550158507074 346.026957787677 275.84750000001804 319.5006500000004 311.56918438464345 319.93406558953853 English 0
342.6649613337213 342.4650428695617 312.81068954871444 342.9861096480148 312.38970730606525 318.8627642326998 342.2438020000118 318.3416989999996 English 0
356.41015065673855 218.79358827303668 328.7025402610743 217.28169695376806 329.8861971961742 195.591070213777 357.5937150000391 197.10295900000088 Manipuri 0
357.9777605170966 196.91649018213616 370.4809005217976 196.89941639029794 370.5142569999589 221.32559800000007 358.0111169954034 221.34267175941005 Manipuri 0
406.6614611139812 197.91327400856773 407.9991251550382 218.94524307990048 371.87187830182665 221.24283174587907 370.5342770000425 200.21092200002496 Manipuri 0