337.51906520519697 318.8843560634246 332.8891619999922 213.45469199998607 468.6241575080203 207.49403899629246 473.2554003022233 312.9222929474942 English 0
335.2437404279044 217.2236812634915 326.5036040000268 314.62371999999436 188.0122757722711 302.1953494163152 196.75358499996946 204.79660700000812 English 0
195.67467805594788 296.3830432565718 107.69103604136035 301.36372721247324 102.23803743181634 205.02722761425792 190.22010999993654 200.04658800000175 English 0
88.9101841399679 301.28094492357724 56.79706398637791 307.733370600568 36.890580453837174 208.66438999208285 69.0031094763981 202.21202512546964 English 0
112.5078892550664 290.2158583916947 86.88259760136134 294.7584800589829 70.78987900000357 203.98140500000324 96.41474755662784 199.43882165662276 English 0
62 155 96 155 96 190 62 190 Manipuri 0
110 161 136 161 136 187 110 187 Manipuri 0
147 156 210 156 210 193 147 193 Manipuri 0
215 150 311 150 311 193 215 193 Manipuri 0
317 154 410 154 410 202 317 202 Manipuri 0
388.8174181724753 378.1781495725076 391.9668300000194 347.2595850000073 469.9787435657345 355.2049708491505 466.8296909645869 386.1232049867926 English 0
368.8161899656552 342.8148762940863 365.7162470000185 370.9395330000199 310.33963337402383 364.8361125626558 313.43975600000704 336.71166199998686 English 0
207.26651928096544 349.01885337851127 211.2839536368847 320.8929529797313 293.98746864935674 332.70486976356864 289.9703661480453 360.8304710992709 English 0
215.56299431875232 324.11462616548795 212.3099910000019 350.8539509999645 174.25386228111165 346.2244225457087 177.5069749999966 319.4852249999838 English 0
107.95375047033303 333.85956288560396 109.40974400000414 310.1184699999654 164.0686355179787 313.47024422692954 162.6128073169093 337.2111800594321 English 0
73.08429563672689 330.1651194049921 76.18802500001038 304.11543800002113 110.35161498482921 308.1855968103891 107.24800248215615 334.2351717061029 English 0
136.8996982137469 368.60622276066863 139.96501000001444 344.5651130000226 189.47951526890392 350.87768567149396 186.4143806679931 374.9186346875095 English 0
226.13727802345238 357.33586930607805 223.62770699997782 384.29895299999913 187.02932540341862 380.89276525872316 189.53901799999585 353.92981700000604 English 0
267.27381096156023 363.43455101861866 262.177073999992 394.4419740000079 216.6617993318505 386.961107020426 221.7586950000259 355.953882999999 English 0
382.92791364401637 382.60550862401556 379.94427700003143 409.31647599998496 288.8952942851756 399.1466173617622 291.8792399999802 372.43600500000616 English 0
309.7762935412902 406.3136408634489 305.12575200002175 430.81060699999847 235.74762692616787 417.6409405027845 240.39836900003138 393.1442390000013 English 0
201.59243153146235 410.1798239277699 204.83767300000181 389.2152570000268 241.26258506621525 394.85299355432744 238.01747307588812 415.8174448745049 English 0
332.5736844015046 535.1792474123603 328.97323319426505 547.4238751522403 292.3226825387974 536.6491625466552 295.9231880000152 524.4046280000342 English 0
297.76239154016366 522.9303380599903 294.54862599995977 537.5569120000309 263.7163232308376 530.7836745845277 266.9301529999939 516.1571909999764 English 0
190.8280546086462 511.88042635967054 193.96898999999394 498.326742999995 224.7486664083408 505.4582363366746 221.60782449915132 519.0118386193022 English 0
269.5001195125951 519.4114055841708 265.7203261755785 531.5327942850654 218.0279205248371 516.6636640991707 221.80777800000214 504.5423920000105 English 0
30 504 57 504 57 534 30 534 English 0
9 341 39 341 39 372 9 372 English 0
13 379 54 379 54 409 13 409 English 0
6 409 64 409 64 445 6 445 English 0
36 449 53 449 53 476 36 476 English 0
0 239 26 239 26 271 0 271 English 0
0 200 16 200 16 229 0 229 English 0
40.61148300002969 564.4547660000076 32.79450802918291 540.688816536423 58.01399700001639 532.3956089999787 65.83103858982213 556.1614295287859 English 0
63.993149707093835 562.8194449126331 72.99274228826107 583.0306958674139 35.37768399997731 599.7753200000043 26.37830315026804 579.5642487658297 English 0
0 81 35 81 35 120 0 120 English 0
0 36 33 36 33 77 0 77 English 0
0 157 17 157 17 188 0 188 English 0
24 282 41 282 41 306 24 306 English 0