116 227 203 227 203 273 116 273 Manipuri 0
213 218 316 218 316 258 213 258 Manipuri 0
325 197 427 197 427 239 325 239 Manipuri 0
147 338 288 338 288 387 147 387 English 0
288 320 432 320 432 368 288 368 English 0
32 402 160 402 160 451 32 451 English 0
164 380 339 380 339 435 164 435 English 0
345 367 430 367 430 402 345 402 English 0
433 352 519 352 519 386 433 386 English 0
176 256 336 256 336 345 176 345 English 0
341 235 510 235 510 323 341 323 English 0
14 263 175 263 175 363 14 363 English 0
283 436 342 436 342 623 283 623 English 0