155.57117511256365 291.2873267785677 155.8352150000428 237.04381400002066 363.7233332217147 238.05416346776929 363.4604105098697 292.296559485703 English 0
519.3278697738424 249.38666720323593 518.1703739999648 303.1632239999845 367.2666533296433 299.91374619866815 368.4249589999672 246.13801599996802 English 0
269.81176475856046 331.1576266672136 269.45606499997666 297.87746600002606 353.569886084515 296.97828179853286 353.92590964031115 330.2581141758202 English 0
357 300 373 300 373 333 357 333 English 0
377 304 422 304 422 339 377 339 English 0
197 341 297 341 297 386 197 386 English 0
311 342 399 342 399 383 311 383 English 0
402 345 498 345 498 383 402 383 English 0
213 394 257 394 257 420 213 420 English 0
258 392 316 392 316 417 258 417 English 0
317 393 351 393 351 418 317 418 English 0
356 394 394 394 394 418 356 418 English 0
291 436 324 436 324 457 291 457 English 0
310 462 346 462 346 484 310 484 English 0
439 395 488 395 488 416 439 416 English 0
214 202 337 202 337 243 214 243 Manipuri 0
347 209 463 209 463 245 347 245 Manipuri 0
37 262 72 262 72 277 37 277 English 0
90 262 118 262 118 278 90 278 English 0