261 285 277 285 277 294 261 294 English 0
276 266 284 266 284 274 276 274 English 0
125 356 142 356 142 368 125 368 English 0
146 354 170 354 170 368 146 368 English 0
210 349 230 349 230 362 210 362 English 0
172 350 210 350 210 368 172 368 English 0
233 346 262 346 262 363 233 363 English 0
262 345 295 345 295 360 262 360 English 0
296 344 314 344 314 356 296 356 English 0
314 343 324 343 324 353 314 353 English 0
325 342 336 342 336 354 325 354 English 0
339 341 358 341 358 354 339 354 English 0
125 344 146 344 146 356 125 356 English 0
151 339 187 339 187 356 151 356 English 0
202 339 221 339 221 353 202 353 English 0
221 338 235 338 235 349 221 349 English 0
361 304 372 304 372 312 361 312 English 0
373 303 388 303 388 311 373 311 English 0
389 300 419 300 419 311 389 311 English 0
408 311 414 311 414 317 408 317 English 0
406 318 412 318 412 324 406 324 English 0
431 325 437 325 437 331 431 331 English 0
383 327 393 327 393 335 383 335 English 0
394 328 400 328 400 334 394 334 English 0
400 326 411 326 411 333 400 333 English 0
456 322 477 322 477 331 456 331 English 0
412 325 428 325 428 334 412 334 English 0
381.0889986385155 325.71743182252976 380.86491200003366 319.9681390000037 402.525289806872 319.12394061599923 402.7493907731696 324.8732184897052 English 0
404.7392161651078 312.07547902495776 404.8688338975626 317.34084296643886 378.830998286503 317.98172287312474 378.701396999968 312.71637499996984 English 0
417.3756410594069 254.0294723963692 417.2897924757126 247.4525664112056 457.90027257862675 246.92243711312543 457.98614571307553 253.49931820703728 English 0
403.55878765556554 254.65481528688747 403.4137919999921 247.36031999996368 417.5130501088279 247.0800716702868 417.65805516624823 254.37455736300055 English 0
392.5865844990767 254.98764045320627 391.2919620000321 247.87870499998436 402.0884799362102 245.91261945147068 403.3831080253003 253.0215476299378 English 0
391.3318683573016 247.7235723274994 391.24870682062465 254.03835113416616 368.28569912555395 253.73592628455742 368.36887400000705 247.4211609999654 English 0
368.3639737667545 247.70085827170078 368.8547030000336 254.9317819999712 353.17038794331893 255.9961360922295 352.6796699999977 248.76522299999107 English 0
352.1844237021287 247.97374070355872 352.42798300001596 255.00763399998672 337.0507058352814 255.54005416947686 336.8071570000029 248.50617100001142 English 0
333.92238240681763 247.57414532747788 334.1688279999653 255.41084800002034 307.6649665522564 256.24424823073707 307.41854100000637 248.4075650000219 English 0
271.5891029528575 254.8189811483485 271.60774000003585 247.78175699998377 306.63576968458074 247.87447371153507 306.6171557385678 254.9116748145376 English 0
253.721479785454 255.12517455457188 253.42658300003677 247.83164900001998 270.7721627141291 247.13034552761172 271.0670708188263 254.42385925111182 English 0
257.2514119999687 273.3959420000317 257.02170571479655 266.02991810952335 273.97462732238637 265.5012697066838 274.2043457191903 272.8672810592933 English 0
306.50744888785994 284.8178275479242 306.6715881266282 291.9246750488421 278.94415561029746 292.56497434159144 278.78003799996804 285.45814799998266 English 0
328.78811880487774 285.1796467941708 328.7438962377928 292.006395599006 307.78458518267144 291.870602444288 307.828823000018 285.0438689999703 English 0
330.3133506753511 291.1451406088789 330.1602589999675 284.72688300000334 364.1940461339982 283.91509153858493 364.3471605947707 290.33332576907316 English 0
382.1065757612814 283.12871811203377 382.23028200001863 290.27264799998176 364.49938049845514 290.5796383812652 364.3756880000001 283.43572200003547 English 0
381.9691481411428 289.9142865633362 381.93133200002194 282.7351430000358 401.7715869262611 282.63062745056243 401.8094181520428 289.8097558485324 English 0
300.4697089677211 282.3495408158628 300.29478900003596 275.68114700000683 331.52831826017064 274.8618616071376 331.70325922554184 281.5302338328565 English 0
277.7385874337051 282.78178195672757 277.78590200003237 275.880328999993 299.7779214238835 276.03107456619347 299.7306227343506 282.9325117545789 English 0
285.2255557105673 273.551037942322 285.18032500003756 266.4850089999705 321.05026673409157 266.2553607375192 321.095522718897 273.3213642398628 English 0
273.61849990127666 263.9442032341991 273.468400999991 257.0106840000167 299.07185444550123 256.45641795235707 299.2219701472641 263.3899199918584 English 0
272.68569769061287 256.7586202144355 272.74136 264.50606700001504 254.77604472223902 264.63511130161623 254.72039599997515 256.88767799998607 English 0
269.05546983281965 238.66018646371333 269.0309189999971 246.13303500000669 251.541359429757 246.0755587599387 251.56592200000887 238.6027219999801 English 0
267.1294274817774 228.9659446553847 267.38010699998995 236.2420239999836 250.52277754541137 236.82276072216635 250.27210899999773 229.5466920000084 English 0
298.2203470989043 230.1284518916995 298.15462400001707 236.9279100000075 282.26857061665214 236.77434673973158 282.3343030000251 229.9748980000068 English 0
299.0028954922309 236.95432048122638 298.8735820000147 229.88410600000375 308.7697486363322 229.70311232808115 308.8990680866118 236.77332073460855 English 0
344.72592496815196 230.5703349017263 344.7119736285822 237.17204016486548 309.42336144777073 237.097404003269 309.4373330000235 230.4957190000255 English 0
367.85948180084233 230.41323866601778 368.1343850000121 237.0704050000225 346.97141844721045 237.9442540568887 346.69652799995674 231.2871000000287 English 0
369.7340570000233 237.06810099997182 369.6395753022807 230.85516568055706 382.27027374457975 230.66309210591493 382.3647621610871 236.8760205922082 English 0
382.43767371881404 237.22364683916894 382.42959910683567 231.6074466428322 417.88330018811394 231.55642972462434 417.89139213193266 237.17261256161873 English 0
435.6809009757126 231.12584881894168 435.789431000012 237.11012000003396 418.6631499376381 237.4206902512034 418.5546289999911 231.43642799998108 English 0
417.1654659871274 239.03390522271047 417.11894715008384 245.9834592798883 378.4877971320384 245.72480187723863 378.534340000042 238.77527199999776 English 0
358.3993036054744 245.90808504057213 358.17379100000835 238.85026199998708 376.5702467742085 238.26247212877712 376.7957706859306 245.32028346522864 English 0
346.4620941409521 239.254711261367 346.3758609999786 246.3378330000025 332.4723570806236 246.16855984776828 332.55859900004 239.0854469999638 English 0
332.7014717183192 239.54601423613582 332.5753380000242 245.41435400002467 319.1769343521446 245.12637067577793 319.3030749999889 239.2580379999782 English 0
301.7320465517696 238.78652969319995 301.67860000001383 246.10224200000619 269.69361052135355 245.868522224834 269.74707800000033 238.55283099996888 English 0
318.1183739867265 238.86491561145402 318.5845680000057 245.1911089999823 309.79749466103385 245.83861736562528 309.33130600002187 239.51242899999238 English 0
227 229 245 229 245 295 227 295 English 0
223 313 247 313 247 325 223 325 English 0
200 312 221 312 221 324 200 324 English 0
160 313 200 313 200 329 160 329 English 0
139 314 158 314 158 327 139 327 English 0
125 316 138 316 138 328 125 328 English 0
169 243 195 243 195 261 169 261 English 0
433.7037442201108 280.54968320078 434.12156200000027 287.1570879999648 402.2942391812103 289.1694954734758 401.87644500001625 282.56211300003326 English 0
353.8939438499074 210.73085802733806 330.95918734361476 213.21825171383168 327.6041699999769 182.2840470000035 350.53882300846453 179.79665897792117 English 0
281.40558153536404 208.3774704936332 281.84149000000616 180.15803899996686 331.48811107923393 180.9248749687818 331.0523056083912 209.14420510921414 English 0
354.1205745263869 210.91178955661715 354.3004749999818 182.87863300002667 416.6655061671918 183.27877064528502 416.4857347783254 211.3117985041016 English 0
200.3292938980303 205.59560818092518 201.4012619999994 175.5130570000315 285.9906284569297 178.5270947499062 284.91884844384913 208.60946355813726 English 0
409.2794251834857 172.0039647515677 413.41540890571196 167.44098842367765 440.9226829497493 192.37358821213618 436.78671116023907 196.93655305601683 English 0
396.3264579683164 169.86677527354658 400.44449186236307 165.271171073027 447.6090635321452 207.53333800422212 443.4910509769543 212.12892175398818 English 0
386.0263138019218 223.73746482898045 385.775941000029 214.51166300001637 435.40333588542126 213.16482766814562 435.6537448632298 222.39059217571022 English 0
383.47085477777 214.21536677721474 383.1859964888281 224.06670813723136 293.4064882335224 221.47039784138622 293.6914160000015 211.61912799999752 English 0
234.70024447728065 160.80871216319338 233.10741499997675 172.86548400003116 202.5905663600861 168.8339211759579 204.1834150000068 156.7771720000154 Manipuri 0
256.0975383879122 161.75607745852858 254.48920299997553 173.59821300002187 235.54453489261505 171.02528553428513 237.1528820000094 159.18316399997542 Manipuri 0
279.12675458486774 162.82668164951033 279.0189300000202 173.1694839999867 256.5840620878589 172.93558181876367 256.6919010000129 162.59279400003237 Manipuri 0
284.37444307812257 173.71838131890217 284.6151909999753 165.29567100003223 310.7759137346875 166.04339740401699 310.5351801197685 174.46609379767762 Manipuri 0
351.99986270621594 168.01465199528616 351.70755300001474 177.16015299997554 314.0365279909747 175.95607696937492 314.32885900001565 166.81059800000207 Manipuri 0
387.16275750208297 169.0109104792429 386.84364100001403 179.56215299996617 354.0932128737768 178.57161022944842 354.41235099999176 168.02039000001423 Manipuri 0
117.09199155215174 191.12194313826947 117.59422399998584 180.50941000003002 195.64849933274672 184.20301166516816 195.14632731610618 194.81548684944386 English 0
147.80636144278105 194.8403807756339 147.32155999998213 203.67122399999334 121.84264892312058 202.27247365049934 122.32746599998791 193.44164699997572 Manipuri 0
164.68331169460726 196.02593481810916 164.1130929999781 203.84748299998398 148.14294477830117 202.68322290572797 148.71317199998884 194.86168399998687 Manipuri 0
195.7326358318096 197.51774506332654 195.538510999977 204.83790499996473 166.96168697511894 204.0800543285465 167.15582700002415 196.7599100000054 Manipuri 0
137.8708006688248 181.33272628986916 121.4342965096148 181.80587646512632 120.63505899997836 154.04119000000085 137.07150627356896 153.56804064387543 English 0
145.69995500001824 156.08938200000085 163.05478137437603 154.77286242367046 165.21110800000315 183.19774200000023 147.8562819000217 184.51425921060846 English 0
170.4205560000264 158.17984899999806 191.44401874676987 156.00237725887234 194.16303300000436 182.25388599999943 173.1395708216587 184.4313541015941 English 0
472.22314428785467 292.09963461722805 471.69262000003073 272.16565100002606 528.6935989632912 270.64860170722665 529.224238891984 290.58246633605336 English 0
561.2889173177973 271.49934484753027 562.2114929999952 290.6348960000075 525.2275820705108 292.4177738176169 524.3050840000069 273.28229699997746 English 0
579.6035228221444 288.87240675098826 562.6342079556343 295.21125253279865 554.2424149999715 272.7473399999989 571.2116529825289 266.40851012391454 English 0
615.0810698344867 268.60752647539766 616.9511519999651 288.0166900000229 579.1176480155991 291.6616367515543 577.2476489999826 272.25254999997725 English 0
540.7262818302115 257.0401538245749 541.0156499999721 268.2465399999692 508.6706238357874 269.08162978251147 508.3812919999764 257.8752790000327 English 0
541.0668462731701 268.399544592082 540.507265999986 257.65854099998984 554.0834385385824 256.9512889349139 554.6430322749802 267.6922782773214 English 0
571.4931136074301 255.1689549974142 573.0415019999782 267.2982170000049 555.9964899650367 269.47399968193315 554.4481240000459 257.3447580000206 English 0
516 237 530 237 530 251 516 251 Manipuri 0
495 236 515 236 515 253 495 253 Manipuri 0
531 240 540 240 540 250 531 250 Manipuri 0
542 240 551 240 551 251 542 251 Manipuri 0
553 240 570 240 570 253 553 253 Manipuri 0
570 292 604 292 604 308 570 308 English 0
569.2865181648085 293.7181110281558 569.7140679369477 306.437197077259 507.1770478133112 308.53896485561893 506.74958999996306 295.8199679999847 English 0
497 325 515 325 515 335 497 335 English 0
517 323 532 323 532 332 517 332 English 0
532 323 553 323 553 332 532 332 English 0
552 323 564 323 564 330 552 330 English 0
564 322 581 322 581 331 564 331 English 0
580 321 600 321 600 330 580 330 English 0
600 321 610 321 610 328 600 328 English 0
609 320 614 320 614 327 609 327 English 0
614 320 620 320 620 328 614 328 English 0
620 318 632 318 632 326 620 326 English 0