36 185 144 185 144 246 36 246 English 0
147 183 238 183 238 242 147 242 English 0
36 237 112 237 112 277 36 277 English 0
11 306 231 306 231 349 11 349 English 0
0 185 31 185 31 237 0 237 English 0
1 239 36 239 36 277 1 277 English 0
34 273 121 273 121 305 34 305 English 0
156 153 192 153 192 177 156 177 Manipuri 0
196 150 229 150 229 175 196 175 Manipuri 0
237 151 273 151 273 174 237 174 Manipuri 0
457 309 640 309 640 421 457 421 English 0
501 271 640 271 640 318 501 318 Manipuri 0
477 414 517 414 517 487 477 487 English 0
518 421 586 421 586 469 518 469 English 0
576 426 640 426 640 470 576 470 English 0