337.54707801461336 319.4964440336266 336.5996879999875 213.96942200002644 472.4602509723627 212.74958052719705 473.40905046643456 318.275175363986 English 0
338.8214493972919 217.818306898435 326.687271999981 314.85396799997875 188.7139269259933 297.59992772990665 200.84920399996918 200.5655479999847 English 0
196.57458602028782 292.0585395260824 108.47075159064843 293.9657357614253 106.38318505014468 197.49758765824674 194.48548200001824 195.59040800000002 English 0
89.70419527882768 293.2274377486117 57.38550083893642 298.5552542379678 40.94862836194807 198.85183381297082 73.26674326024659 193.52406574605885 English 0
113.67370383843081 282.99263729702653 87.90550088626333 286.6382249057226 74.99068100005388 195.35477199999522 100.7584686485643 191.709214160019 English 0
68 147 101 147 101 181 68 181 Manipuri 0
116 155 141 155 141 180 116 180 Manipuri 0
152 152 214 152 214 187 152 187 Manipuri 0
221 150 316 150 316 190 221 190 Manipuri 0
323 157 414 157 414 202 323 202 Manipuri 0
386.74499120446853 380.54438439312725 390.9716440000193 349.7545850000164 468.6588632224448 360.4177469370921 464.43257946753874 391.20721384052285 English 0
367.99031339018256 344.5046483646004 363.9106339999853 372.503975999971 308.7806754605117 364.47165502038047 312.8605239999888 336.4725330000102 English 0
206.32239124621265 345.06682271120553 211.31902710854774 317.0982727911821 293.5600007458561 331.7893196551911 288.56369818044186 359.7575743316935 English 0
215.48308292425645 320.4673317786358 211.29880599997705 347.0768280000241 173.4273658983875 341.1219752192034 177.61174400002346 314.5126040000189 English 0
107.59917823736032 326.45080799625697 109.88289000000805 302.77499500003546 164.3915682282386 308.0322989422751 162.10802220579353 331.7079584320883 English 0
72.87990396827809 321.54168616655807 76.89091200001712 295.6161990000151 110.89169805265556 300.87617833089223 106.88080562416872 326.8015621393163 English 0
135.31484270606597 362.1864944046444 139.2173719999846 338.26701899997624 188.48147752913064 346.3037888325796 184.57912506310095 370.22310675546726 English 0
224.89153807597177 354.0373744597338 221.4424130000407 380.8964399999742 184.985119390185 376.2150581023855 188.43435800001316 349.35612600000275 English 0
265.79018376913154 361.56799349092745 259.61431099996844 392.3786350000063 214.3877505081764 383.3138542656403 220.56376900000032 352.50340900001385 English 0
380.70478252535395 384.76353465853447 376.7906600000424 411.3540919999947 286.1519667558605 398.0128654431397 290.0663799999893 371.4226619999854 English 0
306.77031611048733 405.9042834972447 301.26757899997756 430.2240010000235 232.39124283580168 414.6410798590367 237.89416300001903 390.3216240000066 English 0
198.5172586023691 405.9925102526189 202.49224899998808 385.1539849999915 238.69829429233505 392.05951479008297 234.7234335214307 412.89792611713096 English 0
325.0564363151352 535.4870024714372 321.03077264895546 547.5984897644585 284.7785252211179 535.5512371763015 288.8042359999963 523.4398419999893 English 0
290.6938612558588 522.0306606678004 286.9715030000225 536.5361419999697 256.39427873400564 528.6909789809425 260.11669500003336 514.1855869999702 English 0
184.2101448669564 507.2554836660752 187.8222509999614 493.81969199998883 218.33436255074048 502.02105534612144 214.72234924440272 515.4567672811284 English 0
262.57157710468164 517.5275324405287 258.3709944203292 529.5095986310847 211.22652061196277 512.9850665445731 215.42715800002043 501.0031150000014 English 0
24 495 50 495 50 524 24 524 English 0
8 332 37 332 37 362 8 362 English 0
11 370 51 370 51 398 11 398 English 0
3 400 60 400 60 434 3 434 English 0
31 440 47 440 47 467 31 467 English 0
0 229 28 229 28 260 0 260 English 0
5 189 20 189 20 218 5 218 English 0
32.25033100003202 554.5553319999934 25.26774648533319 530.5309863971986 50.76109200002975 523.1230430000334 57.74375166918617 547.1472605459446 English 0
55.674824985690066 553.7370151301958 63.96339307248127 574.2501027071655 25.787049999999 589.6717130000202 17.49869365201448 569.158804808588 English 0
6 71 43 71 43 109 6 109 English 0
0 26 42 26 42 66 0 66 English 0
1 146 22 146 22 177 1 177 English 0
26 272 42 272 42 296 26 296 English 0