342.24673683958827 168.99690814138907 324.53248044257634 251.34857326848766 63.878460683554295 195.2789256781 81.59377900003165 112.92873599998978 English 0
562.3983487576334 214.0842079542028 546.9590194623743 286.8459527711102 314.3562112257496 237.48885533320717 329.79658800002653 164.7285610000216 English 0
275.3222450221074 382.5742693784367 279.4339300000138 334.7337220000344 357.6593317971128 341.4560755248703 353.54819115338614 389.2961155902281 English 0
351.8037924059172 388.1928656370104 356.01409100003366 345.8373600000292 452.27326586558775 355.4046039357446 448.0635820901807 397.7595418524893 English 0
280.8881075461977 432.4272009181354 282.61219499996514 385.4731080000287 356.6442605150951 388.1910020214484 354.92072290689975 435.1445618708305 English 0
287.40437696294975 484.72634098563105 287.92157700001553 435.9885060000352 388.9059650485433 437.0595403254072 388.3896180470765 485.7965300159754 English 0
295.5420292501367 536.3136075445369 295.89301500003785 491.33145499996635 369.41090781117964 491.9048020828476 369.06055924730026 536.8863216037538 English 0
371.68718857472413 542.5638804325922 369.28018200000224 492.55600400003266 462.128841957674 488.08745532650244 464.5366936712526 538.0944399472336 English 0
301.2291120000009 591.0295979999738 299.3368568406004 545.1664203886669 395.4170750081539 541.2027191592042 397.3102184601885 587.0649665517279 English 0
489.8800556638889 539.5546595851916 493.49745400002575 584.1081620000137 400.8912580438482 591.6239009117629 397.2747920000256 547.0712680000066 English 0
365.4597101301624 329.9163611066604 370.59514599997783 293.23139400000576 432.6209357871994 301.9135180084418 427.48579989645805 338.5982150617668 English 0
473.8587962921156 308.9959997246404 468.6720300000161 342.44556099997703 425.2516211335751 335.71301682902657 430.43853000002855 302.2636309999939 English 0
151.81486754925572 296.91500179266154 158.03634700001567 259.3914439999738 286.8224276838009 280.742584355954 280.60154096543556 318.2656143728679 English 0
284.8973410000326 320.87874900001106 289.0317823904479 282.64925142047036 365.7227121221513 290.94251938402704 361.58863742901303 329.1716793660547 English 0
333.27228959766217 252.4649269987258 358.43840399997134 252.5446194346669 358.2949820000067 297.8334799999999 333.1288675990072 297.7537879328827 English 0
358.7299688258645 288.5814283399239 364.349258000002 254.30594900002734 406.1671546976868 261.16140060151787 400.5480328399426 295.43673067189025 English 0
400.10598761364236 294.71564136714767 407.72133099999337 263.792557000006 456.448752169963 275.79179160336423 448.83359953390027 306.7147111991876 English 0
254.00048306088138 277.2172674651013 259.97852400003467 238.4622020000347 330.50878287154774 249.34098627570734 324.53104514061124 288.09578076347697 English 0
386.391460703162 145.90047169154312 379.24886702836375 173.7866356351738 290.87374552807887 151.1508631115779 298.01642999998876 123.26483900001804 Manipuri 0
218.5401204644586 425.47194370662845 212.32352599996375 450.1315320000245 158.5129098593461 436.56762706433483 164.72964799999318 411.9082579999974 English 0
156.27677045791643 449.0082733403614 165.00190020327864 430.28910437731304 223.81071470976167 457.69602246758757 215.08582573209424 476.41498657573084 English 0