117 224 204 224 204 269 117 269 Manipuri 0
214 218 317 218 317 257 214 257 Manipuri 0
327 199 429 199 429 240 327 240 Manipuri 0
146 338 286 338 286 384 146 384 English 0
288 322 432 322 432 368 288 368 English 0
30 399 158 399 158 446 30 446 English 0
162 380 337 380 337 432 162 432 English 0
343 368 428 368 428 402 343 402 English 0
432 355 518 355 518 388 432 388 English 0
177 256 336 256 336 342 177 342 English 0
341 238 510 238 510 323 341 323 English 0
15 261 175 261 175 359 15 359 English 0
281 436 337 436 337 622 281 622 English 0