233 238 250 238 250 253 233 253 English 0
253 239 314 239 314 263 253 263 English 0
232 264 274 264 274 286 232 286 English 0
276 268 331 268 331 290 276 290 English 0
229 292 255 292 255 310 229 310 English 0
259 294 290 294 290 313 259 313 English 0
378 255 416 255 416 275 378 275 English 0
420 260 492 260 492 284 420 284 English 0
378 282 405 282 405 300 378 300 English 0
408 286 434 286 434 303 408 303 English 0
438 289 482 289 482 308 438 308 English 0
378 308 426 308 426 328 378 328 English 0
429 314 486 314 486 336 429 336 English 0
532 272 567 272 567 290 532 290 English 0
569 277 613 277 613 298 569 298 English 0
534 298 581 298 581 318 534 318 English 0
534 325 569 325 569 343 534 343 English 0
364 219 399 219 399 237 364 237 English 0
402 224 437 224 437 242 402 242 English 0
444 229 491 229 491 248 444 248 English 0
461.74435503904533 219.8713253361869 466.4303959999961 185.93541099997282 619.3475671535998 207.0496279429039 614.66198779759 240.98512594741157 English 0
370.93898146937136 209.605002241922 375.4045110000152 174.75416700001216 457.08945917722303 185.22025810003524 452.62416230638337 220.07088226132942 English 0
367.99045057356125 169.73456858659165 362.4255339999945 208.93257999998113 212.8165402882587 187.6922568449382 218.38178300000436 148.49463800000854 English 0
342.0056371411192 160.30887836468426 345.56476300000213 136.32835199999687 394.3284263106034 143.56557459017526 390.7693749860482 167.5460341619505 Manipuri 0
394.0650800000003 167.71865199999525 396.71874759034836 142.49590674557328 434.66419837735884 146.48803818689225 432.0105920406786 171.71072714887035 Manipuri 0
505.3115464509028 160.32628767509436 502.2580641083914 182.64785488109877 435.788202001786 173.5551093353919 438.84176200001093 151.23363499997944 Manipuri 0