243.31946423189947 431.2329772846805 246.10354000004008 348.42391499998917 415.4615418533649 354.11619739482484 412.67958848875423 436.92319287272585 English 0
380.03481050873233 459.8433637288517 381.1937147130084 440.3229151970965 434.8994251504337 443.51072793625906 433.7407068964967 463.03099997867275 English 0
253.01437824185996 480.8494120768528 253.15872999999556 458.87358000000796 324.486003156926 459.3417368071471 324.3419273500331 481.31729425153736 English 0
327.270318067458 482.1464986692825 327.1537289999833 461.4040799999904 380.2840755149373 461.10534498670006 380.4008568536665 481.84757023754173 English 0
383.8321871685912 481.55330924827285 384.2286079999758 464.29226400001136 432.5335583875858 465.40133226008084 432.13728767223074 482.66223062552126 English 0
383 353 394 353 394 372 383 372 Manipuri 0
393 357 410 357 410 376 393 376 Manipuri 0
409 358 420 358 420 377 409 377 Manipuri 0
420 360 430 360 430 378 420 378 Manipuri 0
276.12469383864664 217.01895595728166 268.92994444147917 240.4157992856737 196.3848665504338 218.10803445860034 203.57969600001525 194.71133499999502 Manipuri 0
210.32571046271187 196.03083565961066 202.5691545313748 223.23859974310622 123.2373354252195 200.6225759086239 130.99398999998812 173.41497800000795 Manipuri 0
360.24065695695754 236.9003321300724 352.2693117734889 265.92946270573685 263.2246037063305 241.47854263616026 271.1960959999851 212.44964899996776 Manipuri 0
412.7314534891775 257.33393906757124 405.25502241172944 279.1140278058348 347.02682380913757 259.126875110686 354.5033179999882 237.3469149999832 Manipuri 0
460.9194915241096 275.0871671983999 453.7489889689459 294.4382614160487 398.9447300057509 274.1316237591052 406.11528300003556 254.7806450000004 Manipuri 0
55 602 120 602 120 640 55 640 English 0
-9.766781263169833 157.879972268897 0.036469641563599 126.93094146052523 100.0235880742548 158.60162528715603 90.22056157889892 189.5504649467585 Manipuri 0
461 558 511 558 511 593 461 593 English 0
485 587 504 587 504 600 485 600 English 0
447 607 472 607 472 618 447 618 English 0
478 604 496 604 496 614 478 614 English 0
501 601 519 601 519 611 501 611 English 0