27 198 139 198 139 266 27 266 English 0
138 189 233 189 233 254 138 254 English 0
31 252 110 252 110 297 31 297 English 0
12 313 233 313 233 371 12 371 English 0
0 206 26 206 26 260 0 260 English 0
0 259 33 259 33 299 0 299 English 0
31 287 120 287 120 325 31 325 English 0
145 162 182 162 182 188 145 188 Manipuri 0
184 157 219 157 219 184 184 184 Manipuri 0
225 155 262 155 262 180 225 180 Manipuri 0
457 287 640 287 640 411 457 411 English 0
497 249 639 249 639 305 497 305 Manipuri 0
483 400 528 400 528 475 483 475 English 0
524 402 595 402 595 455 524 455 English 0
583 403 640 403 640 451 583 451 English 0