318 251 595 251 595 328 318 328 English 0
11 373 48 373 48 393 11 393 English 0
49 372 75 372 75 388 49 388 English 0
76 365 134 365 134 390 76 390 English 0
138 362 173 362 173 381 138 381 English 0
176 353 243 353 243 379 176 379 English 0
246 349 290 349 290 372 246 372 English 0
295 346 326 346 326 364 295 364 English 0
339 248 411 248 411 278 339 278 Manipuri 0
422 230 550 230 550 273 422 273 Manipuri 0
327 340 392 340 392 364 327 364 English 0
395 335 436 335 436 354 395 354 English 0
438 332 463 332 463 351 438 351 English 0
469 326 508 326 508 345 469 345 English 0
514 323 552 323 552 344 514 344 English 0
563 316 608 316 608 336 563 336 English 0
552 323 562 323 562 338 552 338 English 0
7 335 72 335 72 362 7 362 English 0
74 330 136 330 136 358 74 358 English 0
138 330 153 330 153 351 138 351 English 0
155 320 224 320 224 349 155 349 English 0
227 318 260 318 260 341 227 341 English 0
51 392 141 392 141 417 51 417 English 0
150 376 280 376 280 409 150 409 English 0
287 370 354 370 354 393 287 393 English 0
368 359 460 359 460 385 368 385 English 0
0 228 326 228 326 373 0 373 English 0