11.418248152913293 234.1828876974596 17.722698204015614 226.1856660144254 38.41625309905794 242.49833742176716 32.11182331950113 250.49554042776646 English 0
35.49512360979861 251.5360324394809 40.060129999983474 242.14886500000705 75.96566804364556 259.6089671257448 71.40070346831635 268.9960989103655 English 0
72.01569754557568 269.0341065456213 74.34139099997992 257.38729199998687 96.19998300418956 261.7518890993307 93.87431881455996 273.39867797638146 English 0
96.74477300002764 273.54192099996715 96.42935792493518 263.63974830525217 125.0110118270095 262.72935758641415 125.32645419742039 272.63150198033173 English 0
126.7410089999612 270.20763899999116 123.51240473930375 260.3587776112431 154.32491300001857 250.25845899998333 157.55353332446248 260.1072893969165 English 0
102.00741100001324 239.48976000002713 96.5377143733349 230.88229524345246 129.78581298964855 209.7552483423411 135.25550592079526 218.3626848372994 English 0
53.25344700002461 212.67410099999796 59.26966587903735 202.89102620335564 99.32006348819414 227.51960780692812 93.30388784153911 237.3026448428397 English 0
140.33516370487632 193.42495038955178 130.4136137731257 196.33397278196213 116.2496395175549 148.02714211524201 126.17113000000245 145.11812900000893 English 0
167.85511867208697 216.01959381212853 172.78648400002567 160.88223600001203 389.3893422871042 180.2530075644837 384.45893027885177 235.38947666451392 English 0
229.7242974153778 261.79626432001083 231.03642100002617 237.5640289999956 341.7503853996459 243.55823597615685 340.4385269450722 267.79021847575655 English 0
341.37611659309187 267.9030824034833 342.31673299997055 246.58458799997928 405.4199877087376 249.36856955628255 404.4795061949844 270.6869345906157 English 0
283.2594946044992 294.7751308620062 284.03420599999663 269.96353800002345 347.7137223135651 271.9516162091587 346.9391826103674 296.7630418203641 English 0
346.30877948853595 295.4053502062782 347.6083639999706 274.83972400000147 406.97790738959156 278.59106480437595 405.67846098820155 299.1565602348009 English 0
464.79160435796075 279.6934685413616 464.12549599997874 301.5651909999753 406.90607905235083 299.8224247191701 407.57231800002046 277.95083700000583 English 0
428.0429628791171 325.5432406981438 427.96342699999514 303.46036500000815 455.9190272853448 303.3596752532301 455.99863514675235 325.44247869966745 English 0
214.01715475833043 361.8993382988435 214.07496100000571 333.43085399996454 258.39146624159184 333.5207942937104 258.3338236418058 361.989114893037 English 0
410.7025037296262 275.1557986733958 411.4297970000189 251.56134899999478 490.0113769064046 253.9832817957554 489.2842716427549 277.57754833748754 English 0
580.4755372632644 263.03606601090746 579.0505518780992 285.43172937493625 488.0210480473761 279.6395293829118 489.4462249999924 257.2440720000237 English 0
524.1160677422886 283.11582845970304 523.5910699999658 305.87498900001765 472.6268705284019 304.69924180257897 473.1519919999846 281.9402079999823 English 0
523.0266853405192 304.3277804327841 523.3870559999923 283.99776699999916 557.018331411964 284.5938541394152 556.6580369604344 304.92379265636725 English 0
517.3783738269412 204.03279912089948 511.5442484785308 249.77964386795335 375.555650758688 232.43654355963395 381.390207000004 186.69020400000124 English 0
505.707114351535 246.12969268276777 509.23941699998977 204.22295899998088 601.4764468758221 211.99710896386665 597.944499093137 253.9035116274732 English 0
268 331 293 331 293 364 268 364 English 0
309 331 327 331 327 363 309 363 English 0
332 332 379 332 379 363 332 363 English 0
382 332 423 332 423 362 382 362 English 0
432 334 465 334 465 364 432 364 English 0
531.0209031280101 361.34142216744544 530.3192580000177 337.9633950000092 584.3277717453748 336.3424754313975 585.0295756052219 359.72033864727564 English 0
586.8410853700334 359.5705574463397 586.5300130000105 336.5809360000046 618.0980650535639 336.15381577168375 618.4092300558405 359.1433430051753 English 0
542.4888027529232 173.4478683298904 540.1334279999719 190.87820500002726 474.0230628847348 181.94469188820977 476.37850200000685 164.51443199998877 Manipuri 0
352.7316006956971 171.82549110290358 355.3820000000269 143.4956980000003 475.5543673346983 154.73792061395648 472.90419286102406 183.0675048347463 Manipuri 0
234.4129038329993 151.3323424993085 238.3761019999656 120.31354599996976 353.72539153002435 135.05100632125408 349.7624058155634 166.06960943705243 Manipuri 0