189 240 304 240 304 301 189 301 English 0
297 238 382 238 382 287 297 287 English 0
148 252 169 252 169 303 148 303 English 0
169 251 198 251 198 304 169 304 English 0
187 226 219 226 219 244 187 244 Manipuri 0
220 225 249 225 249 248 220 248 Manipuri 0
249 216 293 216 293 245 249 245 Manipuri 0
288 210 349 210 349 248 288 248 Manipuri 0
0 238 64 238 64 299 0 299 English 0
133 317 178 317 178 339 133 339 English 0
177 307 248 307 248 336 177 336 English 0
245 306 282 306 282 329 245 329 English 0
279 302 320 302 320 329 279 329 English 0
320 297 351 297 351 326 320 326 English 0
350 292 402 292 402 332 350 332 English 0
552.0277105475543 192.64876274276492 570.5337528594828 206.18563532952126 535.2064439999958 254.47920400000382 516.7004591081059 240.94239879260675 English 0
548.2888290000119 302.44112999998714 534.9472521711141 291.2975470253029 572.9971945379657 245.7451963817026 586.3386721866846 256.88871207119985 English 0
522.4584499999764 324.4617710000001 511.70823701984773 312.8357438769553 534.2406825283979 292.00222048463473 544.9908622084331 303.62820682973245 English 0
516.9356040000275 302.51886000002014 506.9352845360845 292.20597976605455 534.7307110000111 265.2546280000203 544.7309913894424 275.5674660531021 Manipuri 0
550.5113829999755 270.0312649999919 534.9867490003089 255.26631539560302 566.396167999992 222.24239400000872 581.9207323135197 237.00728160347043 Manipuri 0
546.8317810000008 464.54813899998646 539.0722100120911 437.6392909913777 575.0779619999958 427.2579960000344 582.8376323018165 454.1666769599003 English 0
566.2249779999547 480.7430489999845 559.7933298000862 456.6040377606099 612.9852519702399 442.43358794929736 619.4170441918686 466.5723710103103 English 0
535.6894640000246 412.0921350000089 527.8178113147442 394.24770642816736 571.2053120000201 375.1104629999977 579.0770015686576 392.95476811722926 English 0