195 73 285 73 285 143 195 143 Manipuri 0
294 94 407 94 407 167 294 167 Manipuri 0
101 138 127 138 127 156 101 156 English 0
135 177 176 177 176 210 135 210 English 0
179 161 305 161 305 235 179 235 English 0
304 185 446 185 446 260 304 260 English 0
136 255 156 255 156 283 136 283 English 0
157 257 309 257 309 312 157 312 English 0
309 288 367 288 367 322 309 322 English 0
368 296 428 296 428 331 368 331 English 0
103 312 158 312 158 343 103 343 English 0
159 320 230 320 230 354 159 354 English 0
232 332 280 332 280 362 232 362 English 0
283 344 333 344 333 370 283 370 English 0
335 350 374 350 374 373 335 373 English 0
382 355 440 355 440 384 382 384 English 0