151.26791673559637 291.4224835959259 160.50776199997927 255.3399620000245 281.3563315461215 286.28401544475855 272.1170493162208 322.3660508003786 Manipuri 0
384.7634211805416 323.49007114358983 378.5438100704778 347.9305885368692 271.34726199816214 320.6525715538605 277.5670839999657 296.2123780000007 Manipuri 0
379.2193307026173 352.07889955252875 385.83411499996146 324.34962600002666 472.2180893730547 344.95433166422794 465.6036745668098 372.6832849474091 Manipuri 0
100.0679160245636 353.0272294798348 108.68594500003383 296.0417449999693 279.74689450653386 321.90849141663335 271.1302534111019 378.8927265218582 English 0
275.79333155030326 382.46693004729366 286.4072170000145 336.48290300000247 390.04400531193824 360.40131125741794 379.4308993880986 406.38466183891575 English 0
514.1479293158773 389.2558635933182 503.9195534076134 432.79190937713406 367.8291304112645 400.8207552578006 378.05811899997934 357.28560000002335 English 0
253.03491367136303 390.79365049178944 299.68182990116475 402.42504714461677 293.4817679999833 427.28686599999776 246.8348678694747 415.6555146264364 English 0
294.66184710516245 421.77176133898 297.1642270000302 399.61358600000233 321.62746301655716 402.37594178216204 319.1251746637863 424.5340332527922 English 0
211.28054187713133 430.9997608480833 214.733441999997 408.843042999997 262.3463725773763 416.2619782429688 258.8936608815129 438.4185276966723 English 0
257.00319861825847 436.2191660671244 264.2328090000228 415.04120400001534 293.97925547084014 425.1944881631991 286.74977066912106 446.3723435564956 English 0
291.9109021598706 445.33111043157885 293.5967779899511 420.83969707750276 336.39353970262164 423.7851843943871 334.70784407407336 448.2764273277028 English 0
331.9540043145389 452.70056829684273 336.3937282873667 429.06041218856774 385.30138430382067 438.2440827108153 380.86188168839726 461.884043604247 English 0
377.236189000032 440.4839269999986 403.27060612522473 433.0269794205582 411.56364832946565 461.9761711088074 385.52924680669094 469.4330809395183 English 0