142.0049162030773 216.4379526483073 178.04484667489305 245.8566521260103 109.00539132155245 330.4297856344966 72.96575711363403 301.0114128473198 English 0
199.99155999998038 247.88256399998926 186.1217768843926 158.09449790296898 401.758370000025 124.78451200001233 415.6292544423195 214.57117632425167 English 0
413.3690040570218 149.30519513881026 456.2520739658794 151.62160784210664 451.4759001370112 240.03924690694834 408.5928313698241 237.72284908096498 English 0
427.99631943598797 218.95961838781733 464.4167645832931 172.4640955552984 550.8875812356564 240.19525456313175 514.4676126553532 286.69033906360016 English 0
138.71959799995238 384.100108999989 134.70300277287606 346.96154757224065 479.7745715199562 309.63775344654505 483.79262076472514 346.774650579403 English 0
169.5003016800183 386.22567799577917 174.59747086410061 446.8342266344624 72.23702099996444 455.4402390000257 67.14089718465402 394.83266309517313 English 0
304.48708225500013 369.891954499039 310.22664925811114 434.73869544520153 181.2548316498578 446.15059514900145 175.51663599995663 381.3051269999915 English 0
317.09398999999394 428.632192000025 310.8505113519641 369.22429988322347 407.08776799998304 359.1111039999869 413.33198638734757 418.51815483293717 English 0
489.11369700857904 412.6972856872318 419.80572436892544 419.0607366756495 414.2463000572752 358.5102145283346 483.55307199999515 352.14681899999783 English 0
562.4043656719005 344.9308407830202 567.1428162021766 408.84901685818625 497.92880236243946 413.97883845054685 493.1910190000053 350.0612879999686 English 0
239.87084946624236 474.2876572848204 171.4013524985785 479.7577103722483 168.85215707057796 447.8494160627687 237.32090600002266 442.37939300000113 English 0
213.11107800000173 334.4521049999872 211.13495144541957 302.47354365878766 260.89169899998524 299.39897800001864 262.8680008101219 331.37735160685247 Manipuri 0
345.5858300255204 324.8186159427234 267.6409274186153 333.0103850906241 264.18480684398673 300.12486181430205 342.12911700000404 291.9331239999973 Manipuri 0
384.8551155800669 285.29717426218576 388.87417319230735 314.8784849736584 353.09305900002073 319.73940600000833 349.0741345340939 290.15821534331417 Manipuri 0
248.06185399997048 468.06402700002434 245.60913051966054 440.40183683035855 376.2695667072694 428.81715217060906 378.72283466240333 456.47873734309576 English 0
463.64679263897415 422.88048727378464 466.2935277467477 451.598735574035 383.63051426320453 459.215255950142 380.9842010000284 430.49739800000066 English 0
291.3452721190697 466.7315286284296 294.022161344692 492.1920292014213 229.71154358427157 498.95187327354915 227.03497599999537 473.49166800003474 English 0
327.9315197044343 462.8867083254491 330.9027275615517 485.05694755887055 293.76691892211966 490.03276216911047 290.7958740000322 467.86266999998975 English 0
396.92154176169424 457.7858590108389 399.00777499999094 481.157610000025 331.07144654415606 487.22024808798824 328.98551500002213 463.8487769999755 English 0