77.28218800002651 336.90587399997275 63.29822809479083 247.48291527897547 287.0248612204159 212.49682270031474 301.0104946372303 301.917714648926 English 0
548.5991901590023 179.08522393918935 560.7008051878074 260.37596843595384 313.1756723020226 297.2194755625166 301.0760659999505 215.9305290000033 English 0
123.07290029719297 382.46402029764675 84.72193653447903 385.1724558495522 82.40718499997456 352.39676100000145 120.75780610255606 349.6883375825711 English 0
120 332 200 332 200 379 120 379 English 0
196 325 270 325 270 376 196 376 English 0
259 316 322 316 322 360 259 360 English 0
319 304 406 304 406 349 319 349 English 0
406 291 494 291 494 335 406 335 English 0
215 414 456 414 456 625 215 625 English 0
133 166 283 166 283 228 133 228 Manipuri 0
285 145 490 145 490 207 285 207 Manipuri 0
31 490 90 490 90 640 31 640 English 0