265.7484541807935 266.4869472044566 239.51360725906852 317.37301555323415 74.71864733277471 232.4137082972942 100.95361599996977 181.52850900000232 English 0
370.5476581324183 319.71471398941753 348.4165771464177 364.4857299240528 220.76880138876732 301.39067379790004 242.90001400004257 256.62039599997286 English 0
382.76337620976847 324.64247814276183 374.58539400002337 344.77675800000804 341.80550382727233 331.46345307324884 349.9835180000082 311.3292599999946 English 0
97.35446276608855 410.86331606441826 113.24624100001529 347.5498449999984 262.6269143693935 385.03963231198225 246.73681267049687 448.3516560569335 English 0
249.52147801741376 445.1890906016063 255.33248200001253 404.84823400002773 329.2588694211008 415.4955542998374 323.4484029145824 455.83592735052633 English 0
106.55113777000224 291.60302719089765 117.52579699998023 267.35163599997514 183.2573502980813 297.09566694209127 172.28291661522235 321.34686647885576 English 0
268.87499893528 334.6330598270751 264.019771999956 349.9084090000314 223.99523091145966 337.1876649959938 228.85050099997898 321.9123960000337 English 0
215.64343826707045 314.27078545195195 209.7454480000306 330.2032500000157 167.01455749833258 314.38586374915553 172.91258500001277 298.45348399998045 English 0
212.12171899147506 313.6022699194903 228.34428791080427 314.2525267439001 227.2709990000294 341.02678199999986 211.04843020781118 340.37652729634954 English 0
350.4075889539672 357.9991268442783 352.34187300004123 337.9298259999665 374.4949388499663 340.06475328645377 372.56071765892557 360.1339959646219 English 0
424.6363501214364 368.1163097332825 415.7934776539332 389.93013240236803 370.35458529651805 371.5118355744968 379.1975120000279 349.69815999998224 English 0
386.5723318516393 482.18937491529374 389.4334140000137 458.61362899996993 418.0904446543718 462.0907867734943 415.2294940000138 485.66641292368723 English 0
367.8696946497803 459.36662177647776 376.6354071079695 469.1258533590716 356.56778315315023 487.14747990194314 347.8021189523861 477.3882946253134 English 0
522.5402510000276 565.7795809999946 556.7539915549423 559.4545261701539 568.6687059999531 623.887659000003 534.4549905094027 630.2126221060273 English 0
356.19044597347965 431.8208133173362 366.4140711595246 444.65754750087615 330.57794466054474 473.1942204604593 320.3544265541859 460.35758517130836 English 0
428.10754530204576 413.144624954293 421.1975874941709 431.1906830193388 356.48456620940124 406.414336430717 363.3946029999788 388.36846800001604 English 0
264.897564999992 330.8185269999991 283.28631004333147 329.26864136415367 286.244699977251 364.36562601808066 267.8559558229608 365.91550458722725 English 0
434.82853099994827 494.4861350000008 455.52330316968437 493.76359890735694 456.6985750000458 527.4191349999995 436.0038030851865 528.1416664675443 English 0
152.2343949086644 178.47959693050774 140.342417812426 201.58841915788383 77.88931181996304 169.45014504815083 89.78130299998156 146.34142799998241 Manipuri 0
198.38044131458446 204.61025686450242 186.1181849825516 228.1765030457999 129.26602746199933 198.5952824926012 141.52829800004838 175.02914899997495 Manipuri 0
276.0046040000452 406.6675779999911 278.56594814562413 384.920766683214 320.1768837297277 389.82110022697526 317.61568793459446 411.567775825678 Manipuri 0