191.38465839685523 349.6061499385113 64.12736136830063 362.98040489942605 58.77627130554174 312.0608861609367 186.03197200005525 298.6867159999973 English 0
200.13270299998112 348.68669300000596 190.9983129054308 290.68541128280793 355.3602310000133 264.8014659999818 364.49550876735884 322.8016461683347 English 0
360.66694244094833 262.62408285295896 482.24786518665496 242.71405315761083 491.94519600001513 301.92783199999815 370.3643040294992 321.8377362887381 English 0
81.17185600000084 303.2727049999662 74.03253717915504 253.81139491829063 188.4255149999808 237.30024100001944 195.5653080697084 286.7609760614359 Manipuri 0
195.84381000000576 277.2771479999794 188.01579416103777 236.85874263679037 327.864883000002 209.7740669999862 335.69329145757365 250.19195150188708 Manipuri 0
450.7132418047695 185.0633213931235 456.99255800282117 234.74037056611468 352.78092699998524 247.91188699998293 346.5020734169957 198.23525701499045 Manipuri 0
115.85502000001725 457.29105599998513 110.98062249489885 417.00544911673575 178.47374455144745 408.8400336505521 183.34852034808137 449.1251987684825 English 0
186.5447370000038 441.28092999997546 183.53469677749672 396.52108160988945 297.63391400003457 388.84838400002354 300.64468676901015 433.6074437547602 English 0
306.7957087193645 381.3989529763171 446.030277999962 370.03367100000213 450.0442388855299 419.2026483123629 310.8096805290552 430.567846711489 English 0
93.71891399998276 506.809509000022 90.52635942287452 465.23468386612353 169.12874100002227 459.199558 172.3218344556517 500.7737922806047 English 0
181.55701700001373 493.2871849999822 179.57812832537456 456.95783812769514 265.7008440000209 452.26704699997777 267.6802515259624 488.5958431159252 English 0
348.70197716249095 438.0804127801019 354.2599329999939 476.2079180000165 272.62590739344887 488.1051737744827 267.0685550000053 449.97821000000886 English 0
357.4413420000201 475.873538999999 352.5079015938536 442.33497315497715 454.66208726087643 427.3100335136023 459.5960052286682 460.84801657453687 English 0
193.61378730944125 370.8221574803732 192.56694508352666 403.81404671491515 137.70224924883223 402.07302223996044 138.7493430000177 369.0813929999911 English 0
228.76473548545619 365.22744068373675 228.21528200001922 393.9994919999949 191.70528126087447 393.30217902174513 192.2548800000368 364.5302760000299 English 0
231.4115640000091 386.15575400000125 227.95507359514886 353.2698638492792 273.29022899997653 348.50532299997354 276.7468994452065 381.3910079843437 English 0
494.1923035369837 440.8373823858914 510.9889280000061 437.2116519999975 516.2566207643249 461.6112318030041 499.4600011235889 465.2369469953529 English 0
504.3908092410129 451.5807519796955 533.0060490000324 447.7680650000003 537.128850311783 478.7059220573854 508.5136146831792 482.5185884405098 English 0