322 285 598 285 598 352 322 352 English 0
5 311 42 311 42 330 5 330 English 0
42 317 68 317 68 333 42 333 English 0
69 320 127 320 127 343 69 343 English 0
131 327 166 327 166 345 131 345 English 0
168 330 235 330 235 354 168 354 English 0
239 338 282 338 282 360 239 360 English 0
288 344 318 344 318 361 288 361 English 0
350 262 421 262 421 289 350 289 Manipuri 0
433 268 560 268 560 306 433 306 Manipuri 0
319 349 384 349 384 371 319 371 English 0
388 356 429 356 429 373 388 373 English 0
432 359 456 359 456 377 432 377 English 0
462 362 501 362 501 379 462 379 English 0
506 368 544 368 544 388 506 388 English 0
556 372 600 372 600 391 556 391 English 0
545 372 554 372 554 387 545 387 English 0
7 277 71 277 71 302 7 302 English 0
74 286 136 286 136 312 74 312 English 0
138 293 152 293 152 314 138 314 English 0
155 294 224 294 224 321 155 321 English 0
227 303 260 303 260 325 227 325 English 0
39 345 129 345 129 367 39 367 English 0
137 355 267 355 267 383 137 383 English 0
274 370 341 370 341 391 274 391 English 0
355 379 447 379 447 402 355 402 English 0
4 201 332 201 332 335 4 335 English 0