147.76775000005728 221.35788899997013 148.90930785506498 190.04761078468294 353.0463378834247 197.48876557743444 351.9052953053324 228.7985455246073 English 0
357.41965381006594 230.0363979852216 358.0451339999854 196.83316499999435 487.1440923104092 199.2645542839041 486.51896108443907 232.46744413539076 English 0
583.5216171492357 234.5836679443664 491.8835196029977 230.70183942301387 493.10562171602214 201.8578925898346 584.7432899999694 205.73971199999903 English 0
208.81346800000756 272.44104200000015 209.04310175712453 254.6420298751674 296.17935499998566 255.7658629999956 295.94987549688085 273.56472283809035 English 0
298.8764110000193 274.5303559999677 298.94477577989164 256.52943413409236 430.36479883456195 257.02778656686564 430.29666876063857 275.0284745752453 English 0
451.7753304773214 277.48496997852794 434.1070300015417 277.49665118779876 434.09400299999106 257.738155 451.7622340807429 257.7264738136506 English 0
454.710699999996 273.68865999996734 456.5743643987662 255.89984196525745 490.2345069999865 259.42607500003015 488.37090758999693 277.21483328213264 English 0
492.75238700000045 275.2798299999984 492.9004559326131 256.77748551879176 529.4892450000043 257.0702480000042 529.3412436281506 275.5725254141281 English 0
275 296 315 296 315 319 275 319 English 0
364.2214673061244 316.1463732941451 318.41681685327785 314.1657122333229 319.26504756411305 294.5533433579695 365.0694939999812 296.53399999999857 English 0
443.3407581758365 314.38315453493436 391.3652108981478 313.6099205862633 391.6320233559236 295.6837296272105 443.607359000016 296.45696200000043 English 0
354 241 385 241 385 256 354 256 English 0
391 242 424 242 424 257 391 257 English 0
410 360 420 360 420 376 410 376 English 0
431 359 439 359 439 374 431 374 English 0
441 339 458 339 458 351 441 351 English 0
433 340 439 340 439 351 433 351 English 0
412 337 432 337 432 353 412 353 English 0
385 337 411 337 411 353 385 353 English 0
372 339 384 339 384 353 372 353 English 0
345 339 372 339 372 356 345 356 English 0
342.0584160607541 342.1351435252243 342.8203981495608 358.0720250438946 322.80412400003115 359.0289179999669 322.04218538856367 343.09207811549123 English 0
307.62450729911507 338.550117845678 321.7533309999999 339.21545999999927 320.69425456451427 361.7033782040836 306.5654309999809 361.03803799999855 English 0
329 362 354 362 354 383 329 383 English 0
319 366 329 366 329 382 319 382 English 0
298 365 318 365 318 383 298 383 English 0
270 365 297 365 297 383 270 383 English 0
233 366 269 366 269 389 233 389 English 0
297 160 362 160 362 191 297 191 Manipuri 0
362 167 432 167 432 194 362 194 Manipuri 0
435 175 475 175 475 194 435 194 Manipuri 0
391 362 406 362 406 377 391 377 English 0
180.14886700002535 508.68303600001553 179.3823691849684 500.2822584665975 217.70558799995342 496.78614800003595 218.47213999077212 505.1868650850536 English 0
156.0872321563511 502.65961230418833 156.84239869726298 511.4782349276754 125.3533939999761 514.174097999964 124.59828408253088 505.3555280585568 English 0
244.2195830000128 502.04439799999284 243.51551249579643 493.9562103986874 267.6813389999734 491.85294300001345 268.385442200306 499.9410943477545 English 0
297.0119240000349 496.3780989999961 296.23561646061717 488.8184968088169 325.0900410000031 485.85586499999727 325.8663838508801 493.4154271394706 English 0
351.82067699999607 491.14718499998867 351.3701409239002 483.11355258423805 372.444572999957 481.9318539999879 372.89513789335615 489.96545574678345 English 0
413.53055360130384 477.9350267547724 414.2653047366912 485.3256683577664 398.4335280000232 486.89930100001874 397.69879974286596 479.50868048945347 English 0
470.39292945875786 471.89006407345965 471.1207495932467 478.743533135738 444.22090499996557 481.5996600000208 443.4931206698093 474.74622379853827 English 0
491.28760200001125 469.0425169999998 511.4807303820271 467.40975569628006 512.1407821822504 475.5715821184742 491.9476540852338 477.2043410739673 English 0
534.05044799998 472.0721060000244 533.3350058362703 465.0219506125627 548.1944379999914 463.5142659999662 548.9098963425204 470.5644030729664 English 0
399.24565000001166 597.1672270000098 398.23882586897525 589.0024583048729 421.49647500002175 586.135188999978 422.50333508833137 594.2999156005812 English 0
365.49280199498753 594.9488295301178 366.7949762575154 604.7854468369815 350.869062999991 606.8931079999996 349.5669277991692 597.056525981249 English 0
461.35948697672575 579.3376307783905 462.25628661013616 586.8513354700702 444.92396599998756 588.9194639999996 444.0271976481017 581.4057877842109 English 0
512.4796310422971 571.810787272108 513.4514400692569 578.8093855688558 488.81452000001445 582.2294769999751 487.8427524409926 575.2309160402864 English 0
533.7551939999685 576.1211199999947 532.0343994130235 567.3958667004861 556.9683000000077 562.479544000025 558.6891296065733 571.2047503643353 English 0
579.7015370000008 568.6974270000151 578.8028503013629 559.8421790652226 590.6739759999618 558.6377030000041 591.5726822594297 567.4929287774515 English 0
569 562 576 562 576 570 569 570 English 0
523 570 530 570 530 579 523 579 English 0
481 576 486 576 486 584 481 584 English 0
440 583 444 583 444 590 440 590 English 0
484 470 489 470 489 478 484 478 English 0
529 465 534 465 534 474 529 474 English 0
586.8261478665227 457.8993163331728 587.4375562731439 465.34962281808055 560.2899179999804 467.5770519999852 559.6785470216128 460.1267804124995 English 0
587.205133000025 464.05465600002856 586.8725649349653 456.73544448058635 598.3504160000302 456.2139959999673 598.682997759388 463.53319311907103 English 0
435 476 442 476 442 484 435 484 English 0
342 484 351 484 351 493 342 493 English 0
286 489 294 489 294 498 286 498 English 0
235 495 243 495 243 504 235 504 English 0
232 614 238 614 238 622 232 622 English 0
344 598 349 598 349 606 344 606 English 0
390 589 397 589 397 599 390 599 English 0
286 605 296 605 296 616 286 616 English 0
319.4159663448954 602.3868018030514 320.4508556991641 611.4962209605608 297.1013959999982 614.1480539999944 296.06655963361845 605.038683252442 English 0
240.65772499998275 621.6988400000328 239.54300203622552 613.1576530421744 261.4729839999927 610.2963099999864 262.5877434998256 618.8374537050607 English 0
188.39437000002363 629.7083469999949 187.269666377033 621.8232586943577 209.17517699999735 618.6995949999819 210.29991412789968 626.5846428174365 English 0
112 506 122 506 122 516 112 516 English 0
173 501 178 501 178 509 173 509 English 0
551 367 556 367 556 375 551 375 English 0
544 377 557 377 557 385 544 385 English 0
576 374 586 374 586 382 576 382 English 0
569 375 575 375 575 381 569 381 English 0
577.6554380504967 365.83498548597 577.7781880112889 374.1748831504629 557.294985999979 374.4762900000028 557.1722598826454 366.136415814685 English 0
482.3224080000364 371.53301899997336 481.49071544663457 357.95821245615053 519.4157249999989 355.6348120000154 520.2474826283287 369.2095487954398 English 0
441.946769999995 373.257255000019 441.1168130143051 359.5647076581947 479.89376184625144 357.21445385484594 480.72378630560706 370.90692900538147 English 0
422 361 431 361 431 375 422 375 English 0