176 86 261 86 261 148 176 148 Manipuri 0
276 97 384 97 384 159 276 159 Manipuri 0
84 162 109 162 109 178 84 178 English 0
124 196 162 196 162 226 124 226 English 0
169 176 290 176 290 238 169 238 English 0
296 187 433 187 433 249 296 249 English 0
133 274 151 274 151 301 133 301 English 0
155 274 305 274 305 314 155 314 English 0
309 289 364 289 364 317 309 317 English 0
369 291 426 291 426 320 369 320 English 0
106 334 159 334 159 360 106 360 English 0
163 336 232 336 232 363 163 363 English 0
236 341 282 341 282 367 236 367 English 0
287 348 336 348 336 369 287 369 English 0
340 348 377 348 377 368 340 368 English 0
387 349 444 349 444 372 387 372 English 0