193 166 220 166 220 203 193 203 English 0
235 158 404 158 404 216 235 216 English 0
183 207 318 207 318 277 183 277 English 0
319 191 449 191 449 259 319 259 English 0
125 272 333 272 333 399 125 399 English 0
329 259 500 259 500 364 329 364 English 0
189 444 338 444 338 514 189 514 English 0
339 423 459 423 459 484 339 484 English 0
246 420 326 420 326 452 246 452 Manipuri 0
329 406 406 406 406 433 329 433 Manipuri 0
268 149 312 149 312 171 268 171 Manipuri 0
313 151 340 151 340 165 313 165 Manipuri 0
598 460 618 460 618 472 598 472 English 0
626 448 640 448 640 465 626 465 Manipuri 0
631 358 640 358 640 373 631 373 Manipuri 0