264 465 277 465 277 477 264 477 English 0
279 468 284 468 284 478 279 478 English 0
287 469 297 469 297 479 287 479 English 0
306.5399854831776 486.2207373735859 303.87480600002164 502.4564580000008 261.06122118158964 495.4294230178544 263.72650299999805 479.19383099999857 English 0
303.60704950246145 501.2897856135356 308.4843550000369 484.1199809999749 334.2278004689433 491.4313993796743 329.35059405790525 508.6011192040504 English 0
387.07757599993784 494.6418530000131 388.701477345312 483.3784180604364 431.04283675660554 489.4817594529841 429.4190335838357 500.74510621495 English 0
443.2852282892418 493.6674389020933 442.08926799998153 503.4994450000315 431.76610099253594 502.2439529660992 432.96207749212044 492.41196578999006 English 0
459.3325101784285 505.8699219831203 444.58363926205493 503.46222603369324 446.2697779999871 493.1355189999964 461.0185927026032 495.54321026819605 English 0
383.70112500000687 519.1171389999877 387.40939827650436 498.5625905487426 419.2037401581183 504.29751212443887 415.49560996827495 524.8519342949548 English 0
418.3183650000137 520.7463969999709 421.96042973257136 502.1944111876414 462.34671600628644 510.1212898309459 458.7048181082355 528.6731292419793 English 0
45.645146098395344 345.0393347049802 43.037232746428344 377.21057459927533 -2.60809226128913 373.5105301058889 0 341.3394869999828 English 0
138.97659520458546 396.5587374504569 46.80654917850916 378.4735437331733 53.72827810264425 343.2033507809177 145.89743800002907 361.28845499999636 English 0
334.5514055676904 386.98939859964696 -7.290571441917564 338.2565044378549 5.910188816924347 245.6872681184862 347.744543000008 294.4196039999987 English 0
204.38923599998816 268.1079890000097 206.8648446705629 237.31290284114857 359.51834899999085 249.58321600003174 357.0432263871771 280.3778481332193 Manipuri 0