138.50471871774062 161.60215060884673 149.49681999998575 106.51730099998667 312.2180809913698 138.98721615245674 301.2265663163271 194.07154764286406 English 0
310.12216199997056 194.07095899997447 317.59366750404297 150.61003603257635 455.54818964701553 174.32529731891645 448.077156481304 217.78579916567838 English 0
303 201 344 201 344 219 303 219 English 0
159 195 213 195 213 217 159 217 English 0
160 215 194 215 194 229 160 229 English 0
197 222 216 222 216 233 197 233 English 0
221 222 272 222 272 240 221 240 English 0
160 231 221 231 221 253 160 253 English 0
224 243 272 243 272 258 224 258 English 0
273 248 296 248 296 262 273 262 English 0
320 223 346 223 346 235 320 235 English 0
348 227 374 227 374 240 348 240 English 0
413 238 432 238 432 248 413 248 English 0
413 251 447 251 447 265 413 265 English 0
411 267 439 267 439 277 411 277 English 0
319 254 340 254 340 267 319 267 English 0
342 257 362 257 362 269 342 269 English 0
363 260 391 260 391 273 363 273 English 0
191 261 223 261 223 277 191 277 English 0
225 265 257 265 257 280 225 280 English 0
259 268 281 268 281 281 259 281 English 0
282 272 328 272 328 287 282 287 English 0
330 277 359 277 359 290 330 290 English 0
362 279 384 279 384 291 362 291 English 0
384 280 400 280 400 292 384 292 English 0
299.5970684661006 27.624999151696812 294.4823177469516 40.17021787234064 246.72832205738814 20.700661151730845 251.84307499999704 8.155448000011582 English 0
293.77322989632376 39.66043779301436 298.3745336001448 28.244994016753076 327.0794459811441 39.81527221758522 322.47814849135466 51.230710704626 English 0
367.7555337045487 58.60633060635316 363.0652662812645 69.627423184057 320.2265690920467 51.39649616486015 324.9168400000053 40.37541399997502 English 0
310.6998413179099 16.826132610767395 314.82286500002374 4.428762999980677 331.5860120535217 10.0037234802298 327.4629896783881 22.401091966987682 English 0
286.2288999013981 48.37031430090875 288.96214799999143 41.200051000027706 311.86394130614644 49.93001777235649 309.13069700982305 57.100277844240324 English 0
309.3178698248812 57.08523368951232 312.1899982155446 50.663900764884495 337.2793383421231 61.88580815425286 334.40721456070605 68.30713716086868 English 0
268.4177912391897 50.31609963605333 270.7907929999783 43.9473529999847 301.81174259312684 55.50576333621311 299.4387457372068 61.87450580839786 English 0
300.1340593602072 61.7694951188944 302.45627191055974 56.36580954113312 328.75430026469985 67.66724485249836 326.4320921165927 73.07092669044022 English 0
326.8019120477402 72.56830200471437 329.324417721582 66.58816738894883 353.0262917134678 76.58591032059621 350.5037910846295 82.56604065291648 English 0
299.80186090397183 -6.582488293406285e-8 299.80186100001447 9.539914000026217 287.69588190465583 9.539913901942871 287.6958819999709 -5.053106250175162e-12 English 0
299.37457836633257 75.75698140692043 297.02812173913117 82.05772796347532 264.0700897599163 69.78388257557074 266.41654899998684 63.483142000018454 English 0
282.39852060454723 80.30870256961845 280.69021900002554 84.81104599999057 266.36162953444 79.3744433801393 268.0699319999985 74.87210199996915 English 0
282.29076581243135 84.73365583815962 283.6824969999725 80.89637999998926 292.0606902662257 83.9350280428481 290.66896034477395 87.77230280666282 English 0
266.687895359355 86.15272028185026 268.17345299998124 81.94900799997461 293.5589114614413 90.91996364602691 292.07335821651213 95.1236721954281 English 0
310.4807578281907 96.80839660904843 309.0565449999849 100.62531300001012 292.48796813008084 94.44308699417498 293.9121819999855 90.62617300001224 English 0
281.60874769469956 93.26884603768086 280.21396500000264 97.13811600002971 267.1786834599334 92.43922410734842 268.57346699995105 88.56995600003158 English 0
281.4914471634256 97.40159429715142 282.97246399997675 93.36362999999564 291.6318805269111 96.5396490239854 290.15086527491803 100.57761197699328 English 0
298.4393171306874 97.91305205842193 297.28800600001705 102.53934499996967 290.5199760803953 100.85504675063122 291.67128799999773 96.22875500002536 English 0
299.09709209350694 103.74557787321669 300.0304779999715 99.56869200001202 307.0807952898758 101.14417558873242 306.14741070734453 105.32106030976983 English 0
209.14826900429034 74.45766786842194 207.67408991683624 78.67174241859385 184.29402356727223 70.4928877361991 185.76820399997814 66.27881599999496 English 0
208.35784248680284 79.12543158912382 209.62840699998196 74.48942500002522 217.40761496483174 76.62141953552309 216.1370517146861 81.2574250409236 English 0
224.522109673635 84.37082362729197 216.010535983296 81.67238902130448 217.5972890000412 76.66738100000319 226.10886019305326 79.36581517837826 English 0
210.5057718433818 72.85966473313917 211.80957199998375 68.44725000003241 220.17978158284677 70.92050753943855 218.87598263369 75.332921239756 English 0
226.24665932213247 84.82381207869082 227.68836099996406 80.61508200003168 239.5857695088489 84.69052010179603 238.14406979705382 88.89924851173355 English 0
235.39403628477885 76.96817267122286 233.58754916007456 81.68197161719556 220.01984907466976 76.48238998278367 221.82633700002043 71.76859299999911 English 0
234.48116815263347 80.81008530911751 236.03872614301508 76.79865641137492 253.8523683002859 83.71530197564081 252.29481307702372 87.72672852804948 English 0
195.04000098764664 48.668392592 193.5545415996603 52.15474686738958 184.0968534028798 48.12503862896071 185.58231299997715 44.63868500002427 English 0
267.9815475372743 98.93860279027109 269.24138599999424 95.13312000001471 283.15285495016724 99.7385985766421 281.89301891332434 103.5440793029382 English 0
282.53277265655925 103.89701819952828 283.6987170000066 100.2934809999875 298.25506440341996 105.00322742629007 297.08912257985503 108.60676247982855 English 0
333.00437583355233 99.9767315920835 331.6177493060968 103.27874174903384 319.66938093697536 98.26124858249045 321.0560080000141 94.95924000003225 English 0
340.3524137587374 102.56606181029156 339.1209759168123 105.4708919614958 331.90153087045474 102.41039228198639 333.1329689999984 99.50556299997501 English 0
360.34675316361245 108.69713208391286 359.08345899995766 112.40742800001888 340.5034113927104 106.08127700995787 341.76670699998795 102.37098399997993 English 0
342.721935718655 109.3351168274719 341.50253633764805 112.65979814098668 320.3528742911294 104.90275532990104 321.5722749999986 101.57807699999194 English 0
360.7049665046361 116.02695343325055 359.4064276703284 119.24850565963098 341.957722203515 112.2153666613145 343.25626199999533 108.99381699999303 English 0
370.08863803850545 119.43484199759551 368.4037744521629 122.80499843665814 359.60280616403907 118.40511897360061 361.2876700000197 115.03496399998488 English 0
331.9928106709267 111.17091338708052 330.85611100003007 114.40145800001473 321.3494136901136 111.05645926763201 322.4861139999848 107.82591599999718 English 0
348.1618065778457 116.83894962478911 347.10176364962535 119.76169273551419 334.3092422949121 115.12204539450482 335.36928599998646 112.19930400002342 English 0
365.41123640272417 123.4678254000137 364.2840746224101 126.28695745655433 347.5339313461882 119.5898847599637 348.66109399998095 116.77075500000981 English 0
335.09362973192765 118.51047748422786 334.07445729288156 121.35315783537577 321.18002677496406 116.73022364801498 322.19920000003185 113.88754499997407 English 0
349.54727370619366 123.26126154775372 348.4513844024332 126.25071833416365 334.77859681341215 121.2385338090532 335.87448700003733 118.2490789999771 English 0
336.3046168357687 83.92116900969881 337.9045666366437 80.29511579538246 358.4258198146563 89.34980350923522 356.82587310169765 92.97585410137044 English 0
307.1161695257615 72.85400585166072 308.81725507832016 68.83026692029381 338.67580131314753 81.45327504467907 336.97472018197004 85.47701022363226 English 0
293.31984100688715 67.40348447912822 294.6560999999929 64.08248799998168 308.4809317892359 69.64512204480269 307.1446742855187 72.9661172610763 English 0
272.0279635836778 59.16647786161663 273.5538809999707 55.581457000017565 292.5575682717317 63.67010423029478 291.0316528507974 67.25512339890186 English 0
252.56162458164908 51.03918538213591 254.25941201589012 47.036664696740104 272.4193380977522 54.739716769996 270.7215524978528 58.74223589883192 English 0
270.35369687910134 132.62332787779465 274.341471000007 116.83404499998272 319.81631122624094 128.319096851429 315.82857887457067 144.10834368559972 Manipuri 0
320.17618241567106 145.35468145264903 322.6514170000155 133.67105300003442 371.8212986784056 144.08773283788534 369.34610034943034 155.7713296370743 Manipuri 0
314.88601122218824 26.917856025920905 312.8747819399723 31.55682368735799 291.0649054024543 22.10113066434374 293.07613500001025 17.462163999986352 Manipuri 0
326.49894151705666 31.294813928479268 324.6793169999728 36.457975999995256 314.36370316128887 32.82250340728515 316.1833280000428 27.659341999970344 Manipuri 0
318 238 334 238 334 250 318 250 English 0
335 241 351 241 351 252 335 252 English 0
353 243 380 243 380 256 353 256 English 0
336.25430775813584 28.883616178096357 337.74478624713083 25.559139529913814 350.8452871724148 31.43254541569002 349.35480931570055 34.75702152633245 English 0
348.3042990147078 33.22328223143665 350.09742016110977 30.187913197240302 359.21094336568785 35.57165289765441 357.41782269273244 38.60702152018736 English 0