172.3460409414838 176.4532574410005 200.19819109867967 213.71717286111095 112.74966922974272 279.07580189800825 84.89789788451162 241.81223089536223 English 0
221.00311100002727 220.9920910000344 229.26767634729913 130.5154091809877 446.5566979999858 150.36238599997614 438.29361693504325 240.83766484173435 English 0
451.8902714916476 176.96354040351167 492.93930431209446 189.5851435528379 466.91475072002504 274.22129246888073 425.86575854511466 261.59978315478793 English 0
449.232088089193 248.0873382391552 495.8191576516401 211.78415560137663 563.3361465568305 298.42296912634384 516.7494382244331 334.7257449353023 English 0
128.59718100015016 338.3403630000107 133.6851539262716 301.3336054408875 477.536142225581 348.5986181225793 472.4499899703369 385.6037336760936 English 0
157.9493204098253 347.849468359503 148.23091373735224 407.89020409213373 46.83067999998457 391.4777959999881 56.54976428413647 331.43790643697406 English 0
292.8779256872076 364.6570435398726 282.75740062214027 428.9657982947353 154.85586687798786 408.83797143994235 164.97735700002522 344.5304129999712 English 0
290.8998050000082 424.7023239999888 299.2157161616342 365.54859702977365 395.03905600002327 379.01777499996484 386.72409528640856 438.17064709178743 English 0
461.66470439005934 450.8560728917368 392.87579976953566 440.2653499505462 402.13019306793285 380.1683675383899 470.9178279999469 390.7589909999957 English 0
549.1726390738768 402.8330099997692 538.3054002836434 465.99877884513484 469.90623520163354 454.23210968997785 480.7740219999687 391.0670390000229 English 0
204.92539936189132 450.31964821333224 137.1660958801658 439.06527674674345 142.41194840906246 407.48800501006025 210.1705740000034 418.74231899999705 English 0
212.78985500001 308.1640449999711 218.60926041808852 276.6573785505394 267.6313069999742 285.71132499999186 261.8120983537665 317.21781807163563 Manipuri 0
348.26188841005205 298.11957660268087 343.6598942094861 330.86522778543315 266.04857086917036 319.95822088495413 270.6508096634934 287.212864347504 Manipuri 0
391.32401730872516 302.01784575297336 388.0668534940196 331.69268707886704 352.17309699997713 327.75308200002485 355.4303702359175 298.0783660348387 Manipuri 0
214.37879400000384 446.2624800000085 218.69197940599406 418.8287570734848 348.2738451271143 439.1979267530904 343.9613237611047 466.631057188504 English 0
434.49084274201596 454.57569213691323 430.11036839518056 483.0811374259574 348.06016546303 470.4736059875306 352.4409700000251 441.9685669999805 English 0
256.6988710965961 455.4407707295719 253.13578604873328 480.79243827700367 189.10011947125895 471.7934191410202 192.66343899995263 446.44203399999816 English 0
293.12849821821146 460.5611564845015 290.64710454040323 482.79156021101977 253.41062381572556 478.63565739915083 255.89214400002675 456.4053989999675 English 0
361.30415512350737 472.30213616448793 357.6733519999834 495.4842510000052 290.2874077609158 484.9314796115754 293.918438000037 461.7496459999904 English 0