110.80771599998116 279.15794999999974 108.03141144184337 213.91633343885707 219.67521465361642 209.1653935800269 222.45215284980077 274.4063447025308 English 0
224.26877799996873 271.62357099996564 219.3322368437657 214.28610956852378 323.9786763278971 205.27659951432494 328.9157020327548 262.61352255595204 English 0
406.5410217768658 262.0353260306322 410.6636298310332 298.64360126788347 285.18605701414344 312.772175976967 281.06398900003114 276.16439400000024 English 0
212.51228233872098 357.5060109310974 162.66276868896966 362.2085626409989 160.2765549904143 336.9140213024192 210.1257440000336 332.21148499999765 English 0
213.6200529999769 354.81123300001116 212.28489384688146 330.63179272326136 250.15672932488087 328.5407026813192 251.49199803592637 352.72002640764083 English 0
248.657091999994 353.0679810000316 247.44924942497164 325.18803927441553 279.6512829061976 323.7930604741951 280.85923337886925 351.6728889850099 English 0
314.0612640483596 347.2305736851674 278.48970146216743 350.5331866921056 276.0371749999467 324.1185790000028 311.6085038949677 320.81597689868835 English 0
315.25298551925516 343.61165001664097 312.31251322329626 319.664397513939 341.9486090000282 316.0256720000326 344.8891562892095 339.9728369909544 English 0
345.6317450301867 215.5421097373744 317.9178806046548 216.93464555603737 316.8277614006365 195.23912250682216 344.54153400001815 193.8465890000003 Manipuri 0
344.9039807769441 193.62096073462595 357.33685160274035 192.29708764382846 359.92325100000016 216.5859689999989 347.49038057096186 217.90983962425548 Manipuri 0
393.42518459205166 189.52349673037006 396.95401252589363 210.30040962726562 361.26484096006607 216.36172514988206 357.73607700000866 195.58486899998 Manipuri 0