342 199 475 199 475 259 342 259 English 0
371 254 413 254 413 275 371 275 English 0
415 259 443 259 443 278 415 278 English 0
443 263 473 263 473 281 443 281 English 0
280 240 305 240 305 261 280 261 English 0
165 221 275 221 275 259 165 259 English 0
308 245 355 245 355 270 308 270 English 0
248 262 281 262 281 281 248 281 English 0
283 270 318 270 318 288 283 288 English 0
319 273 344 273 344 290 319 290 English 0
346 275 377 275 377 293 346 293 English 0
379 278 407 278 407 297 379 297 English 0
264 153 324 153 324 189 264 189 Manipuri 0
327 165 407 165 407 203 327 203 Manipuri 0
155.0688225086924 215.79964722164925 163.6838610000268 159.78037700001144 340.89828388401656 187.03220265254515 332.2840915877896 243.0507117094582 English 0
35.37203338026302 213.12490085563238 49.35671700004605 195.81236699998567 98.82892790272308 235.77349287278383 84.84434376077843 253.0859346111154 English 0
133.3552705378679 210.30809260205015 141.21173081839515 234.44566948756523 91.43198300000222 250.6475109999853 83.57564996542351 226.510042318521 English 0