196 16 494 16 494 105 196 105 Manipuri 0
68.95737703343912 158.49978471169203 90.41000999997777 42.58882199997545 583.5702709120233 133.8575826288724 562.1212484894204 249.76533803524342 English 0
104 192 420 192 420 284 104 284 English 0
432 247 525 247 525 304 432 304 English 0
213 275 415 275 415 351 213 351 English 0
33 306 167 306 167 376 33 376 English 0
176 328 380 328 380 406 176 406 English 0
389 359 553 359 553 432 389 432 English 0
149 384 333 384 333 457 149 457 English 0
338 407 449 407 449 477 338 477 English 0
49 442 257 442 257 497 49 497 English 0
272 462 497 462 497 525 272 525 English 0