154.99979762302246 258.8168365497309 164.23265799996443 221.11615300000528 209.94404944845883 232.31034161700052 200.7113767181727 270.010863068144 English 0
203.6898992324859 264.08269670672126 208.68892099999357 230.50044299997026 328.0371182498493 248.26522614527994 323.03852831362747 281.8470915878568 English 0
323.06753153512545 287.95771224823676 326.120837999988 253.85135599998142 387.7121007484675 259.36482759672936 384.6590259452205 293.470968059711 English 0
219.7324035634665 311.42582312828773 221.98234299998148 296.3102099999881 245.8814965160127 299.86731463965305 243.63160341745242 314.98288622357535 English 0
8.970285709801828 238.1429665370828 16.60248899999715 194.482249000026 80.86329050987842 205.71506226162018 73.231352905932 249.3755443680738 English 0
263.7549255081103 322.251803490208 238.1859156893188 319.5092252807144 240.64283355713997 296.6057180596111 266.21170899998106 299.3482890000008 English 0
346.8262742033403 313.31887415066615 344.6515599999839 333.5400869999655 292.74956565386674 327.9584369516558 294.9243900000147 307.7373499999933 English 0
585.3818769668578 336.9583307418966 625.5503883655911 338.2489344784299 624.0627849999873 384.5444729999991 583.8942739829508 383.2538772875151 English 0
504.7549397117109 408.60171397250923 507.8425689999858 384.0330360000032 558.4078441754536 390.38691223442936 555.3204199561151 414.95540411858474 English 0
84.18426051241113 261.9833581498117 81.05779600002279 288.60978000000335 23.823957920394605 281.8895535840841 26.950556000010693 255.2632880000084 English 0
-7.929751626215875 187.1507300258797 0 147.1209140000283 59.57024445902789 158.92127332018075 51.64067157631507 198.9509324384183 Manipuri 0
251.03155153934495 235.12144599856208 160.07102822775778 208.0884607583214 167.16085100000782 184.23403400000143 258.1210432347143 211.266966656228 Manipuri 0
287.3022505129484 239.28853294275325 257.48995387337345 231.46567606655424 263.51655736936664 208.49986158962665 293.3287420000124 216.3227029999933 Manipuri 0
5.414403666582075 247.75702906295868 35.33344770970871 253.62163320503967 29.543398000023444 283.15879399999983 -0.37564139303867705 277.2942072735372 English 0
637.4233770844876 413.52174136332707 639.5740780050983 440.04791753560596 597.9525550000108 443.4218250000356 595.8020430147735 416.895824912187 English 0
262.23181468012626 320.7663029608602 264.9437659999967 301.91049000001624 297.94651185380644 306.656768521301 295.23464218385925 325.5125081111431 English 0