184 153 340 153 340 201 184 201 Manipuri 0
347 184 531 184 531 230 347 230 Manipuri 0
19 152 344 152 344 247 19 247 English 0
353 209 640 209 640 296 353 296 English 0
241 239 297 239 297 261 241 261 English 0
308 249 336 249 336 268 308 268 English 0
254 261 340 261 340 293 254 293 English 0
342 276 439 276 439 307 342 307 English 0
443 289 561 289 561 322 443 322 English 0
404 307 468 307 468 332 404 332 English 0
347 302 398 302 398 323 347 323 English 0
240 288 344 288 344 318 240 318 English 0
159 277 237 277 237 307 159 307 English 0
207 255 249 255 249 280 207 280 English 0
158 248 190 248 190 270 158 270 English 0
10 225 155 225 155 269 10 269 English 0
388 261 402 261 402 274 388 274 English 0
407 264 429 264 429 279 407 279 English 0
561 305 625 305 625 329 561 329 English 0