522.864692294097 237.3928665511991 506.2005396033055 273.2783894558494 376.9990609100205 213.2825852788837 393.66331999997783 177.3974880000073 English 0
4.914463260647608 235.0838755706201 25.831713000006857 167.71095399999746 233.30827827681787 232.12285365668916 212.39252946143097 299.4944905561547 English 0
648.2184947004134 289.1515071761419 632.8913458960596 323.9337009842542 490.9817564491823 261.40208976897065 506.3090689999808 226.62044700001138 English 0
-0.0677666093542939 291.5069571153489 10.192946000024676 255.99361900000193 218.54564531007782 316.18640450527215 208.2859506868408 351.6988718357752 English 0
237.82365480437875 237.22980476156687 247.30632300001162 212.84012300002868 304.2369308311754 234.97371996328025 294.7544174657378 259.36327028220103 Manipuri 0
463.1533716019476 204.47976281936434 468.63385507553176 190.75401403804204 509.9507315208757 207.25068005690906 504.47030325951346 220.97638202520213 Manipuri 0
562.0408542483347 231.53994309548858 554.8249106490402 247.13687152858202 500.32925143379543 221.9251869648806 507.545214999991 206.328336999972 Manipuri 0
457.9473224087269 254.06631551799765 451.3321522031765 270.2374811118738 404.0357539875549 250.8906516015119 410.6509519999963 234.71956400000965 English 0
500.1160228615481 271.5861338632417 493.90661994344555 287.0863428505135 450.19297230348457 269.57543959166566 456.40240300002915 254.07530400001434 English 0
489.2410122608271 288.46046945369756 498.2912760000181 266.4252969999718 539.6082476981974 283.39394291339954 530.5581079092372 305.42901008995125 English 0
566.4935653105204 325.5593364962138 540.6375794349151 331.006558032641 529.9336213147762 280.2016213083442 555.7893145528215 274.7544316307601 English 0
560.885653637597 314.29482075390376 567.6446860335273 300.70425561931734 600.0302324880613 316.8094605459443 593.2712677340169 330.39996793193484 English 0
643.4246211294521 333.28212906742385 636.716712053385 349.07298883319254 586.9488143826311 327.93327890025137 593.6567579999974 312.1425240000268 English 0
359.5669782348705 188.2493595655202 368.65647300001 142.64567199998658 432.3843746240891 155.34731571360712 423.29509692317515 200.95081192089174 English 0