76.31809200000134 172.93271200001297 74.95042742571968 126.91001167657753 188.78215132834157 123.52709991514934 190.1500963037688 169.54950907833864 English 0
196.5542915070546 171.9808553006632 196.47926199999347 129.19954099996494 311.7339080759848 128.99718562995824 311.80921322782524 171.77822239396397 English 0
179.9740653153276 202.79463570314195 149.38257170739234 204.3627819148773 147.85142194195942 174.4925379459839 178.4427880000294 172.92439499999966 English 0
186.33681799998158 202.12588000000036 185.54435774807644 176.36347210932368 243.25560593773844 174.5882353064403 244.04816703041433 200.35053901894213 English 0
114.28489339399675 251.3037151832379 112.58018399996217 203.4427620000216 285.6486355301604 197.27773152708778 287.3540110083559 245.13799153257787 English 0
185.9135127031186 268.6417308996689 186.6896380000253 250.35319500002703 208.67654659916298 251.28622226114368 207.9004617605824 269.5747192067352 English 0
270.92841009602125 268.47144869528 271.76128525752574 301.05167528233403 121.45544921695546 304.8923630693482 120.62310799999977 272.31265699997107 English 0
222.38014760732767 300.22646167534094 224.67827598906297 338.4515044116521 81.71087199509202 347.04461745471724 79.41343799997412 308.8202329999741 English 0
229.47898200000054 329.51414200001534 226.50922292741598 297.6052093434666 315.69994247525756 289.3045276723324 318.6699957590463 321.2131314216811 English 0
91.1173509999935 443.80295699997595 86.03809059954074 405.7782462381124 161.373263953501 395.71621376833434 166.4529033692088 433.7404734644656 English 0
116.43495971315133 393.950122565175 89.23642258392647 394.3578526983851 88.83516407993739 367.5864835872387 116.03349500001059 367.1787549999998 English 0
120.7753478120867 365.57626831583184 162.56687182481983 364.7918525020885 163.12277500001073 394.4057379999998 121.33125109161483 395.19015053104135 English 0
160.26844995780266 344.29599033176856 161.77924981740944 363.3705122540553 120.39117792191973 366.6481823237655 118.88049000001047 347.5737650000219 English 0
159.9019348015281 361.51555551360167 157.86706198414322 344.55028786017976 231.48767946164298 335.720553783926 233.5226917010732 352.68565640605505 English 0
246.4712943678751 353.4691934826468 230.72127238403482 353.995961349085 229.97058517903497 331.5514813558536 245.72051699993608 331.0247150000009 English 0
249.36277587141376 349.8899573955441 247.99507600000652 329.7131069999994 307.02940730101545 325.711624876515 308.3972460045334 345.8883250838118 English 0
235.7598004808824 427.5268774230601 239.9689076312643 455.70487855876695 159.56964199998765 467.71205400002214 155.36096038857067 439.5344343305886 English 0
280.98346635903 421.7017672104464 284.5310983897798 444.6750341237825 235.9383220000018 452.17758800001087 232.39089536589745 429.20450468793945 English 0
279.6826919999876 447.57986900003493 275.9712022730673 427.92421516674403 331.2022070000239 417.4964789999683 334.9138315628079 437.15195514646325 English 0
116.27924041276856 451.877504667194 118.89518500000122 470.91457000001327 85.48158676792809 475.50515158540685 82.86576500002411 456.46819700003107 English 0
114.69542999999248 469.2108969999838 113.29356800000824 451.02711741246867 155.0651420000213 447.8071949999959 156.46712274079619 465.9908445871475 English 0
433.31243616899883 424.9988171011656 334.04254285778734 435.43115645246183 332.2587104053673 418.45665936966617 431.52807600003143 408.02434800000003 English 0
430.24201863314374 402.66614418655377 467.83001013034664 400.06755623762945 469.6603619999951 426.5398690000005 432.0723716376233 429.13844631509244 English 0
465.8099709999806 420.5093079999796 465.79737509891856 394.23667765886074 506.8061598735949 394.216986285831 506.8189190921112 420.4894526985217 English 0
579.4577299999946 397.83902500000244 601.9297758209723 393.60366043358636 641.8796306721924 605.5333345474273 619.4076308926014 609.7685267158379 English 0
105.27787500002887 119.47943400002384 105.55311703086772 92.07378648247203 170.75704910203058 92.72859220619559 170.4818784321833 120.13416914362026 Manipuri 0
177.1616069178708 123.3930324279669 177.8119020000304 98.12815900003596 278.69784595597594 100.72469699227847 278.04765979613876 125.98946349894689 Manipuri 0