303.5925443006272 298.2204403816479 165.47084507030377 288.35397619216445 169.0442703451845 238.3417156448906 307.16458499999135 248.20812999999973 English 0
406.6618655727507 295.9585847656663 311.1339399999997 294.5972740000001 311.7878974442283 248.74079974460244 407.3149366954749 250.10210419833018 English 0
290.6589744019584 299.22971276291287 287.39436754411145 326.9508701842696 211.1487820000184 317.9719410000036 214.4135991258372 290.25102817499646 English 0
307.40233999997145 318.8978479999983 308.8570258663822 296.56812588506773 358.04568200001086 299.7722600000211 356.5911303105531 322.1018552722463 English 0
225.34441199997673 247.47424000000944 226.11039652962063 219.75279634729233 280.62196699997 221.25890599999428 279.8561177033116 248.98021810478073 Manipuri 0
352.6898693921976 219.95487002097389 352.66887799996766 251.11849800000874 287.61318141565425 251.07439508529237 287.63434968197544 219.91094307912607 Manipuri 0
163.5051299999759 403.7459189999646 164.4832610312733 377.0901226497317 228.24999800002843 379.429608000028 227.27212348007015 406.08515613796374 English 0
227.42625799997768 407.19681000001714 227.59591450594598 381.6142288327791 334.7675600000366 382.32423999996354 334.59830890969897 407.9064183407165 English 0
395.9268388120108 389.81586806561126 391.9674224546907 417.35664286639064 334.03678599999694 409.0288350000342 337.996399847616 381.4882988575697 English 0
280.71173842698045 383.21839759162236 237.29248600000574 377.00849999999764 243.9863640290423 330.21179625510655 287.4050809999608 336.4216549999984 English 0
313.0712238707929 376.5180220357621 282.0400949999748 370.2159960000016 290.02118066979165 330.9219032461907 321.05199199999333 337.2238960000054 English 0