53 3 91 3 91 27 53 27 English 0
321 203 430 203 430 243 321 243 English 0
217 180 318 180 318 230 217 230 English 0
109 161 185 161 185 211 109 211 English 0
92 12 141 12 141 39 92 39 English 0
141 23 199 23 199 52 141 52 English 0
364 190 394 190 394 208 364 208 Manipuri 0
394 194 424 194 424 214 394 214 Manipuri 0
322 238 366 238 366 254 322 254 English 0
371 245 396 245 396 260 371 260 English 0
396 248 428 248 428 263 396 263 English 0
294 234 318 234 318 247 294 247 English 0
149 214 186 214 186 231 149 231 English 0
137 67 153 67 153 83 137 83 English 0
270 232 289 232 289 243 270 243 English 0
455 213 543 213 543 256 455 256 English 0
549 226 640 226 640 269 549 269 English 0
558 206 591 206 591 225 558 225 Manipuri 0
593 211 638 211 638 232 593 232 Manipuri 0
500 253 543 253 543 279 500 279 English 0
583 132 639 132 639 159 583 159 English 0
558 129 583 129 583 152 558 152 English 0
534 123 561 123 561 146 534 146 English 0
543 103 590 103 590 131 543 131 English 0
203 375 236 375 236 502 203 502 English 0
32 350 68 350 68 468 32 468 English 0
131 107 149 107 149 120 131 120 English 0
58 32 70 32 70 42 58 42 English 0
78 36 99 36 99 50 78 50 English 0
116 123 134 123 134 136 116 136 English 0
168.66082197520882 133.7726252367759 166.40723899996374 143.77598999996505 136.38464316813042 137.01248827833368 138.63823699997738 127.009138999977 English 0
136.19268238115183 49.30334945443004 133.33079900003213 61.827152000000154 98.71595970238559 53.91712407252853 101.57784900002298 41.39333000002206 English 0
179.65093700746365 98.8501016636633 177.01436600000306 109.6891950000237 133.56538303254638 99.12041951959439 136.20196600000781 88.28134399997086 English 0
79.05958042560087 72.40570485174618 108.98075559984136 80.83881246735532 105.3297300000122 93.79280399999814 75.40855623272364 85.35969988764592 English 0
71.31362624386384 106.47746854789415 44.61723018801422 97.2313438559594 49.10367088348721 84.27774285478736 75.80004300005385 93.523863000006 English 0
111.42112158035161 100.15864359929 109.10191599999962 111.78826399998157 74.69071088366036 104.92592689743488 77.00992799997039 93.2963219999969 English 0
150 112 170 112 170 125 150 125 English 0
86 117 113 117 113 132 86 132 English 0
82.3293685959652 115.47695139508522 79.85380699996313 126.76022000000782 42.57255785916641 118.58071016520469 45.04813290346647 107.29745954827149 English 0
52.22768895422632 61.56047797362152 55.32859799997823 47.92368399996754 114.51179661678907 61.381457452116194 111.41090938355774 75.01823247175568 English 0
72.89695628402114 85.24950780822371 49.284041181381326 79.38773983925076 52.42580656406062 66.73188220056008 76.03870499995537 72.5936479999977 English 0
137 213 149 213 149 224 137 224 English 0
125 212 133 212 133 222 125 222 English 0
105 208 125 208 125 221 105 221 English 0
247 241 274 241 274 256 247 256 English 0
219 239 247 239 247 253 219 253 English 0
254 230 269 230 269 240 254 240 English 0
212 224 248 224 248 238 212 238 English 0
544 260 611 260 611 284 544 284 English 0
612 269 640 269 640 289 612 289 English 0
593 113 637 113 637 134 593 134 English 0
520 97 541 97 541 114 520 114 English 0
533.4678483481548 155.46305915451933 535.1890280000225 148.08831799997688 586.8107781603612 160.13595950163312 585.0896249963262 167.51067769744068 English 0
570 168 589 168 589 180 570 180 English 0
542 188 553 188 553 197 542 197 English 0
542 162 554 162 554 172 542 172 English 0
526 173 532 173 532 182 526 182 English 0
526 145 533 145 533 153 526 153 English 0
532 174 549 174 549 186 532 186 English 0
521 120 533 120 533 137 521 137 English 0
548.7398239328468 186.39507671835642 550.5682700000034 179.3383049999859 587.5518551563437 188.92066201444965 585.7234309680643 195.97741489112704 English 0
524 156 540 156 540 168 524 168 English 0
543 282 562 282 562 294 543 294 English 0
563 286 575 286 575 297 563 297 English 0
577 287 592 287 592 300 577 300 English 0
593 291 613 291 613 305 593 305 English 0
615 293 640 293 640 309 615 309 English 0
618 190 636 190 636 210 618 210 English 0
637 199 640 199 640 211 637 211 English 0
621 67 640 67 640 81 621 81 English 0
582 61 598 61 598 74 582 74 English 0
600 65 621 65 621 77 600 77 English 0
560 57 579 57 579 70 560 70 English 0
519 45 533 45 533 57 519 57 English 0