148.91546653067053 324.14314960688756 151.10036600002786 286.9605019999865 275.6325874438335 294.27708528533367 273.44825086023775 331.4591963519689 Manipuri 0
384.2391263735044 311.06850209055375 382.7976189472247 336.246809092409 272.36598441588285 329.9239801159971 273.8078030000179 304.7460049999949 Manipuri 0
384.25274689492653 340.1899649009447 385.45450500001607 311.7079700000327 474.1824088514113 315.4511251323913 472.9809715900774 343.9328103216561 Manipuri 0
110.41140306544548 394.3854095460029 107.99692900000082 336.8025479999691 280.84964082554507 329.554185812396 283.26539890884305 387.1356932794629 English 0
288.5256830432627 389.75431184647255 290.16949699995166 342.5898699999664 396.46506247903744 346.29379777433303 394.82195787371893 393.4575518610131 English 0
523.7946750318224 350.9384705648223 522.0621956451942 395.6264139031976 382.3725515006663 390.20963272933193 384.1058560000238 345.52254699997013 English 0
267.7733817695844 402.2696102763581 315.7825575261086 404.7877284492668 314.44028199999593 430.37562199999934 266.4311069677933 427.8575138129869 English 0
314.54689685211633 424.7366313815967 312.7747729999828 402.50813100001267 337.3150809012441 400.55195081571935 339.08728126181813 422.7803669121922 English 0
234.45835204649484 449.70501155227043 233.61953799998446 427.29655299997125 281.7726935818064 425.4942000489682 282.6116763945174 447.9024826240609 English 0
280.3367954472924 446.104323332954 283.3921260000352 423.9359110000272 314.5288566387171 428.22666847875894 311.47365180571796 450.39496745675 English 0
316.34195170416206 448.38799490788745 313.3229997115268 424.0249619470759 355.8948181867163 418.75035599171713 358.91391361110436 443.1132194614964 English 0
357.05542486481136 447.9815539072424 356.9021457855706 423.92859560238287 406.6629579014261 423.61145750965056 406.81642948751687 447.66422112896134 English 0
399.17401599996083 427.34911800001635 423.30749045511766 415.06200238790893 436.97188115991594 441.8969589044665 412.8384468272998 454.1840145809047 English 0