155.09515683697828 294.1613773661193 154.41243300003407 239.92151900003057 362.28647426280077 237.30356625010438 362.9702998682478 291.54230345115576 English 0
518.0651016903721 245.91870130389523 517.8463490000286 299.7072389999696 366.9089426947903 299.0918503838536 367.12851399999636 245.30413300002832 English 0
270.01418008017936 332.031831405117 269.0776709999773 298.7629490000094 353.16294419404585 296.3959067615087 354.0997710451484 329.66446083413354 English 0
356 299 373 299 373 332 356 332 English 0
377 303 423 303 423 338 377 338 English 0
197 341 298 341 298 388 197 388 English 0
311 340 400 340 400 383 311 383 English 0
403 342 500 342 500 381 403 381 English 0
214 395 259 395 259 422 214 422 English 0
259 392 318 392 318 418 259 418 English 0
318 393 353 393 353 419 318 419 English 0
357 393 396 393 396 417 357 417 English 0
293 436 326 436 326 457 293 457 English 0
312 461 349 461 349 483 312 483 English 0
440 392 489 392 489 414 440 414 English 0
213 202 336 202 336 245 213 245 Manipuri 0
345 207 462 207 462 245 345 245 Manipuri 0
35 266 71 266 71 281 35 281 English 0
89 266 117 266 117 283 89 283 English 0