466 361 511 361 511 392 466 392 English 0
174 281 246 281 246 326 174 326 English 0
239 340 274 340 274 366 239 366 English 0
274 346 296 346 296 374 274 374 English 0
294 352 321 352 321 378 294 378 English 0
321 360 354 360 354 388 321 388 English 0
356 368 402 368 402 401 356 401 English 0
409 346 468 346 468 385 409 385 English 0
399 250 451 250 451 285 399 285 Manipuri 0
327 229 398 229 398 268 327 268 Manipuri 0
271 208 329 208 329 245 271 245 Manipuri 0
587.0194289954088 337.82730000306543 574.8226270000305 380.75479500001825 446.0622759679245 344.17254683250377 458.259515000027 301.24578099999945 English 0
449.3460902533843 296.4568989284984 433.0522253422532 348.09591102781803 246.2458274128585 289.1536724750108 262.5402839999879 237.51577200000398 English 0
254.2006225608202 235.22730201016043 237.10274700002628 291.72775499999113 76.75607147211849 243.20508661073933 93.8544230000116 186.70547599997792 English 0
354.6993993547221 329.05216604154225 348.5883830000239 352.13454899998453 244.3425208080589 324.53709161687493 250.45372900000075 301.45501099998046 English 0
353 328 409 328 409 366 353 366 English 0
507 202 562 202 562 236 507 236 English 0
497 244 520 244 520 278 497 278 English 0
521 247 555 247 555 284 521 284 English 0
369 197 397 197 397 228 369 228 English 0
396 218 410 218 410 234 396 234 English 0
410 220 461 220 461 252 410 252 English 0
456 236 494 236 494 265 456 265 English 0
421.1243735599419 136.0373469047627 435.2044748998014 155.7849152195681 400.99842999996326 180.17345899998935 386.9183828745008 160.4259393806346 English 0
431.2424540000211 156.0284000000254 416.47008639869455 139.31640084309126 486.7249726823502 77.21610797273244 501.497291928099 93.92803959136323 English 0
579.86105995049 118.92798008139022 572.5651110000035 139.33157999997283 507.69989548534795 116.13710689450883 514.9958730000071 95.73356799999623 English 0
339.82096560088394 42.369287893955374 328.39271000004373 79.80442399997183 250.7107731299766 56.08952297468977 262.13905999997223 18.65443800003352 English 0
212.8575500194711 10.182328093398276 228.81952258983802 -11.20918598071978 266.5593230585364 16.95159160653191 250.59735645219916 38.34310043493084 English 0
408.4918727949844 82.5087949028945 397.5155049999739 104.13062599999844 325.175845677295 67.4073187815795 336.1522200000036 45.78553799999433 English 0
317.42618355980085 108.96007283187906 326.9353669999691 84.23586099999034 406.61625693355745 114.88162046913315 397.1071774351003 139.60574407373068 English 0
277.9800318400521 98.28437619944191 288.2370079999964 68.74732300002377 325.9364609351178 81.83868677183041 315.6795313760085 111.37570035337515 English 0
287.7461911094724 69.66659209751997 274.835918999961 99.83884600000395 232.08651173459657 81.54702683102151 244.99679699998524 51.37481100003109 English 0
330.8012725698063 131.11717306366634 322.5699335343961 147.6225973868152 233.0165685278189 102.96215250928795 241.24792000002344 86.45679999997027 English 0
226 83 240 83 240 100 226 100 English 0
221 133 234 133 234 149 221 149 English 0
326.26279264019104 184.57201326216122 319.47097558884707 197.21915436697006 257.17305394842697 163.76431110250218 263.9648760000273 151.11722800001542 English 0
267.9491373061319 157.64260671368066 256.7618193044473 170.3311341983533 227.00826120053534 144.09819737638216 238.19555900001433 131.4096980000181 English 0
295 144 328 144 328 168 295 168 English 0
473 32 495 32 495 56 473 56 English 0
523 57 556 57 556 78 523 78 English 0
488.55235263719806 55.687119056568164 495.419894000006 40.60569500001339 524.5637107027142 53.876719066013614 517.6961809914792 68.95813319494843 English 0
479.7611546680855 33.049137074903754 471.3188380000065 49.816017000020935 441.3190601898532 34.71078890733927 449.7613779999665 17.943916000009082 English 0
445.6174137275957 32.49223041217466 425.7330703484331 27.74807101623678 429.23128939837625 13.085894195132592 449.11562799999956 17.830053000004884 English 0
242.2697965236148 174.80484682649856 250.23502560216002 162.9880415235786 274.1112324017013 179.08165812853366 266.14602853442193 190.89844104263528 English 0
275.2297977678245 129.27567338927452 269.47990300002857 140.92761000000417 246.58926358490135 129.6318633236899 252.3391609999817 117.97994100002585 English 0
251.2259674883535 112.28471330790128 247.78859700003522 126.74745299996513 215.39482546271756 119.04844693404529 218.83221000003687 104.58572799999894 English 0
291.6881778910465 200.58657956719063 295.3459290216415 188.6399834973442 325.7899223390996 197.96089443601653 322.13220431222 209.90746223816006 English 0