181 230 225 230 225 256 181 256 English 0
224 239 279 239 279 267 224 267 English 0
279 250 350 250 350 280 279 280 English 0
220 260 243 260 243 271 220 271 English 0
243 265 263 265 263 277 243 277 English 0
265 269 287 269 287 281 265 281 English 0
288 274 308 274 308 285 288 285 English 0
167 285 201 285 201 299 167 299 English 0
200 292 218 292 218 302 200 302 English 0
218 294 230 294 230 305 218 305 English 0
230 297 248 297 248 308 230 308 English 0
248 300 266 300 266 311 248 311 English 0
267 304 295 304 295 317 267 317 English 0
295 310 327 310 327 323 295 323 English 0
327 315 347 315 347 326 327 326 English 0
193 214 238 214 238 235 193 235 Manipuri 0
239 226 278 226 278 247 239 247 Manipuri 0
279 232 346 232 346 256 279 256 Manipuri 0
237 275 257 275 257 289 237 289 English 0
258 279 269 279 269 290 258 290 English 0