337.54900068794086 320.4154584592137 342.1261509999749 214.98349399998932 477.86472298408626 220.8758835555373 473.28907677299867 326.3063978262732 English 0
344.1436553006497 218.94342079161322 326.94743000000017 315.21100499998636 190.06600625332794 290.759684274014 207.26321299996926 194.49335699996635 English 0
198.20600825580186 285.6372432072576 110.12315110710915 282.93100546888064 113.08721452332975 186.48576894518789 201.16859000001568 189.1919840000003 English 0
91.42090643814299 281.2113854790891 58.86773484045989 284.840543814026 47.67150185711216 184.41344213619246 80.22411526777432 180.78431498146713 English 0
115.89322951826034 272.2450747619649 89.9695652192895 274.5371198058398 81.84988499997417 182.70279700000074 107.77314831488184 180.41076975595362 English 0
77 135 110 135 110 169 77 169 Manipuri 0
124 146 149 146 149 170 124 170 Manipuri 0
161 146 222 146 222 180 161 180 Manipuri 0
229 148 324 148 324 186 229 186 Manipuri 0
331 161 422 161 422 204 331 204 Manipuri 0
383.48469591692265 383.95453744599047 389.3171450000227 353.4281760000316 466.3400086037291 368.14262612832806 460.50794030386896 398.6686529317809 English 0
366.6422010824317 346.9827057579414 361.1026100000163 374.73012599997685 306.46846039177035 363.8235219418158 312.00820300000487 336.07630599996475 English 0
205.16620617578155 339.0830241899942 211.61984680504247 311.4143285448447 292.97933956091583 330.3894231801123 286.5260316007334 358.05782996908135 English 0
215.6019516455126 314.9967194560519 210.03068500001973 341.35073999997707 172.52271521065268 333.4219972286109 178.09407000000647 307.06809800003225 English 0
107.55259107347229 315.3257576661661 111.07233599999745 291.80192200003273 165.2312414523476 299.9047902757383 161.71166123982402 323.42847805950294 English 0
73.13782953991904 308.6062940847945 78.50023400002101 282.9262690000042 112.17920376097027 289.9585162450951 106.81691195990425 315.6384428705842 English 0
133.35999639093643 352.4629877125625 138.50910599998315 328.7805520000314 187.28517553121492 339.3846097890288 182.13624063588213 363.0668932519184 English 0
223.240621247096 349.01315793732414 218.3904099999927 375.6548779999955 182.22797115937283 369.07186993515046 187.07828300000983 342.4302799999711 English 0
263.68911013458273 358.6739392922115 255.90906199999154 389.1190999999688 211.21877290395787 377.69974300932944 218.99894599999243 347.2547739999702 English 0
377.2322815550433 387.851848514239 371.93172699997376 414.20108800001145 282.1153344621416 396.134472223427 287.4161489999824 369.7855839999764 English 0
302.29269834962906 405.09421037647024 295.5245730000024 429.092563000002 227.558055685804 409.9262601571322 234.32633600001282 385.9281640000344 English 0
194.1831478835229 399.5167197819439 199.243392999997 378.91481400001055 235.03851673798636 387.7057876812585 229.97840035350237 408.30758234573665 English 0
313.7718687031156 535.4563521545304 309.11775398148166 547.3405119585606 273.5456205236551 533.4124435922411 278.1997709999996 521.5283740000036 English 0
280.16068161792646 520.2200590763143 275.68414200002735 534.510809000025 245.55928735659108 525.0760743523385 250.0358750000305 510.7854119999797 English 0
174.59595812535554 499.89213692479353 178.90637600001355 486.6638289999657 208.9475390532607 496.4508606136462 204.63721225314657 509.6790910501991 English 0
252.31255599974247 514.251292297208 247.4905562443746 525.9970587368279 201.27546030322264 507.02779205656384 206.0975000000326 495.2821369999921 English 0
14 480 40 480 40 508 14 508 English 0
8 317 37 317 37 346 8 346 English 0
9 355 48 355 48 383 9 383 English 0
0 385 55 385 55 418 0 418 English 0
25 425 41 425 41 451 25 451 English 0
2 214 33 214 33 244 2 244 English 0
12 173 26 173 26 202 12 202 English 0
20.36900400002196 539.1742279999819 14.653635573558859 514.8172892452624 40.499436000027345 508.75379499997445 46.21489072975237 533.1106075114284 English 0
43.80422328184068 539.5829753727205 51.007583546452224 560.501825426743 12.076731999986805 573.9042210000173 4.873581636857125 552.9855490792637 English 0
18 56 55 56 55 94 18 94 English 0
5 12 56 12 56 51 5 51 English 0
10 131 31 131 31 161 10 161 English 0
29 257 44 257 44 281 29 281 English 0