160 176 254 176 254 245 160 245 English 0
386 182 496 182 496 235 386 235 English 0
367 246 434 246 434 262 367 262 English 0
438 248 456 248 456 262 438 262 English 0
372 266 457 266 457 286 372 286 English 0
350 379 411 379 411 396 350 396 English 0
415 379 506 379 506 395 415 395 English 0
146 304 212 304 212 329 146 329 English 0
219 309 255 309 255 325 219 325 English 0
62 378 118 378 118 396 62 396 Manipuri 0
119 378 213 378 213 397 119 397 Manipuri 0
189 431 199 431 199 436 189 436 English 0
185 431 189 431 189 435 185 435 English 0
185 439 198 439 198 444 185 444 English 0
182 445 192 445 192 451 182 451 English 0
194 445 208 445 208 451 194 451 English 0
174 468 188 468 188 470 174 470 English 0
189 467 193 467 193 470 189 470 English 0
193 467 202 467 202 470 193 470 English 0
203 466 209 466 209 469 203 469 English 0