230 243 246 243 246 257 230 257 English 0
250 243 310 243 310 264 250 264 English 0
230 269 271 269 271 289 230 289 English 0
274 271 328 271 328 290 274 290 English 0
228 297 254 297 254 313 228 313 English 0
259 298 289 298 289 315 259 315 English 0
376 252 413 252 413 270 376 270 English 0
418 255 490 255 490 275 418 275 English 0
377 279 403 279 403 296 377 296 English 0
407 281 432 281 432 297 407 297 English 0
436 282 480 282 480 299 436 299 English 0
378 304 426 304 426 322 378 322 English 0
429 308 485 308 485 327 429 327 English 0
530 261 564 261 564 277 530 277 English 0
567 265 610 265 610 283 567 283 English 0
534 287 580 287 580 305 534 305 English 0
535 314 569 314 569 330 535 330 English 0
359 217 393 217 393 233 359 233 English 0
398 220 432 220 432 236 398 236 English 0
440 223 486 223 486 239 440 239 English 0
456.30986346819554 212.5902325334767 459.21331999998074 178.45556700002103 613.0258825331839 191.5376519761678 610.1228514147078 225.67192102425778 English 0
365.0916055871494 207.09035907377802 367.7270010000211 172.0535729999753 449.84769548369513 178.23023029079746 447.21252067211026 213.26680923100866 English 0
360.0603472813964 167.42886706034497 356.55457200002274 206.86441299996807 206.0390150364401 193.48311407152102 209.54514999997627 154.04796699996652 English 0
333.617915600189 159.37604651016116 335.9170959999756 135.24211099996927 384.992673262459 139.91731253685887 382.6935644884361 164.05118184348507 Manipuri 0
385.9937859999627 164.05108200003264 387.32373123886646 138.72402032976143 425.42611244098225 140.7247618889303 424.0962246534764 166.05176873259896 Manipuri 0
496.7009057338146 150.84667479716722 494.8198504533502 173.2974426392943 427.9652079385414 167.69590472815196 429.8463439999614 145.24522600003564 Manipuri 0