51.45804699997825 488.86036400001694 46.64686020965746 448.1705773249648 175.89999399999215 432.8889999999818 180.71196236021933 473.5778789930971 English 0
188.1447350000235 474.51909899999237 183.56603798376455 432.07089797033353 317.6893310000014 417.60472599997524 322.26885913478327 460.05197534307285 English 0
424.3398954079021 405.49382229289074 428.12422066424915 449.8806508178587 328.00005999997666 458.4146409999665 324.21650402393425 414.0285277462739 English 0
443.14038015625556 447.972572920117 438.6396149999928 407.7561529999999 557.2854481044487 394.47908016597586 561.7868671580072 434.6947466003926 English 0
379.27809299995715 390.05708399996433 365.7652077923558 288.70605353793957 542.6023806773446 265.1298169660419 556.117117918111 366.47862744612473 English 0
331.87007063403144 295.239593447998 339.8667040347209 387.5651163781171 219.76239600000554 397.9651609999722 211.7673057760112 305.64107682930234 English 0
215.28300408652285 308.1889758255923 223.25154038167966 401.7204910968249 45.728815000038594 416.8400300000357 37.76269219837559 323.31076849052806 English 0
138 190 203 190 203 216 138 216 Manipuri 0
220 184 348 184 348 208 220 208 Manipuri 0
366 169 445 169 445 200 366 200 Manipuri 0
191 224 407 224 407 295 191 295 English 0
341 294 371 294 371 384 341 384 English 0