166 165 264 165 264 240 166 240 English 0
391 188 505 188 505 248 391 248 English 0
371 249 439 249 439 270 371 270 English 0
442 257 461 257 461 272 442 272 English 0
374 270 460 270 460 296 374 296 English 0
345 381 407 381 407 402 345 402 English 0
410 385 501 385 501 407 410 407 English 0
146 292 213 292 213 321 146 321 English 0
219 302 256 302 256 321 219 321 English 0
57 360 114 360 114 382 57 382 Manipuri 0
114 364 209 364 209 389 114 389 Manipuri 0
182 421 192 421 192 427 182 427 English 0
178 422 182 422 182 426 178 426 English 0
177 429 190 429 190 435 177 435 English 0
174 436 184 436 184 442 174 442 English 0
185 436 199 436 199 443 185 443 English 0
164 457 178 457 178 460 164 460 English 0
179 458 183 458 183 461 179 461 English 0
183 457 192 457 192 461 183 461 English 0
193 458 199 458 199 461 193 461 English 0