174 248 216 248 216 269 174 269 English 0
218 251 271 251 271 273 218 273 English 0
273 256 343 256 343 278 273 278 English 0
214 273 237 273 237 282 214 282 English 0
238 275 257 275 257 284 238 284 English 0
260 276 281 276 281 285 260 285 English 0
284 278 303 278 303 287 284 287 English 0
164 304 198 304 198 314 164 314 English 0
199 306 216 306 216 314 199 314 English 0
217 307 228 307 228 317 217 317 English 0
229 308 246 308 246 317 229 317 English 0
247 309 264 309 264 318 247 318 English 0
266 311 294 311 294 320 266 320 English 0
295 312 326 312 326 322 295 322 English 0
327 314 346 314 346 323 327 323 English 0
183 230 227 230 227 246 183 246 Manipuri 0
230 236 268 236 268 252 230 252 Manipuri 0
271 237 337 237 337 253 271 253 Manipuri 0
233 286 252 286 252 298 233 298 English 0
254 287 264 287 264 297 254 297 English 0