127 155 208 155 208 200 127 200 Manipuri 0
217 159 262 159 262 200 217 200 Manipuri 0
272 145 538 145 538 223 272 223 Manipuri 0
2 207 130 207 130 312 2 312 English 0
4 343 71 343 71 384 4 384 English 0
87 343 212 343 212 385 87 385 English 0
333 345 398 345 398 380 333 380 English 0
402 344 477 344 477 379 402 379 English 0
487 345 535 345 535 374 487 374 English 0
223 344 268 344 268 377 223 377 English 0
271 342 318 342 318 376 271 376 English 0
7 386 56 386 56 414 7 414 English 0
60 379 166 379 166 423 60 423 English 0
183 383 256 383 256 418 183 418 English 0
260 377 353 377 353 418 260 418 English 0
365 376 443 376 443 416 365 416 English 0
448 379 534 379 534 413 448 413 English 0
547 380 575 380 575 408 547 408 English 0
580 374 640 374 640 409 580 409 English 0
10 423 60 423 60 457 10 457 English 0
63 422 136 422 136 455 63 455 English 0
16 520 70 520 70 564 16 564 English 0
82 517 160 517 160 564 82 564 English 0
169 518 234 518 234 558 169 558 English 0
245 474 523 474 523 557 245 557 English 0
526 469 640 469 640 543 526 543 English 0
368 556 441 556 441 602 368 602 English 0
449 550 571 550 571 602 449 602 English 0
167.7926689999731 308.188675000033 169.40533135995793 210.6593827045857 639.7701930806943 218.42830023034094 638.1621185426775 315.9530249081164 English 0