476 304 520 304 520 334 476 334 English 0
176 319 247 319 247 363 176 363 English 0
253 360 288 360 288 385 253 385 English 0
290 355 311 355 311 382 290 382 English 0
310 354 337 354 337 379 310 379 English 0
337 352 370 352 370 379 337 379 English 0
374 346 420 346 420 379 374 379 English 0
418 306 477 306 477 344 418 344 English 0
376 219 428 219 428 253 376 253 Manipuri 0
302 219 373 219 373 257 302 257 Manipuri 0
241 220 299 220 299 257 241 257 Manipuri 0
578.2749290324864 249.92363884879708 580.7193539999571 294.48265499998615 447.0649453092483 301.81304696176215 444.62116299997433 257.2546429999728 English 0
434.633328809723 255.62889555227147 436.0402385926136 309.75953373422294 240.22229151960346 314.84619234009364 238.81653299999016 260.71668399997174 English 0
230.1850518995343 261.26754513446605 232.41456499999913 320.2567729999845 65.00709940963134 326.58149852987316 62.7787040000112 267.5933500000233 English 0
355.7554042666743 317.2620211320774 357.4928329999966 341.07634599999585 249.94214102065598 348.9214259193891 248.20505099996808 325.10741899998936 English 0
359 307 414 307 414 344 359 344 English 0
463 139 517 139 517 172 463 172 English 0
467 186 490 186 490 220 467 220 English 0
492 179 525 179 525 216 492 216 English 0
330 183 358 183 358 213 330 213 English 0
361 196 375 196 375 212 361 212 English 0
377 188 427 188 427 220 377 220 English 0
425 189 463 189 463 217 425 217 English 0
355.72261058965523 113.13703186748585 375.46472572728817 127.22473845119518 351.0624519999692 161.4208989999903 331.3203622084984 147.33322258625455 English 0
371.79787599998235 128.74480599999777 352.3894527374796 117.75270592245067 398.598754298946 36.16291871640359 418.00708967391984 47.154987567963225 English 0
500.2407878041413 45.28030785158358 499.985119999983 66.94749599999022 431.10251272984897 66.13463361438912 431.3582110000425 44.46747599999527 English 0
248.35331538881292 51.041880366222294 249.73543300002348 90.15822199996552 168.56491933933285 93.02611431420516 167.18288800002483 53.909852999970845 English 0
169.18707313721825 49.48231339622693 162.67999700001383 76.28345100001306 111.00919389893534 63.73823249973987 117.51628999998502 36.937124999980256 English 0
326.3511009256763 66.63752285806639 323.0121560000407 90.65491699996417 242.65773929742863 79.48382413400064 245.99672800002736 55.46648399997515 English 0
248.85858788235055 121.29578386293494 249.80022299998382 94.82269199996958 335.11718276524334 97.85725264385073 334.1756429423549 124.33025178863828 English 0
208.08584061254805 124.04412370587637 208.167631000033 92.77694500000116 248.075228814414 92.88133121764004 247.9934888920252 124.14845932019377 English 0
208.00278584240004 93.80589753537166 205.61906199996884 126.53752599997156 159.24349189343047 123.16011741379452 161.6272719999688 90.42854899998235 English 0
268.718511317129 137.89112262191264 266.30934145854553 156.17721314752072 167.09496665731422 143.10573005434347 169.50421699999424 124.81973500000116 English 0
156 124 170 124 170 141 156 141 English 0
168 173 181 173 181 189 168 189 English 0
281.8304838553013 189.91129860161678 279.5262950508186 204.08064108760274 209.7306514193042 192.73072526123312 212.0348969999759 178.56145399998738 English 0
217.9265456424764 183.4341474715974 211.47972134996962 199.07363305749521 174.8065456974291 183.95673146927925 181.25338500001817 168.3172880000117 English 0
242 156 275 156 275 180 242 180 English 0
374 0 396 0 396 17 374 17 English 0
428 0 461 0 461 19 428 19 English 0
393.5638053044386 15.235623963069699 395.09410325073986 -0.7074782884594428 426.72447181605094 2.32856058507339 425.19417559677095 18.271661200936258 English 0
375.1114704097563 -3.9650658961129204e-7 375.111470999982 15.271429999991348 345.7110404060222 15.271429388456836 345.7110410000314 -2.7419363124229388e-11 English 0
324.53433899994707 6.275858999970514 324.8777984708431 -0.9330176163867623 345.5136812377168 0.050157532261411175 345.1702219539584 7.259033967333506 English 0
199.23376056351117 208.02177367150875 202.91782772634178 194.25552742826244 230.73274475282233 201.69900257541738 227.04871274407196 215.4652186399825 English 0
215.57513645355357 154.2423467863689 213.93204300002253 167.1314640000224 188.61101204660372 163.90359379261852 190.25412199996936 151.0144960000072 English 0
187.34732391189027 145.9919641555011 188.8059020000219 160.78586000001937 155.67049532182864 164.05268244370035 154.21194800001103 149.25881500002058 English 0
254.35354622350133 216.30981737595292 253.92247228315682 203.82325053186696 285.74231010774383 202.72474831595574 286.17341390061483 215.21128404936346 English 0