192 134 269 134 269 181 192 181 Manipuri 0
279 133 322 133 322 191 279 191 Manipuri 0
327 127 399 127 399 184 327 184 Manipuri 0
122 186 171 186 171 207 122 207 English 0
424 191 471 191 471 210 424 210 English 0
114 228 252 228 252 319 114 319 English 0
259 232 367 232 367 316 259 316 English 0
377 230 480 230 480 312 377 312 English 0
123 346 138 346 138 388 123 388 English 0
143 341 323 341 323 384 143 384 English 0
329 339 406 339 406 381 329 381 English 0
410 336 476 336 476 380 410 380 English 0
114 410 258 410 258 436 114 436 English 0
115 476 173 476 173 501 115 501 English 0
181 473 215 473 215 500 181 500 English 0
224 471 280 471 280 498 224 498 English 0
359 472 395 472 395 492 359 492 English 0
452 469 488 469 488 494 452 494 English 0
395 515 438 515 438 539 395 539 English 0
443 513 480 513 480 543 443 543 English 0
354 522 385 522 385 549 354 549 English 0
230 529 261 529 261 550 230 550 English 0
115 529 160 529 160 554 115 554 English 0
150 574 239 574 239 601 150 601 English 0
245 571 299 571 299 596 245 596 English 0
303 568 405 568 405 593 303 593 English 0
409 564 449 564 449 587 409 587 English 0