285 420 324 420 324 436 285 436 English 0
328 423 344 423 344 440 328 440 English 0
347 425 370 425 370 441 347 441 English 0
198 431 242 431 242 456 198 456 English 0
244 436 286 436 286 460 244 460 English 0
289 441 342 441 342 467 289 467 English 0
349 446 414 446 414 475 349 475 English 0
416 452 469 452 469 481 416 481 English 0
219 461 263 461 263 479 219 479 English 0
267 467 298 467 298 483 267 483 English 0
302 471 328 471 328 486 302 486 English 0
331 473 388 473 388 494 331 494 English 0
392 480 430 480 430 499 392 499 English 0
233 484 268 484 268 501 233 501 English 0
269 490 319 490 319 507 269 507 English 0
322 496 376 496 376 516 322 516 English 0
377 503 416 503 416 519 377 519 English 0
286 395 315 395 315 414 286 414 Manipuri 0
318 399 344 399 344 417 318 417 Manipuri 0
346 400 373 400 373 422 346 422 Manipuri 0
181.0920777998399 197.62214603989545 181.39612660852436 215.85814117802903 139.0776840000035 216.56359400000244 138.77369548223214 198.32765810154572 Manipuri 0
214.52448369287595 198.25682221546703 214.58311702968786 212.15052950850196 184.96207900003355 212.27547899999553 184.90347720296995 198.38180301592146 Manipuri 0
238.60818070243113 197.78727115180652 238.69618751428789 210.4596450346424 215.15991399995983 210.6230610000124 215.07192998346 197.95070972634903 Manipuri 0
293.4897785618523 193.7135488857105 293.9279543788143 211.36845349782237 240.6988278737117 212.68935430378656 240.2607247269043 195.03452035806308 Manipuri 0
162.0111370000086 223.97330400000573 162.26671603879367 212.37265366978482 210.5085880000115 213.43538600002861 210.2530554979603 225.03599064891642 English 0
211.49434599996312 223.79615300003164 211.66315164067782 212.56264686495584 230.56343299998844 212.8466450000242 230.3946448561328 224.08013389623673 English 0
259.05288022666355 213.1760300682569 259.18055172915047 223.06999210530842 231.9359329999861 223.42150300002206 231.80828365562775 213.52756285807374 English 0
151.0811670000112 274.7501870000099 151.42209353318322 261.6952166909075 179.05657399998745 262.416823999991 178.71568441456475 275.4717582770194 English 0
181.61388000000443 274.8978860000006 182.68698369261983 260.43646123400225 199.66359300000477 261.696135999974 198.59051549887226 276.1575361553712 English 0
236.24586067053315 277.44097310247844 224.26533600002585 275.56507300000396 226.7599761929887 259.63392591565116 238.74046299999463 261.5098230000019 English 0
146.03112523516756 225.63907902616717 145.3290263513918 258.9755292487638 75.5292339999869 257.50521500000286 76.23153729880869 224.16897337780128 English 0
115.29212047702458 289.6445315899057 85.73932300205342 287.8840855763614 86.60466339664708 273.35914967209595 116.15737100000842 275.11959300000143 English 0
119.81230299999879 288.95846900003176 120.47640242322814 274.98404599910947 166.25756100002036 277.1594780000113 165.59353198099416 291.13383353682525 English 0
202.402599880661 225.70425786311208 201.9648195042828 258.6607161830524 148.6268630000268 257.95202100001904 149.06479920973652 224.99572064538745 English 0
206.90382000000682 258.00345899997245 207.29803793474275 225.26077239590887 253.07733400004508 225.81189999999 252.683252539573 258.554451687288 English 0
168.91833699999552 290.19035900000955 169.7894114365772 275.5310374724143 197.09047800002736 277.15318700001825 196.21944816528412 291.812466178145 English 0
198.33777400002873 289.15912999996704 198.67807580340013 276.9745943050605 226.63732300003176 277.7553980000036 226.29705808001745 289.93989778895593 English 0
229.81833199999528 290.8317919999665 230.27219368705119 276.9961120609928 266.60615799999505 278.18788599996446 266.1523511937412 292.02351274991645 English 0
257.56103699997766 258.2895300000035 257.65138679838856 222.2255443647018 365.5749620000279 222.49556499999488 365.4849611746613 258.55920240130183 English 0
313.50683934513654 292.3854273904103 274.31049542974506 293.46675206070324 273.9217173217912 279.3728570540263 313.1179439999687 278.29153400000087 English 0
0.5783778462500777 370.13196645582417 15.96922500000801 372.21130899999775 14.918544824540731 379.9874056288211 -0.47230188552930485 377.9080653594414 English 0
26.216983208287274 341.7407138133673 25.217987371070194 361.0802500937601 -0.9990583451872226 359.7260371995798 0 340.38656699998273 English 0
7.21377523666888 380.31886400112626 6.369840404076967 388.50710595628186 -0.8439423042000271 387.76367947447454 0 379.57544600000574 English 0
23.455082051077625 382.1524887647243 22.93232929863734 389.2175370430216 7.002552999983891 388.03897499997856 7.525320583736175 380.9739428791332 English 0