67.1970809999766 511.62277200000693 58.8572231951548 471.50730303788794 186.28726200004166 445.01856699998086 194.627796850109 485.13310725550366 English 0
202.1137109999836 485.423050000034 193.852263913941 443.53565715246134 326.20493700000225 417.4346990000237 334.4670914475864 459.32114140102414 English 0
431.39414157369174 396.07474470290293 439.0330611512036 439.9628138357611 340.0332480000361 457.19068000000834 332.39511806816154 413.30330939680437 English 0
453.8257868063374 436.75311765670136 445.83660899996175 397.082090000014 562.8733720871242 373.5147520819573 570.8630771669414 413.1850647338176 English 0
385.15839899999264 384.6240690000352 362.8627796606452 284.83662592813704 536.9723599722784 245.9372238229692 559.269447545812 345.7225622160173 English 0
329.66689881825005 294.2993201310064 345.6804152837867 385.57659437794973 226.93894199997885 406.40476299999546 210.9270465686859 315.1289258483849 English 0
214.6520761604188 317.3605531187854 230.74297784689406 409.84179589993863 55.21266399999149 440.37583399998823 39.124385003597126 347.89691835751125 English 0
128 201 195 201 195 232 128 232 Manipuri 0
208 182 338 182 338 217 208 217 Manipuri 0
353 159 434 159 434 197 353 197 Manipuri 0
183 217 404 217 404 307 183 307 English 0
338 290 376 290 376 382 338 382 English 0