116.94218696829921 204.04274556607885 321.4426867241855 218.68138514116097 318.31793808545626 262.3322019969086 113.81744399994204 247.69361800000075 Manipuri 0
332.55026700004237 262.8031550000121 334.2956096646958 224.419694574848 537.2287229872018 233.64539945150537 535.484131116973 272.0281386191454 Manipuri 0
5.268892000021879 239.63375299998205 9.272638455222477 201.2015430736669 103.89368800002558 211.05830099999142 99.89027530566091 249.49020370617845 Manipuri 0
8.759221000000252 323.00635200002665 12.8878080045979 253.78797867438567 272.4168791488046 269.2642020954279 268.2903818932391 338.4805944021937 English 0
284.5363210000505 331.5693829999865 288.8716795135406 267.59334263030024 581.8569684674003 287.4425530540914 577.5239062551555 351.4164244679759 English 0
131.8233378935838 372.23514633555385 32.92050099997141 364.4081219999982 36.303802893526154 321.6674631390148 135.20554734343023 329.4944439506739 English 0
33.98212701926241 375.30796746417025 -0.8187642756820424 371.7124549538728 4.255671904829796 322.60348684578025 39.056117000000086 326.1989760000011 English 0
315.4963027391932 345.6212837324116 310.2135461558646 388.1479407061165 236.46764999997686 378.98736400000615 241.7507689582999 336.46112859321545 English 0
334.5888808267773 387.75042149482346 309.0642065551219 385.6210433575057 311.816836711223 352.6303415355743 337.34128000003693 354.7597100000023 English 0
497.29457170993555 595.1517455441402 492.4576580660505 655.921797867216 227.53337899994222 634.8314150000263 232.37364994580275 574.0650305593077 English 0
296.7919339999935 576.4129169999692 301.28243842067604 548.0829535615962 361.7640404231497 557.667254365683 357.27394612120406 585.996852476798 English 0