147 238 315 238 315 294 147 294 English 0
318 243 410 243 410 287 318 287 English 0
413 243 485 243 485 285 413 285 English 0
136 309 269 309 269 344 136 344 English 0
274 310 304 310 304 336 274 336 English 0
309 310 375 310 375 338 309 338 English 0
379 307 445 307 445 337 379 337 English 0
448 307 507 307 507 332 448 332 English 0
225 353 256 353 256 374 225 374 English 0
265 352 326 352 326 376 265 376 English 0
329 352 375 352 375 373 329 373 English 0
380 350 432 350 432 370 380 370 English 0
184 196 298 196 298 237 184 237 Manipuri 0
305 197 375 197 375 234 305 234 Manipuri 0
379 196 448 196 448 234 379 234 Manipuri 0