77.6257859999896 298.7283039999696 77.80351715671713 208.2187221561551 304.2487711256399 208.66190323410416 304.0729797694803 299.1695514241416 English 0
567.8286907884467 216.58009876054751 567.0645506103028 298.76299679705323 316.8230210272304 296.43238190413143 317.58910299999116 214.25144200002302 English 0
115.72587780428876 350.8883332051106 77.42337312658492 347.5645443078722 80.26437700005772 314.83019800000295 118.5665722185513 318.1539734020095 English 0
118 310 196 310 196 350 118 350 English 0
194 314 265 314 265 359 194 359 English 0
258 314 318 314 318 354 258 354 English 0
319 314 403 314 403 352 319 352 English 0
407 315 493 315 493 352 407 352 English 0
191 423 417 423 417 616 191 616 English 0
156 156 303 156 303 206 156 206 Manipuri 0
307 166 510 166 510 211 307 211 Manipuri 0
1 448 45 448 45 627 1 627 English 0