123 24 421 24 421 103 123 103 Manipuri 0
34.166362738542375 233.9527764838765 22.83905299998878 116.61883800000679 522.052525295876 68.4199835159812 533.3827898721211 185.75056570581694 English 0
83 216 399 216 399 297 83 297 English 0
414 207 506 207 506 261 414 261 English 0
212 281 414 281 414 350 212 350 English 0
47 367 180 367 180 433 47 433 English 0
191 341 395 341 395 412 191 412 English 0
405 317 568 317 568 384 405 384 English 0
179 405 363 405 363 472 179 472 English 0
369 384 478 384 478 450 369 450 English 0
97 486 305 486 305 534 97 534 English 0
318 442 543 442 543 497 318 497 English 0