298.98572624057124 241.77347867083628 298.94425122707617 272.6246611975298 159.34651407624187 272.43587393950895 159.38840015071037 241.58510383664265 English 0
352.8723314705712 281.2024333930073 352.1370969573036 321.98986133812645 145.82396400837752 318.26825277364816 146.5601173027244 277.481759189631 English 0
15 291 38 291 38 306 15 306 English 0
9 307 21 307 21 316 9 316 English 0
0 291 11 291 11 305 0 305 English 0
27.373444999975618 314.5865089999644 27.751307815051405 307.1771030412662 34.7005964199343 307.5314759404668 34.32273985046777 314.9408759322498 English 0
53.23509932830348 307.6420564202068 53.17697092119488 314.8275366862081 35.44757600000594 314.6840950000313 35.50571902298543 307.49862945490133 English 0
59.26467864403094 315.29574234817244 53.4165309999662 314.0979869999983 55.060700097019435 306.07079278725814 60.908836999951745 307.2685469999931 English 0
62.19610100000864 314.7095789999847 62.33632805808156 306.7191686612322 101.12454177542531 307.3997623554867 100.98435119609348 315.39013681639005 English 0
128.4659525623283 295.8116455084497 128.32251306870603 306.73697310365844 40.99124150292482 305.5899851466632 41.134786215479835 294.6647640307468 English 0
122.82323749597708 308.29502246853986 122.73420628778695 316.1087876227409 104.57097602818976 315.901818792941 104.66002351538918 308.08807007370524 English 0
15.279621000008774 319.9261509999654 15.27470898894535 315.4805517149462 35.357248000000254 315.45834600001245 35.362170548251015 319.90393473012256 English 0
36.888878000027034 320.21772499998576 36.825648296799045 315.5104823955529 56.11377100001846 315.2513990000116 56.177011285326444 319.9586308738726 English 0
51.424354999981006 325.3846390000337 51.50194640176778 320.92748993969803 73.64682999999786 321.3129410000246 73.56925066975236 325.77007819386665 English 0
57.658446000059485 319.91794400003505 57.67440911542508 316.13379382363235 93.78406526353501 316.28603914558596 93.76811837973946 320.0701731567082 English 0
108.21837008050352 316.32602926259233 108.20208205441304 321.12710964094276 95.08676353798364 321.082603922046 95.10305900003004 316.28153100000713 English 0
108.34913500002585 321.45657000002495 108.26467801438412 316.7198788531204 118.48135599997477 316.5377219999727 118.56581862193707 321.2744074062434 English 0
45.6362110000191 293.33031700000504 45.81225889865891 288.85472126684806 58.40491800001473 289.3500179999946 58.22887643902504 293.825607620057 Manipuri 0
99.48733250188525 290.4848148643236 99.4308997184271 294.2547001053787 59.19957426995097 293.6524055270313 59.256023272973835 289.8825367629376 Manipuri 0
307.23247800000536 240.70152399996704 307.3795990085637 228.97303012950886 337.6012120000087 229.35208799996468 337.4541223678534 241.08055084722082 Manipuri 0
337.36604999998235 242.92856000003292 337.53884100398864 225.85682007502106 384.3648390000453 226.33069000002058 384.1921184852981 243.4023600357369 Manipuri 0