102.78022100006638 233.43141799999836 307.3279137730424 219.4679073486285 310.3085641067446 263.12891209352097 105.76087735054898 277.0923662731031 Manipuri 0
324.46786699998484 261.6131309999889 320.85398880830326 223.360342223076 523.0961636882421 204.25308553738003 526.7106427716499 242.50519970126416 Manipuri 0
0 284.11568000001927 -1.3841202615003567 245.50024638826335 90.83506599999964 242.1946999999911 92.21952207888535 280.8097836972415 Manipuri 0
12.206598999982816 366.2934389999708 6.661185464108712 297.1737337172717 265.8182928481983 276.3803001522792 271.36566143461096 345.49785936325 English 0
286.49159799999325 336.3923810000029 281.88028069962456 272.4356457476524 574.7767879616003 251.31522031715406 579.3899949618935 315.2698963563534 English 0
140.92453548022604 397.9172473174453 41.89475500003027 403.9296900000002 39.29681017769326 361.1340661964229 138.3253922600852 355.1216600575862 English 0
44.465418598483666 414.6404573426477 9.381940000021132 415.9272609999995 7.569999332554289 366.525273429179 42.65297500001907 365.23847899999964 English 0
319.1055404525832 345.9987482126584 319.79332792790956 388.8468114052105 245.49003499996616 390.03875899999736 244.80268874678586 347.1911273657696 English 0
343.87595996937307 385.06069805951773 318.3033175073797 386.50403692149405 316.4377220188908 353.4513233225019 342.0101330000034 352.00799100000046 English 0
533.8612563003699 567.799758758443 537.3824150964356 626.182143975565 272.26830659099505 642.1566993076948 268.7508264456119 583.7777485111812 English 0
332.7035739999701 577.1474629999798 333.2066558337101 548.4682964372614 394.43351363595866 549.5418423008614 393.93080601643305 578.2206415988471 English 0