304.36261974806257 297.661094340986 166.66939331480535 282.9805019757559 171.98603672906756 233.12339499477764 309.67790399998194 247.80391400000045 English 0
407.4481106618623 298.99750562536656 312.02588399995875 294.30332799999854 314.2798176881479 248.4976139253625 409.7011559223756 253.1917696722529 English 0
291.40172039027675 298.21838117592654 287.17158496627235 325.8087003490522 211.28586999999243 314.17432399997534 215.51620105383336 286.58424640295016 English 0
307.4484790000133 318.4588670000296 309.6816312068404 296.1935151086958 358.7284440000076 301.11235700000856 356.4954291351023 323.37758222608164 English 0
227.93318700001691 244.21498799997838 229.66620701037755 216.5371626567239 284.0919700000086 219.94478199998167 282.3590876237722 247.62247727402382 Manipuri 0
356.1615226264257 221.15667361388662 355.0529069999902 252.30058700000686 290.0383666920243 249.98610810736926 291.1471526414243 218.84237063167592 Manipuri 0
160.6777719999809 398.23331100001474 162.58567894459702 371.62789352846653 226.2318260000029 376.19137599998817 224.3241794133064 402.79654848433654 English 0
224.439526999995 403.9129149999793 225.50200097379275 378.3518333056358 332.58347900002263 382.8016540000242 331.52142165425175 408.3623346097076 English 0
393.44404802475765 392.42314363374396 388.5257739453664 419.80893370841585 330.92117399995914 409.46447799998117 335.83963264216436 382.07892615403694 English 0
278.5293913337955 381.8086189804079 235.35330099999555 374.0873210000044 243.6762635766354 327.552855048012 286.85182900000655 335.27410499999655 English 0
311.1030067614047 376.2416938992085 280.3107060000184 368.86062400000515 289.658256045077 329.86908701956105 320.45024599996395 337.2501179999929 English 0