72 200 116 200 116 233 72 233 Manipuri 0
125 187 222 187 222 221 125 221 Manipuri 0
228 175 291 175 291 208 228 208 Manipuri 0
297 161 406 161 406 198 297 198 Manipuri 0
67 226 167 226 167 275 67 275 English 0
171 208 295 208 295 253 171 253 English 0
72 272 151 272 151 301 72 301 English 0
158 257 239 257 239 284 158 284 English 0
170 283 243 283 243 308 170 308 English 0
253 265 317 265 317 293 253 293 English 0
319 253 383 253 383 281 319 281 English 0
385 247 420 247 420 270 385 270 English 0
215 299 329 299 329 333 215 333 English 0
143 324 210 324 210 351 143 351 English 0
149 355 184 355 184 377 149 377 English 0
186 329 302 329 302 368 186 368 English 0
380 319 443 319 443 345 380 345 English 0
303 190 406 190 406 232 303 232 English 0
417.5692020000133 215.5972369999984 411.6748040325183 182.95776633520398 560.7945768409991 156.02813846403126 566.6892384731909 188.6672652333908 English 0
391.93212906247936 246.9989810535801 254.96315899996262 271.3578660000038 250.95882042580342 248.84105025875598 387.9272259660502 224.48221672704616 English 0
571.3941818889725 195.02174791882322 574.5283050243597 213.37537016756013 402.9938652954297 242.66482781110267 399.86003499994695 224.31146500002228 English 0
483.27884712714877 233.16520058661087 486.2810916570743 250.99890151937433 424.3459395496029 261.42477402789865 421.3438110000425 243.59117599999055 English 0
488.17443200001435 248.3148559999735 485.51185372161854 229.03541815632934 530.6377610000345 222.80352800002424 533.3004034333862 242.0828888880611 English 0
373.0085539999709 304.9632540000146 369.09518486347224 285.83665573007227 433.4770269999717 272.6645669999763 437.39049524047005 291.7910300795858 English 0
518.9596057675953 254.86839370070183 522.7439115732705 271.53591301146474 441.89415500004543 289.8911780000198 438.1100104019424 273.2237986161458 English 0
536.9877422838908 314.6495350591765 541.8570484970405 333.09990574297376 454.7247079999943 356.09283800002527 449.85564300885017 337.6426746304246 English 0
449.98218575230567 355.673143181641 385.4760879999958 371.2030689999988 381.2626892478147 353.70304360316743 445.7684935771249 338.1731546551025 English 0
157.32296399997722 431.8949969999934 152.42643796431366 412.4289270479202 306.81623299999046 373.59662200003254 311.7130640866526 393.0622281116887 English 0
153.27571100002388 407.3561739999851 148.08636194647988 386.85420241739246 296.6546543245204 349.2521078074154 301.8442926764692 369.7536362417761 English 0
440.2756558828696 295.44515366728933 444.4069327865873 314.0626735950753 377.00492199997825 329.01793099997155 372.87381666115834 310.4005601742167 English 0
447.39348899995093 313.29839199996877 442.43592811784765 293.44380138327017 520.3020973378443 274.0021325685887 525.2597731281276 293.8565492334534 English 0
592 182 620 182 620 229 592 229 English 0
619 231 635 231 635 253 619 253 English 0
611 263 638 263 638 286 611 286 English 0