101 151 145 151 145 185 101 185 Manipuri 0
155 156 252 156 252 191 155 191 Manipuri 0
259 165 322 165 322 199 259 199 Manipuri 0
328 171 437 171 437 210 328 210 Manipuri 0
88 181 189 181 189 232 88 232 English 0
193 189 317 189 317 237 193 237 English 0
85 225 164 225 164 255 85 255 English 0
172 231 254 231 254 259 172 259 English 0
178 257 252 257 252 284 178 284 English 0
263 258 328 258 328 287 263 287 English 0
330 261 395 261 395 290 330 290 English 0
396 267 431 267 431 290 396 290 English 0
217 287 331 287 331 322 217 322 English 0
143 291 210 291 210 319 143 319 English 0
142 319 178 319 178 342 142 342 English 0
182 310 298 310 298 351 182 351 English 0
374 339 437 339 437 366 374 366 English 0
326 199 430 199 430 243 326 243 English 0
438.5540210000181 240.22136799997796 440.1533217730321 207.09250872759728 591.5088863731944 214.39822348920183 589.9100295364769 247.5266564189222 English 0
406.5102399211173 265.04984160576464 267.57214800003567 257.97445500000083 268.73564421715855 235.1339734987296 407.67314582073595 242.20934503619208 English 0
593.0649901516153 254.7757140667337 591.9900613393838 273.3639481690051 418.2632433716208 263.31647793797407 419.3384640000295 244.72855499997195 English 0
498.62760446892935 272.120447640998 497.54102801627596 290.17241119859614 434.8479345683154 286.39877191232733 435.9346209999785 268.3469260000134 English 0
499.98978100004024 287.9831580000183 501.7326198620867 268.59885409008757 547.1035780000238 272.6778539999906 545.3608383812389 292.0620658202014 English 0
375.03248000000895 317.27297499997746 375.5222638487612 297.7561943728217 441.2167739999859 299.40454799997167 440.72714081790764 318.9211813763624 English 0
528.5117080562486 301.29374245361004 528.4494888851623 318.3853469398217 445.54302700002154 318.0830839999904 445.60540873550053 300.9916426690888 English 0
532.6299478596047 363.5980970791508 533.223765161747 382.67093156652953 443.15260000003036 385.4742460000344 442.55902915661864 366.40165086621636 English 0
438.6260296558612 383.99717755636516 372.279755999989 384.6196530000003 372.11103314613865 366.6203676180979 438.45697343909706 365.997893738542 English 0
136.32146900003136 392.4327650000324 135.9298950221273 372.3641253345222 295.0975159999507 369.25724200001207 295.4895334248431 389.3254293643031 English 0
137.89797999997973 367.6124359999681 137.45407590162358 346.46857352810974 290.67279580413015 343.25080553144227 291.11711931269383 364.3942384830116 English 0
442.71663851934136 323.13055490864326 442.5537331976375 342.20022007570344 373.51529700004903 341.6101200000361 373.67836359560897 322.5406174042419 English 0
445.63593600003514 342.1274540000113 445.2720859304827 321.66651766505146 525.5159281083615 320.2393858770881 525.8799767571327 340.7001199885187 English 0
610 249 639 249 639 296 610 296 English 0
628 302 640 302 640 324 628 324 English 0
613 332 640 332 640 355 613 355 English 0