190 246 213 246 213 268 190 268 Manipuri 0
221 249 251 249 251 273 221 273 Manipuri 0
259 257 309 257 309 279 259 279 Manipuri 0
317 261 355 261 355 282 317 282 Manipuri 0
362 265 389 265 389 287 362 287 Manipuri 0
394 270 448 270 448 292 394 292 Manipuri 0
185 339 234 339 234 369 185 369 English 0
239 341 298 341 298 372 239 372 English 0
300 346 353 346 353 377 300 377 English 0
359 351 405 351 405 377 359 377 English 0
207 407 276 407 276 432 207 432 English 0
279 411 298 411 298 432 279 432 English 0
304 410 341 410 341 431 304 431 English 0
344 413 358 413 358 432 344 432 English 0
129 145 165 145 165 164 129 164 English 0
170 150 211 150 211 172 170 172 English 0
216 164 269 164 269 183 216 183 English 0
275 174 301 174 301 190 275 190 English 0
308 177 336 177 336 193 308 193 English 0
215 104 256 104 256 126 215 126 English 0
130 125 160 125 160 144 130 144 English 0
166 132 195 132 195 148 166 148 English 0
82 162 93 162 93 177 82 177 English 0
96 164 121 164 121 181 96 181 English 0
123 167 132 167 132 179 123 179 English 0
134 168 167 168 167 182 134 182 English 0
336 204 359 204 359 221 336 221 English 0
362 208 384 208 384 223 362 223 English 0
395 213 435 213 435 228 395 228 English 0
444 219 488 219 488 238 444 238 English 0
137 459 182 459 182 478 137 478 English 0
225 460 301 460 301 483 225 483 English 0
310 518 407 518 407 544 310 544 English 0
232 518 276 518 276 542 232 542 English 0
174 518 213 518 213 541 174 541 English 0
107 517 170 517 170 543 107 543 English 0
39 482 74 482 74 493 39 493 English 0
455 521 479 521 479 542 455 542 English 0
410 521 452 521 452 541 410 541 English 0
316 125 340 125 340 141 316 141 English 0
267 195 298 195 298 209 267 209 English 0
303 199 332 199 332 215 303 215 English 0
239 129 279 129 279 150 239 150 English 0
45 269 119 269 119 321 45 321 English 0
129 278 271 278 271 332 129 332 English 0
281 289 373 289 373 342 281 342 English 0
384 299 408 299 408 343 384 343 English 0
415 302 507 302 507 350 415 350 English 0
312.45366297000146 27.14426082133647 308.3330720000231 47.43006499999352 222.5281501615973 30.000741515463083 226.64875499998743 9.714955999974457 English 0
314 28 327 28 327 48 314 48 English 0
326.11536597294617 51.88058965478498 330.4377029999887 31.78109400001449 397.0432903322944 46.10438400256076 392.72098216228187 66.20385429831437 English 0
329.62919893703656 23.762519585267615 332.19077044668666 12.80988931688827 380.87481394031784 24.19597161916894 378.31324810773367 35.14859691793981 English 0
293.65128400000685 18.47992599999882 295.2926264773123 6.637407384047682 319.6753992122831 10.016795734995885 318.03405848360853 21.85931272582048 English 0
254.41896800002723 9.35575099997388 256.17614935996244 -0.36956631591112676 292.36869925378414 6.169743934572934 290.6115190779383 15.895060103249467 English 0