157 38 451 38 451 81 157 81 Manipuri 0
46.78357620512543 199.7598186249886 49.839973999987706 81.92000099996608 551.2062403721211 94.91869066645337 548.1531791343878 212.75522160970496 English 0
93 226 407 226 407 269 93 269 English 0
426 229 513 229 513 273 426 273 English 0
214 291 412 291 412 337 214 337 English 0
42 350 170 350 170 400 42 400 English 0
186 349 386 349 386 396 186 396 English 0
402 347 560 347 560 395 402 395 English 0
167 409 347 409 347 454 167 454 English 0
359 402 463 402 463 456 359 456 English 0
76 482 282 482 282 505 76 505 English 0
300 468 523 468 523 496 300 496 English 0