109.34807654055476 218.48980899924183 314.37154373852536 218.82813803474932 314.2993242009834 262.59064871016136 109.27585700002965 262.25232100000005 Manipuri 0
328.52984500001185 262.0670210000357 327.593292880847 223.65531790863005 530.6756404830958 218.7024831727051 531.6128729458433 257.1134872211335 Manipuri 0
0.42949499998940155 261.7840530000007 1.7425089102471247 223.1660802904271 96.82072399999015 226.39849199998324 95.50805697857868 265.01611708662256 Manipuri 0
9.727101000025868 344.7100879999953 9.017019520615577 275.372098059561 268.9933581880905 272.70702681759707 269.70548809011234 342.04294829303603 English 0
285.4297480000241 334.0150220000079 285.2914333328954 269.8924087746986 578.9476661279332 269.25527399626003 579.0880901871424 333.3757682812284 English 0
135.92549519598833 385.2350527499575 36.71756600000663 384.3256000000003 37.11121168031241 341.45302695843327 136.31798820235417 342.3624744143819 English 0
38.53479369667184 395.18934039849387 3.4470420000434387 394.02596700000106 5.08562573522795 344.6181645024661 40.17290099996899 345.7815299999996 English 0
317.2943337933975 345.8730262295601 314.99123261484783 388.66464261910863 240.78588099997432 384.6705949999744 243.08938793787092 341.87940632288877 English 0
339.27938387321774 386.5677155154549 313.6683484529931 386.22385730327954 314.11295030520705 353.121513348311 339.7237529999984 353.4653700000001 English 0
516.0553012445598 582.1139070935949 515.4756681939762 642.5586583376423 249.74378300001263 640.00000000003 250.3270366684592 579.558814312388 English 0
314.7349280000344 577.4072210000107 317.23782692053646 548.8330146352199 378.24065509441425 554.174954012901 375.738152317208 582.7487927891493 English 0