170 460 242 460 242 521 170 521 English 0
249 461 293 461 293 514 249 514 English 0
305 459 366 459 366 519 305 519 English 0
422 423 640 423 640 523 422 523 English 0
329 373 414 373 414 422 329 422 Manipuri 0
427 369 494 369 494 428 427 428 Manipuri 0
496 378 568 378 568 426 496 426 Manipuri 0
96 327 142 327 142 358 96 358 English 0
144 327 208 327 208 351 144 351 English 0
496 523 565 523 565 575 496 575 English 0
573 528 640 528 640 564 573 564 English 0
591 569 640 569 640 601 591 601 English 0
193.62343655287987 219.79005074351875 192.81608969104127 238.11728928746356 140.78541408242017 235.82518077594085 141.59283799999685 217.49802299996855 English 0
172.014471041839 173.22653370483602 170.25320652166556 193.47326497078728 88.54377632051182 186.36524485822704 90.30514099998982 166.11862400000942 Manipuri 0
105.20874705987808 258.4413605666591 113.5505920000287 214.78701500002782 197.6794917040388 230.862281689174 189.3380349704239 274.516284659132 English 0
186.2519188071019 265.5208093797001 197.65871399999014 221.85353500000033 263.7187816435471 239.1089766361068 252.31231223820942 282.77597031757176 English 0
637.9410906443809 306.41138953369614 577.6453038834006 312.4953061711143 573.9724200000637 276.09421599999746 634.2677344077674 270.0103232999517 English 0
620.4864654610719 250.745028783953 620.3688094111567 267.7535707863812 576.6074238075817 267.4507374798371 576.7251509999915 250.44226700000817 English 0
286.8818469999678 292.8405219999728 284.190156413606 273.28306323171404 355.64599107630784 263.44896983117314 358.33780355838826 283.0062829028666 English 0
325.57878409541445 264.4274217337553 326.3762924900948 272.9291969073672 298.42710755554435 275.55077034358345 297.62962500004505 267.0490190000098 English 0
209.2103650761419 425.4161937823077 223.73122395620157 435.9107932543185 203.4253899486066 464.0028033484078 188.9045819999592 453.5082639999985 English 0
310.4630538823403 406.57802080378127 312.50900715604075 422.9074946551345 213.54327537883364 435.304587981681 211.4976029999525 418.9753690000169 English 0
348.1207283079857 456.06303068221325 329.2546068208321 468.2069318956902 298.01290793497174 419.67825817633104 316.87876299998607 407.53447200001693 English 0
254.12994816149876 574.2830216643385 236.9891502437531 588.234867687918 192.2208363799291 533.2462413270199 209.36131999995268 519.294598000012 English 0
246.42337099998258 586.924742999989 245.55529583754833 563.510012760861 299.91001125417824 561.4951915514116 300.7783477493649 584.9096495679236 English 0
304.83223299997917 588.0388709999994 286.15794100318453 568.4394876472031 333.3009000000311 523.5321990000054 351.9749608330312 543.1313205063585 English 0
284.7523012939928 342.9383356074831 278.8193671415502 370.2750765355075 206.3623485415883 354.5506123938196 212.29546999995364 327.2141350000344 English 0