102 181 163 181 163 213 102 213 Manipuri 0
171 180 220 180 220 219 171 219 Manipuri 0
229 193 289 193 289 224 229 224 Manipuri 0
300 200 371 200 371 232 300 232 Manipuri 0
377 205 483 205 483 242 377 242 Manipuri 0
490 215 586 215 586 253 490 253 Manipuri 0
70 220 157 220 157 278 70 278 English 0
165 228 292 228 292 285 165 285 English 0
302 239 463 239 463 294 302 294 English 0
467 253 592 253 592 304 467 304 English 0
77 280 131 280 131 315 77 315 English 0
133 283 207 283 207 318 133 318 English 0
209 289 252 289 252 319 209 319 English 0
257 291 304 291 304 320 257 320 English 0
307 295 339 295 339 321 307 321 English 0
342 297 391 297 391 326 342 326 English 0
446 305 481 305 481 327 446 327 English 0
482 312 492 312 492 326 482 326 English 0
65 497 221 497 221 554 65 554 English 0
82 586 109 586 109 608 82 608 English 0
115 579 159 579 159 603 115 603 English 0
163 574 178 574 178 600 163 600 English 0
92 555 136 555 136 568 92 568 English 0
596 437 615 437 615 478 596 478 English 0
596 489 615 489 615 535 596 535 English 0
601 541 616 541 616 582 601 582 English 0
424 481 543 481 543 525 424 525 English 0
440 526 482 526 482 541 440 541 English 0
437 599 516 599 516 633 437 633 English 0
457 552 491 552 491 571 457 571 English 0
496 551 508 551 508 565 496 565 English 0
505 571 537 571 537 588 505 588 English 0
488 575 499 575 499 591 488 591 English 0
431 552 453 552 453 573 431 573 English 0
617 294 631 294 631 320 617 320 English 0
631 285 640 285 640 319 631 319 English 0
223 489 234 489 234 499 223 499 English 0
101 476 132 476 132 494 101 494 English 0