179 266 205 266 205 291 179 291 Manipuri 0
210 263 243 263 243 290 210 290 Manipuri 0
249 260 302 260 302 289 249 289 Manipuri 0
307 257 347 257 347 283 307 283 Manipuri 0
351 254 381 254 381 279 351 279 Manipuri 0
385 249 441 249 441 279 385 279 Manipuri 0
190 355 243 355 243 392 190 392 English 0
244 346 306 346 306 385 244 385 English 0
305 341 361 341 361 379 305 379 English 0
364 337 413 337 413 369 364 369 English 0
225 415 296 415 296 449 225 449 English 0
295 413 317 413 317 437 295 437 English 0
321 406 360 406 360 432 321 432 English 0
361 405 377 405 377 426 361 426 English 0
102 175 140 175 140 199 102 199 English 0
143 172 187 172 187 200 143 200 English 0
190 176 245 176 245 202 190 202 English 0
250 179 278 179 278 199 250 199 English 0
283 177 313 177 313 197 283 197 English 0
179 120 223 120 223 147 179 147 English 0
99 156 131 156 131 178 99 178 English 0
136 157 167 157 167 177 136 177 English 0
58 204 71 204 71 220 58 220 English 0
72 201 99 201 99 221 72 221 English 0
100 202 110 202 110 215 100 215 English 0
110 198 145 198 145 216 110 216 English 0
316 200 341 200 341 220 316 220 English 0
342 199 366 199 366 217 342 217 English 0
375 195 417 195 417 216 375 216 English 0
425 192 471 192 471 217 425 217 English 0
164 482 211 482 211 507 164 507 English 0
251 462 330 462 330 496 251 496 English 0
345 502 444 502 444 541 345 541 English 0
268 523 315 523 315 553 268 553 English 0
211 534 252 534 252 562 211 562 English 0
144 541 210 541 210 575 144 575 English 0
71 523 107 523 107 539 71 539 English 0
488 491 515 491 515 515 488 515 English 0
444 496 488 496 488 521 444 521 English 0
282 125 308 125 308 144 282 144 English 0
246 201 279 201 279 219 246 219 English 0
283 200 314 200 314 219 283 219 English 0
207 140 249 140 249 166 207 166 English 0
40 305 121 305 121 367 40 367 English 0
125 289 272 289 272 362 125 362 English 0
277 282 375 282 375 347 277 347 English 0
380 284 410 284 410 331 380 331 English 0
411 271 509 271 509 331 411 331 English 0
261.7144322268723 32.90377029217091 261.17904700004146 53.596955999995515 173.65112522646086 51.33231454824461 174.18653799999447 30.63915700000983 English 0
263 32 279 32 279 54 263 54 English 0
279.4640192452789 54.89200458029516 280.230442999964 34.34729899997345 348.3113469374075 36.88703924855463 347.54494807100855 57.43172051774225 English 0
278.04181185267225 26.590939909169634 278.6625623724103 15.3598931691679 328.58415740469354 18.11909852128419 327.96341181245225 29.350140485890137 English 0
241.69316899999103 27.6361000000132 241.25314474324114 15.688479957529823 265.85231268072675 14.782505385205111 266.2923391849472 26.730123020762846 English 0
201.47248399996897 25.463161000024776 201.51437125678058 15.53732812168008 238.29261239130574 15.692529447830928 238.25072795145388 25.618359500031488 English 0