225 147 249 147 249 182 225 182 English 0
264 168 431 168 431 210 264 210 English 0
203 200 334 200 334 257 203 257 English 0
340 212 466 212 466 268 340 268 English 0
127 262 327 262 327 370 127 370 English 0
332 287 496 287 496 376 332 376 English 0
159 436 304 436 304 491 159 491 English 0
311 442 428 442 428 492 311 492 English 0
224 414 302 414 302 439 224 439 Manipuri 0
308 417 384 417 384 436 308 436 Manipuri 0
302 148 345 148 345 166 302 166 Manipuri 0
348 157 374 157 374 169 348 169 Manipuri 0
562 517 581 517 581 527 562 527 English 0
592 514 622 514 622 528 592 528 Manipuri 0
615 426 635 426 635 439 615 439 Manipuri 0