321 286 598 286 598 367 321 367 English 0
5 295 42 295 42 315 5 315 English 0
42 302 68 302 68 319 42 319 English 0
69 307 127 307 127 333 69 333 English 0
130 317 165 317 165 337 130 337 English 0
167 322 234 322 234 349 167 349 English 0
237 334 281 334 281 358 237 358 English 0
286 342 317 342 317 360 286 360 English 0
352 264 424 264 424 295 352 295 Manipuri 0
434 274 562 274 562 319 434 319 Manipuri 0
317 349 382 349 382 374 317 374 English 0
385 359 426 359 426 378 385 378 English 0
428 365 453 365 453 385 428 385 English 0
459 369 499 369 499 388 459 388 English 0
502 377 541 377 541 399 502 399 English 0
552 384 597 384 597 405 552 405 English 0
541 384 551 384 551 399 541 399 English 0
9 261 74 261 74 289 9 289 English 0
75 273 137 273 137 302 75 302 English 0
139 284 154 284 154 305 139 305 English 0
156 285 225 285 225 315 156 315 English 0
227 298 260 298 260 321 227 321 English 0
37 330 127 330 127 357 37 357 English 0
135 345 265 345 265 380 135 380 English 0
271 367 339 367 339 392 271 392 English 0
351 380 443 380 443 408 351 408 English 0
5 185 337 185 337 335 5 335 English 0