137.03009400000155 243.08298399997685 134.34727525767812 211.86686398029394 337.8695427939965 194.37462113644204 340.5528298847639 225.59022230405074 English 0
346.17708955687704 226.14664870249757 342.7512900000147 193.11469600002525 471.1841276916675 179.79464005931422 474.61021103830717 212.8262700281449 English 0
571.147715123443 203.10514370926697 479.7195920017839 210.41979827124027 477.4173611639708 181.64193942596046 568.8451079999504 174.3273000000014 English 0
203.84625700004108 286.34576899998905 201.9049095846276 268.6514573376724 288.5287390000303 259.1476609999925 290.4702228482347 276.8418163230708 English 0
293.49250699997356 277.4435980000336 291.3664890356449 259.5686061566313 421.8676651626447 244.04709950207553 423.99387902732997 261.92186352191806 English 0
445.6118207592226 261.74249770897256 428.0766339163529 263.9072167716176 425.65575399996305 244.29768500000353 443.1908764747641 242.13296995195657 English 0
448.06265400002303 257.61675400001303 447.7443940606463 239.73342920584943 481.5834999999788 239.13121600000127 481.90181484722416 257.01448481821456 English 0
486.01469900000666 254.55994700000576 483.9066857860598 236.17751030722786 520.2585360000376 232.0089999999733 522.3666019096709 250.39137578673322 English 0
274 300 313 300 313 321 274 321 English 0
363.4222121666244 310.7858558379954 317.7175676803017 314.40176575588816 316.1693237238069 294.8322239187046 361.8737670000701 291.21632199999715 English 0
441.7368732516479 299.39356398716063 390.0544684461056 304.95992307378526 388.1346297966229 287.1348481814007 439.816834000012 281.5684999999993 English 0
345 237 376 237 376 250 345 250 English 0
382 232 414 232 414 246 382 246 English 0
415 348 425 348 425 364 415 364 English 0
436 345 443 345 443 359 436 359 English 0
443 323 460 323 460 335 443 335 English 0
436 326 442 326 442 337 436 337 English 0
415 325 434 325 434 340 415 340 English 0
388 328 413 328 413 342 388 342 English 0
375 332 386 332 386 345 375 345 English 0
348 334 375 334 375 350 348 350 English 0
344.5915921287087 339.28191047975065 347.29027511159074 355.0071155638225 327.53965099997004 358.3962659999978 324.8410141300701 342.67110179014884 English 0
309.9774338755378 339.9198811294916 324.0820380000514 338.85855299999747 325.77144800074166 361.30808434500716 311.66684422874823 362.36940935902174 English 0
336 359 360 359 360 379 336 379 English 0
326 366 335 366 335 381 326 381 English 0
305 367 325 367 325 384 305 384 English 0
277 369 304 369 304 386 277 386 English 0
240 375 275 375 275 396 240 396 English 0
280 161 344 161 344 189 280 189 Manipuri 0
345 161 414 161 414 184 345 184 Manipuri 0
418 161 457 161 457 178 418 178 Manipuri 0
397 353 411 353 411 367 397 367 English 0
204.1859739999927 524.3201870000341 202.4011934567534 516.0754910691982 240.0128869999753 507.93496399999725 241.79771109200374 516.1795990248131 English 0
179.5696200078237 521.2740354091425 181.3940985588124 529.9348549399022 150.4681300000084 536.4482069999851 148.64371312236472 527.7874412885913 English 0
266.97007000002486 509.92277700002256 265.28536581441585 501.980725906293 289.0149189999647 496.9480180000215 290.6996492368489 504.890033032649 English 0
318.67835700002615 497.86494499998093 316.986397440196 490.45634383887557 345.26484599999094 483.9992810000217 346.956832860742 491.4078429262031 English 0
372.4410859999625 485.99351499996635 371.0146934963268 478.0747080471775 391.78818799999135 474.33345300001736 393.2146035522601 482.2522301202405 English 0
432.0808288711851 465.35929842134226 433.71092561683326 472.6052798971312 418.18880400001945 476.09661599998157 416.55873048432113 468.850654701733 English 0
487.7826680501312 452.42962022893096 489.34039871543064 459.14328152133544 462.98902499998803 465.25640000000413 461.4313300844515 458.54276969003126 English 0
508.1745640000008 447.0568690000008 528.018259200544 442.97568162127817 529.6680645383458 450.99623360866246 509.8243710214592 455.077415406925 English 0
550.9878759999992 444.8523959999933 549.4184649142699 437.94201211378066 563.983500999966 434.63462599999025 565.5529238646704 441.54499301180454 English 0
432.43315300001996 585.443649999983 430.43858032819116 577.4625080912348 453.173655999999 571.7821489999844 455.16825522339786 579.7632506677611 English 0
398.66153960247175 587.355228499137 401.1530624983425 596.959762766942 385.6024449999677 600.9926579999762 383.11096171921236 591.3881578038387 English 0
491.91112299246015 560.1771839358619 493.7171105394373 567.5255472232799 476.7658400000073 571.6905769999714 474.9598837132362 564.3422406947943 English 0
541.7329355692345 546.4764716600388 543.5505659350747 553.3044326197831 519.5139370000106 559.7015440000027 517.6963472925127 552.8736179580219 English 0
563.3752079999977 548.1618269999832 560.6037393556471 539.7113936665576 584.7527970000374 531.7929670000292 587.5242880860606 540.2433572214534 English 0
608.0743529999745 535.194018000035 606.1029931188386 526.5143480063459 617.7390330000344 523.8720740000336 619.7104071101785 532.5517235887208 English 0
597 529 604 529 604 537 597 537 English 0
553 543 560 543 560 551 553 551 English 0
511 555 516 555 516 563 511 563 English 0
471 566 475 566 475 573 471 573 English 0
501 448 506 448 506 456 501 456 English 0
546 438 550 438 550 447 546 447 English 0
601.6429681295267 424.35352182277006 603.1578822203301 431.673763293589 576.4839519999805 437.1930600000153 574.9690744487452 429.8728504493613 English 0
602.769272000005 430.4167809999961 601.5470842346258 423.1926787033615 612.875944999978 421.27629499998386 614.0981431325781 428.5003841414681 English 0
453 460 460 460 460 468 453 468 English 0
362 480 371 480 371 488 362 488 English 0
307 492 315 492 315 500 307 500 English 0
258 504 265 504 265 512 258 512 English 0
270 623 275 623 275 631 270 631 English 0
379 593 383 593 383 601 379 601 English 0
423 579 430 579 430 588 423 588 English 0
321 607 331 607 331 617 321 617 English 0
353.8346149456629 600.3531141642482 355.9722246995807 609.2684520856951 333.1197090000205 614.7461570000261 330.9821539749828 605.830866400606 English 0
278.01697000002605 629.1194140000129 275.8693666632462 620.7778221249052 297.2874559999764 615.2651340000314 299.4350869565824 623.6066832105859 English 0
227.85999550993438 643.2384311043899 225.78244809912576 635.5493441707005 246.40357199998107 629.9792819999934 248.48114371103293 637.6683300657088 English 0
137 530 146 530 146 539 137 539 English 0
197 518 201 518 201 526 197 526 English 0
556 338 560 338 560 346 556 346 English 0
550 349 562 349 562 356 550 356 English 0
582 342 591 342 591 349 582 349 English 0
574 344 580 344 580 350 574 350 English 0
581.3207941519067 334.09304703094705 582.4590855176939 342.35581137821134 562.1652139999787 345.1512480000316 561.0269463382429 336.8885049941324 English 0
487.3927769999864 351.36677399997376 484.9127966924425 337.99456267500426 522.2721009999805 331.0665319999774 524.7521305612463 344.4386788426915 English 0
447.5282239999797 357.9987110000342 445.03560918827134 344.50942566281236 483.2371006030007 337.4509413288697 485.72976726674824 350.940158967017 English 0
427 348 435 348 435 361 427 361 English 0