143 192 171 192 171 214 143 214 English 0
124.97562800002925 321.8658289999698 138.40064067255298 264.65979624048475 308.63395715779916 304.606169922072 295.21029137438745 361.811034464135 English 0
180 351 232 351 232 375 180 375 English 0
230 363 323 363 323 396 230 396 English 0
324 382 367 382 367 405 324 405 English 0
369 392 392 392 392 413 369 413 English 0
397 400 432 400 432 421 397 421 English 0
436 408 482 408 482 433 436 433 English 0
155 379 228 379 228 410 155 410 English 0
232 394 256 394 256 417 232 417 English 0
274 404 348 404 348 436 274 436 English 0
352 420 369 420 369 442 352 442 English 0
496.16868582510506 451.04271772029654 492.003596318973 469.6845086582056 370.3366838392685 442.50345180876286 374.502044999972 423.8620469999737 English 0
310.46315900159243 293.622421587371 320.32785800001875 255.0032350000301 502.64183930456056 301.56845366710183 492.7780740649905 340.1868361758683 Manipuri 0
477 274 501 274 501 294 477 294 English 0
545.6100987204991 362.59670634867075 531.1787980000372 421.09208599999886 296.92759397752525 363.3015405158298 311.36016199998267 304.8080620000128 English 0
311.34495500285993 262.7008665176047 304.0777820000221 292.62468800001227 188.83869544450135 264.6388712361009 196.1061019999761 234.71539699999713 Manipuri 0