81.17982499999925 528.79062900003 70.06143486483779 489.35483043434624 195.33383399997547 454.04135700001905 206.4527908852324 493.47621762810115 English 0
213.94020500003535 493.2434200000314 202.77652118908009 452.0345729407476 332.9865229999996 416.76451799998637 344.1507930937951 457.9724225813253 English 0
436.4295129823586 388.11903405649497 447.11158792997594 431.3672858685999 349.554386000018 455.45904200000257 338.87310017686104 412.2114707302148 English 0
461.6443759968388 427.1334170617765 450.9070520001842 388.1164040000223 566.0144781887357 356.4423102328019 576.7522199021187 395.45864313705215 English 0
389.5076240000344 379.9214279999928 360.304917855392 281.93250070590244 531.2770077210007 230.98218338653905 560.4808538286306 328.96910753974373 English 0
327.85057368470007 293.6876451380069 350.19272037759947 383.62550940046225 233.19292499996664 412.6858959999853 210.8524300211866 322.74945865399326 English 0
214.7246235532657 324.71585965446 237.22838450834388 415.84930885374206 64.25466699998651 458.55323500003243 41.75359800377919 367.42206162931046 English 0
120 210 188 210 188 245 120 245 Manipuri 0
200 182 330 182 330 225 200 225 Manipuri 0
343 152 425 152 425 195 343 195 Manipuri 0
178 212 401 212 401 316 178 316 English 0
336 287 380 287 380 380 336 380 English 0