391 316 448 316 448 354 391 354 English 0
479 320 509 320 509 339 479 339 English 0
116 355 161 355 161 378 116 378 English 0
401 281 427 281 427 299 401 299 English 0
428 281 439 281 439 293 428 293 English 0
441 278 467 278 467 295 441 295 English 0
467 269 525 269 525 292 467 292 English 0
261 255 352 255 352 292 261 292 English 0
352 241 456 241 456 281 352 281 English 0
460 234 525 234 525 267 460 267 English 0
253 196 336 196 336 231 253 231 Manipuri 0
344 186 439 186 439 227 344 227 Manipuri 0
446 179 520 179 520 213 446 213 Manipuri 0
92 310 134 310 134 328 92 328 Manipuri 0
135 311 150 311 150 322 135 322 Manipuri 0
153 307 178 307 178 321 153 321 Manipuri 0
180 303 227 303 227 320 180 320 Manipuri 0
191 335 287 335 287 378 191 378 Manipuri 0