80 186 122 186 122 216 80 216 Manipuri 0
134 181 230 181 230 208 134 208 Manipuri 0
239 173 300 173 300 202 239 202 Manipuri 0
308 167 415 167 415 197 308 197 Manipuri 0
74 215 172 215 172 258 74 258 English 0
178 206 300 206 300 243 178 243 English 0
75 260 153 260 153 284 75 284 English 0
162 252 243 252 243 273 162 273 English 0
172 277 245 277 245 298 172 298 English 0
257 265 320 265 320 289 257 289 English 0
323 257 386 257 386 281 323 281 English 0
389 254 423 254 423 275 389 275 English 0
215 299 328 299 328 325 215 325 English 0
143 316 209 316 209 339 143 339 English 0
146 345 180 345 180 365 146 365 English 0
185 327 300 327 300 358 185 358 English 0
379 328 441 328 441 350 379 350 English 0
311 196 413 196 413 231 311 231 English 0
424.61429700000735 222.65764000003273 421.011160676062 189.68649451006968 571.6461782708939 173.22468770642612 575.2496358382632 206.19546331790167 English 0
396.8491598005494 252.19415505545757 258.5146890000033 266.9396150000012 256.0908122134424 244.19832180646875 394.4247035538865 229.4528930223981 English 0
579.4998213746294 212.86236970244192 581.3460244356975 231.3899096176222 408.1862981886661 248.6425757283185 406.34039499927894 230.11531200001716 English 0
488.9383945044392 244.76645996966877 490.6892718371091 262.76614639891585 428.1777134440199 268.8462695673634 426.42695299997285 250.84669099996847 English 0
492.7652710000257 260.22073300000125 491.4541013071721 240.80250239001532 536.9047410000348 237.73364100001007 538.2159865279391 257.1517896818149 English 0
373.9283389999764 308.69757300003374 371.3587870849733 289.34454504750875 436.5025560000504 280.69563099999954 439.07222515787 300.04851938158873 English 0
523.018293486748 268.9057260565713 525.6306819392921 285.7966277091899 443.6975119999988 298.4674279999963 441.0852888711088 281.57667403998227 English 0
536.8323886943836 329.79880660265655 540.4027479616343 348.5439060537982 451.87881600002584 365.40283799996865 448.3087050059112 346.6579568604549 English 0
447.1770683940849 364.653013509189 381.7448460000014 375.645722000002 378.76246744650416 357.89441711129484 444.1943799501314 346.9017352050696 English 0
149.9138369999855 420.27464999998074 146.3872968233045 400.51438054189646 303.10963700001594 372.5464100000176 306.6365365243837 392.3062159811227 English 0
147.58818399997836 395.51328000003366 143.84178793712636 374.6992317956937 294.6710312260984 347.55237421017694 298.4177678592823 368.3659805284287 English 0
441.6955265217257 303.89494876366894 444.5179795192962 322.7553051112044 376.23700199997984 332.97242600003193 373.4147210883384 314.11222369832524 English 0
447.55064500001026 322.20123799999357 443.9902312360209 302.04917361381996 523.0228951029858 288.086587586098 526.5834515757888 308.2384684890291 English 0
601 203 626 203 626 248 601 248 English 0
624 253 639 253 639 274 624 274 English 0
614 285 640 285 640 306 614 306 English 0