185 145 342 145 342 265 185 265 English 0
334.32724181380763 269.7595773998079 353.4652310000092 178.5158490000343 589.4282785113319 228.00481250451014 570.292628630632 319.2464905807931 English 0
388 306 465 306 465 355 388 355 English 0
334 296 373 296 373 336 334 336 English 0
237 275 317 275 317 321 237 321 English 0
468 322 579 322 579 372 468 372 English 0
159 517 224 517 224 550 159 550 English 0
225 526 327 526 327 570 225 570 English 0
335 543 393 543 393 579 335 579 English 0
397 556 466 556 466 587 397 587 English 0
412.3513709999679 175.9333179999709 424.6310598395212 131.69230694056085 484.18369115112 148.22163304541363 471.90419474172813 192.4624790712792 Manipuri 0
579.9704043574457 216.99622284640017 476.86940635241626 191.42806723064967 485.9889787812426 154.6563613315744 589.0894610000396 180.22444999999743 Manipuri 0