271 273 287 273 287 282 271 282 English 0
290 257 298 257 298 265 290 265 English 0
121 306 138 306 138 319 121 319 English 0
141 310 165 310 165 325 141 325 English 0
205 322 225 322 225 335 205 335 English 0
165 315 204 315 204 334 165 334 English 0
227 326 256 326 256 343 227 343 English 0
255 332 288 332 288 348 255 348 English 0
289 338 307 338 307 351 289 351 English 0
306 341 316 341 316 352 306 352 English 0
318 344 329 344 329 356 318 356 English 0
331 347 350 347 350 360 331 360 English 0
124 295 145 295 145 308 124 308 English 0
149 299 185 299 185 316 149 316 English 0
199 310 218 310 218 324 199 324 English 0
218 313 232 313 232 324 218 324 English 0
362 316 373 316 373 324 362 324 English 0
374 319 389 319 389 327 374 327 English 0
389 322 419 322 419 334 389 334 English 0
407 334 413 334 413 340 407 340 English 0
402 341 408 341 408 347 402 347 English 0
425 354 431 354 431 360 425 360 English 0
378 344 388 344 388 352 378 352 English 0
388 347 394 347 394 353 388 353 English 0
395 348 406 348 406 355 395 355 English 0
449 359 470 359 470 369 449 369 English 0
406 350 422 350 422 360 406 360 English 0
377.5275391359173 341.3335838194819 378.7992369999847 335.722222999981 399.9401713739644 340.51294393076404 398.6684912752389 346.1242893234272 English 0
403.90291955664 334.2776435749646 402.6652393781842 339.39711411521506 377.3486446781317 333.2770519855163 378.5863360000076 328.1575980000047 English 0
431.131983882442 281.4800098239275 432.7513922662183 275.1049890724955 472.1153978289658 285.10373782338706 470.4960211095022 291.47873128967143 English 0
417.6240670460538 278.50797802221797 419.3720680000115 271.42453499997123 433.06354068212386 274.8030228384488 431.3155516351253 281.8864555833311 English 0
406.9395993413491 275.98966590934924 407.5291119999747 268.78789599998834 418.4667004720541 269.6831592961736 417.87719641251897 276.88492117709916 English 0
407.6078884492017 268.64839506086196 405.89309567119926 274.7264541932826 383.7907288108545 268.49105618897363 385.50553000000946 262.4130109999869 English 0
385.42849751196627 262.681924831545 384.03091300002416 269.79345499996873 368.6054612723092 266.7621291711543 370.0030539999716 259.650609999967 English 0
369.7296214594098 258.7579372561491 368.1442889999744 265.6151749999834 353.15309247991536 262.1495035296018 354.73843200001284 255.29227600000067 English 0
352.19327186758164 253.64539464654922 350.4029389999778 261.27883200001594 324.58638300602615 255.22411522570786 326.3767289999669 247.59069700002448 English 0
290.1086794756702 244.51028835777993 291.9481230000383 237.71769499999436 325.75868233223446 246.87319618282794 323.91926414129557 253.66576779770418 English 0
272.7706281172141 240.18156948091098 274.3735609999567 233.06025700001334 291.3096938734816 236.87223695523653 289.70677361903654 243.99353846331547 English 0
271.4515360000223 258.7434069999892 273.1362141829595 251.5689432294734 289.6483045514469 255.44604998535732 287.9636398088769 262.62050210739733 English 0
316.0730133411562 282.5245033093352 314.39206815091893 289.43164239743817 287.44370430686104 282.87374094622805 289.12466299996595 275.96662200002913 English 0
337.5009405736637 288.6406805554616 335.6912308660685 295.2233361776552 315.4811391538533 289.66747877391305 317.29085799997847 283.08483799997276 English 0
337.4300172593212 294.79761288525776 338.9434110000002 288.55845400001726 372.0277335790888 296.58294920726627 370.5143668696837 302.82208472687563 English 0
389.53345311987505 300.459466794283 387.8038419999939 307.3919650000298 370.59753476802143 303.0993774176954 372.32715500002087 296.1668930000184 English 0
387.64423449472815 306.9781954294658 389.4659279999905 300.0339199999787 408.6573153124482 305.068041577535 406.8356400450284 312.01230132457164 English 0
310.8797492726444 278.5776148527573 312.4367910000001 272.09119099998327 342.8182056550577 279.3836824826764 341.2611882427882 285.87008530683295 English 0
288.811304083647 273.1118790007365 290.6433239999751 266.45785800003455 311.8470595234976 272.2954474656516 310.0150569155812 278.94945362748797 English 0
298.4322526253527 266.1334352717569 300.21747500002675 259.2964930000031 334.9247083240334 268.3585222344568 333.13951428724977 275.1954401339219 English 0
289.70713798946235 253.84982234908975 291.3567609999882 247.11372800001527 316.2313358642132 253.2050321791824 314.58173169376096 259.94111025195764 English 0
290.6660544305487 246.6676989777872 288.7145459999738 254.16554100003333 271.32789958879584 249.64040260207938 273.27941600000486 242.14257300000244 English 0
291.8437259730854 228.24637861138982 289.8858250000194 235.4582219999948 273.0070143282501 230.87605662162798 274.9649219999992 223.66422399999334 English 0
292.4923620819027 218.3839598383804 290.8512460000202 225.4769769999843 274.417945158566 221.67491537743697 276.0590680000314 214.5819080000199 English 0
322.2230024126475 227.55377886898785 320.39962599999853 234.10452300001572 305.09455918261665 229.84456429085765 306.9179409999924 223.29382900000152 English 0
321.21208828903036 234.34956539750618 322.9171569999744 227.48681200001815 332.52303465844307 229.87332152256363 330.8179727440438 236.73606905498528 English 0
367.02957720059203 240.01713217054026 365.30738742374524 246.39025674226627 331.24045676217065 237.1847886120673 332.96265899996797 230.8116840000285 English 0
389.4155427005171 245.8527918559716 387.9580040000292 252.3542580000324 367.28990642455756 247.7209425057323 368.7474540000403 241.219489000005 English 0
389.50376500004495 252.76605799997128 391.02060073346365 246.74038491984462 403.27063059070497 249.82392451640015 401.753803110405 255.849590479031 English 0
401.7341947946261 256.20422452291047 403.18004590946657 250.77730853371745 437.4389571957727 259.90415290159666 435.9931275775307 265.3310504229242 English 0
454.7415674210788 264.0945971022625 453.2974809999723 269.90303400001284 436.6743080928427 265.7704000949918 438.1184010000288 259.96197299998596 English 0
434.81028490881727 266.94104106652287 432.96658910854603 273.6417274445711 395.71862547258206 263.3933998729822 397.5623369999812 256.6927389999769 English 0
376.2671927882184 258.3711568427963 377.87614900000335 251.4954770000196 395.7979769141821 255.6890950344152 394.1890346713626 262.5647627715621 English 0
366.4589176180016 248.85495462098208 364.54229700000724 255.67438499998005 351.1562770366436 251.9123695476116 353.07290299999295 245.0929479999759 English 0
353.0917657956161 245.574817186924 351.451029000018 251.21053499997143 338.58363913670473 247.46458788787277 340.22437999999966 241.82887700002863 English 0
323.37417893169913 236.82574101031958 321.4290340000298 243.87831999997655 290.5943268941337 235.37422218578126 292.5394840000081 228.32166300000557 English 0
339.181864505299 241.14253892748852 337.99476400003186 247.37381899998257 329.33944473690644 245.72499010245076 330.5265489999874 239.49371499999808 English 0
245 209 265 209 265 275 245 275 English 0
226 290 250 290 250 303 226 303 English 0
204 284 225 284 225 296 204 296 English 0
164 276 204 276 204 292 164 292 English 0
145 270 164 270 164 283 145 283 English 0
131 267 144 267 144 279 131 279 English 0
191 210 217 210 217 228 191 228 English 0
440.039991059748 311.32262596788473 438.73333499999717 317.81301700002587 407.46953722387843 311.51932805484415 408.77621100000397 305.0289610000326 English 0
381.0199578211177 223.2265100866789 358.2228683980793 219.6933714139779 362.9885749999812 188.94470799999448 385.785557453346 192.4778382205372 English 0
311.6104991867178 202.19188693417823 319.3354730000283 175.04688900000525 367.092156104045 188.63717724421346 359.36729675413517 215.78207722692986 English 0
381.19179644229007 223.4598602015724 388.6213359999965 196.42854600001317 448.75801310416136 212.95645014189608 441.32863335791626 239.98762708695867 English 0
234.01688582926 178.52074766946663 242.83838900002593 149.74071799998467 323.765528335789 174.54542942011997 314.9442129441013 203.3252987984349 English 0
444.54148792319756 200.15401133339537 449.7175254062313 196.81700559201448 469.8345004735893 228.0194626290213 464.6584707857255 231.35645850502868 English 0
432.5830297457287 194.73717359224025 437.7501532349561 191.36401576420823 472.3694175107812 244.39321945082096 467.2023079368955 247.7663598233113 English 0
408.69099499919685 244.1063726985556 410.8370699999796 235.13015699998 459.1221369042614 246.67378660833532 456.9761089653912 255.6499615486163 English 0
408.6872984956426 234.24736242205086 405.86234442103887 243.68926105625394 319.8138980509975 217.94478149359497 322.6388930000394 208.50295399999715 English 0
278.8085349733592 144.1558452741194 274.14942299998074 155.38951499997611 245.71582750162634 143.59696832557353 250.37494600001082 132.3633169999804 Manipuri 0
299.2315427368885 150.60895253376682 294.6129999999539 161.63129100003087 276.97974218994204 154.24277852064654 281.59828899995773 143.22045200002748 Manipuri 0
321.1989720536076 157.60347232411996 318.4178599999723 167.56593100001297 296.8079349010077 161.5334183468487 299.58905499996035 151.57097300000405 Manipuri 0
323.4487821927178 169.482220548013 325.8613260000129 161.40883099998032 350.937161467009 168.90199008550437 348.5246332328097 176.9753663388647 Manipuri 0
390.2462503081915 181.47561177839054 387.5968170000124 190.23382099997957 351.52098813603516 179.32078808588213 354.17043399997056 170.5626010000123 Manipuri 0
423.95316406385973 191.538751724441 420.91398900003696 201.647863999975 389.53580745102954 192.21463069339745 392.57499599996663 182.1055420000111 Manipuri 0
157.3619967475679 142.9968966635011 160.59385499997006 132.87596699999202 235.03258496086346 156.64556197325675 231.80077850956877 166.76644751594102 English 0
186.0674427781487 154.53812069201607 183.31353699999454 162.9425619999693 159.0647937936592 154.9970310262574 161.81870599997637 146.5926019999859 Manipuri 0
202.06247794965748 160.05134536375897 199.48729399999138 167.4587829999989 184.36262062677997 162.20080653229724 186.9378080000024 154.79337599998462 Manipuri 0
231.66772056138143 169.52848778442387 229.5855770000344 176.54895500000043 202.17859714604856 168.4206856254067 204.26074800001516 161.40023099998305 Manipuri 0
179.9664205917361 138.91919051372398 163.96751973763457 135.1221906749645 170.38155499998538 108.09665499999468 186.38041671205428 111.89364999525942 English 0
194.06226870014507 116.56232900225915 211.16649586168933 119.78235861570386 205.8924410000327 147.79685300000102 188.78821507452813 144.5768278915464 English 0
217.39948437279963 124.9797272599584 238.27017366915243 128.31762778229856 234.1021410000394 154.37846700000202 213.23145277397998 151.04057105429072 English 0
474.2570032085496 332.44845888259243 478.90425999998115 313.05650599999296 534.3560047052597 326.3442860543587 529.7089045424218 345.7361034549709 English 0
565.6204612944566 335.6021689154252 561.5585840000131 354.32443500003114 525.3730489305599 346.4743891022259 529.4349890000012 327.752211000012 English 0
578.8141608481237 357.1233898865361 560.7824328594143 358.8544527545651 558.4906860000046 334.9838329999969 576.522303279271 333.2527754880507 English 0
618.3281473682291 346.73129061811903 615.1106759999675 365.9631090000292 577.6225496723782 359.69181743629525 580.8400970000366 340.46009499998195 English 0
549.5006193676818 316.31364413245376 546.8795049999608 327.2130560000303 515.4202734474529 319.64816425581427 518.0414159999782 308.74879400001714 English 0
546.8891560168413 327.3740542026121 549.1288200000417 316.8542549999652 562.4256435989082 319.6849267829423 560.1859993419203 330.2047087880862 English 0
579.7033992383513 322.4692417094934 578.0595470000117 334.5859469999862 561.0319935512234 332.2760039513836 562.6758669999981 320.15932399999815 English 0
529 292 543 292 543 307 529 307 Manipuri 0
508 287 528 287 528 304 508 304 Manipuri 0
543 298 552 298 552 309 543 309 Manipuri 0
554 301 563 301 563 312 554 312 Manipuri 0
564 305 581 305 581 318 564 318 Manipuri 0
566 361 600 361 600 378 566 378 English 0
567.5948209117632 359.1337134830262 564.7155936628405 371.5300015173245 503.7652065730799 357.37441758655564 506.64450500000385 344.9782329999697 English 0
488 372 506 372 506 382 488 382 English 0
508 376 523 376 523 385 508 385 English 0
522 380 543 380 543 389 522 389 English 0
543 385 555 385 555 392 543 392 English 0
554 387 571 387 571 396 554 396 English 0
569 390 589 390 589 400 569 400 English 0
589 394 599 394 599 401 589 401 English 0
599 396 604 396 604 403 599 403 English 0
603 396 609 396 609 404 603 404 English 0
609 398 621 398 621 406 609 406 English 0