0 58 37 58 37 79 0 79 English 0
302 199 410 199 410 230 302 230 English 0
197 196 295 196 295 238 197 238 English 0
88 200 161 200 161 244 88 244 English 0
40 58 88 58 88 81 40 81 English 0
91 59 147 59 147 84 91 84 English 0
340 183 369 183 369 198 340 198 Manipuri 0
371 180 400 180 400 197 371 197 Manipuri 0
308 236 351 236 351 249 308 249 English 0
357 235 382 235 382 248 357 248 English 0
382 234 413 234 413 246 382 246 English 0
280 239 303 239 303 250 280 250 English 0
134 246 170 246 170 260 134 260 English 0
94 106 109 106 109 121 94 121 English 0
255 242 273 242 273 252 255 252 English 0
436 184 523 184 523 219 436 219 English 0
532 179 635 179 635 213 532 213 English 0
534 161 566 161 566 177 534 177 Manipuri 0
570 158 614 158 614 176 570 176 Manipuri 0
487 217 528 217 528 240 487 240 English 0
545 83 600 83 600 105 545 105 English 0
520 85 544 85 544 106 520 106 English 0
495 84 520 84 520 105 495 105 English 0
501 61 546 61 546 86 501 86 English 0
232 392 255 392 255 519 232 519 English 0
59 400 85 400 85 517 59 517 English 0
95 146 113 146 113 157 95 157 English 0
9 86 20 86 20 96 9 96 English 0
30 86 50 86 50 98 30 98 English 0
84 164 101 164 101 175 84 175 English 0
135.90746081456018 166.07100851076848 135.60404399999243 176.32060199999174 104.84253478483879 175.40995447919957 105.14597100001993 165.16038099999622 English 0
87.91837154487439 89.34887515888511 87.49873599997954 102.18867700003307 52.01056890022301 101.02881577484729 52.43022000002384 88.18902999998619 English 0
140.0321340586379 129.69308348423345 139.51222099996812 140.83614199997606 94.84491332586913 138.75201967479802 95.36485000004177 127.6089860000111 English 0
36.243117383055505 122.92830156208483 67.22366553629399 125.4972468928735 66.11145900002157 138.90988600000003 35.13091105167405 136.34094235166293 English 0
35.140683078425354 157.85207771635228 7.170514785248088 153.86974378077701 9.102873747469857 140.29808511141144 37.07300000001851 144.28041600000395 English 0
73.30556793807773 143.99645091688154 73.2480360000045 155.85495199997112 38.15968401482678 155.68467596090608 38.217239000005065 143.82619799999156 English 0
115 147 134 147 134 159 115 159 English 0
53 163 79 163 79 176 53 176 English 0
47.67117836498073 164.5842782478428 47.39408100002038 176.13263299999363 9.237090191745665 175.21702185401907 9.51421465673775 163.66869429140505 English 0
7.834813423614833 117.40210485103486 8.276747999989311 103.4241770000302 68.9404508867301 105.3420822658395 68.49855251268309 119.319974941065 English 0
32.64443648055021 136.71201874408015 8.346866781575955 135.4634959182086 9.016063812450739 122.44068796030615 33.31360299998778 123.6892100000013 English 0
121 248 133 248 133 259 121 259 English 0
110 251 117 251 117 261 110 261 English 0
89 250 108 250 108 261 89 261 English 0
235 255 261 255 261 268 235 268 English 0
207 258 235 258 235 270 207 270 English 0
239 244 253 244 253 253 239 253 English 0
197 245 232 245 232 256 197 256 English 0
531 215 597 215 597 233 531 233 English 0
600 213 636 213 636 230 600 230 English 0
617 160 633 160 633 174 617 174 Manipuri 0
551 63 594 63 594 80 551 80 English 0
475 61 495 61 495 77 475 77 English 0
613.8911635875411 89.74411810619186 624.8184463718644 99.07765793471717 606.5783840000222 120.43210699999518 595.6511107071856 111.09857740048811 English 0
613.4147152138758 84.43748498091202 623.3005189999676 78.42788400001274 632.3927744309913 93.38457813921312 622.5069733055716 99.3941756379269 English 0
498.15075012542366 117.75448228716199 498.4331039999961 110.18681699998362 551.4051859128085 112.16316545844998 551.1228497998673 119.73081357851379 English 0
538 122 556 122 556 133 538 133 English 0
513 148 524 148 524 156 513 156 English 0
509 122 520 122 520 131 509 131 English 0
495 137 500 137 500 145 495 145 English 0
490 109 497 109 497 116 490 116 English 0
502 135 518 135 518 146 502 146 English 0
482 85 492 85 492 101 482 101 English 0
519.0442529390566 145.2041622788185 519.4925650000368 137.92815699997482 557.6250150595297 140.2776281453359 557.1767185864883 147.55361863257502 English 0
491 119 506 119 506 130 491 130 English 0
533 239 551 239 551 250 533 250 English 0
553 239 565 239 565 250 553 250 English 0
567 237 582 237 582 249 567 249 English 0
584 238 603 238 603 251 584 251 English 0
606 235 636 235 636 249 606 249 English 0
591 134 607 134 607 153 591 153 English 0
610 141 618 141 618 152 610 152 English 0
594 14 612 14 612 25 594 25 English 0
569 13 593 13 593 25 569 25 English 0
528 15 544 15 544 27 528 27 English 0
547 14 567 14 567 25 547 25 English 0
507 16 525 16 525 27 507 27 English 0
616 15 625 15 625 27 616 27 English 0
464 11 478 11 478 22 464 22 English 0