138.16947902472748 317.65999668510676 153.04720547348552 355.5208675619574 96.24631500002579 377.8388090000059 81.36893949864316 339.9782347610759 Manipuri 0
214.45638106146362 286.0455832130936 223.8271471925691 331.13152771626636 139.81230899997172 348.59136899996724 130.4420630725508 303.5058770207596 Manipuri 0
386.70490241245716 211.09483437357997 400.7379488967854 241.9522253219107 224.45263981171593 322.115865882532 210.4202895405615 291.25906623931934 Manipuri 0
13.715451000025496 464.80873099999894 -3.929975635401206 418.3103328852129 85.668869000001 384.31325499996785 103.31459181987157 430.81094939329773 English 0
94.2021350000141 434.8983960000129 76.39794566697674 385.53545059093256 232.66039100002672 329.17976300001334 250.4651199514774 378.5415555566966 English 0
22.788575464001042 448.5057156802017 83.49831999999878 447.8213760000003 84.5045374937763 537.0704286240926 23.794793153138016 537.7547571109952 English 0
93.0201870000019 515.4632860000324 71.25547042000107 439.9780112890025 255.60661900002742 386.83037799999954 277.3727770323603 462.31321213042224 English 0
266.03533499997866 455.4495169999739 251.46131922112545 381.70779705641854 365.283466999972 359.2147439999869 379.8584515964467 432.9551793153022 English 0
403.974873487241 436.64073507880994 427.6888846685324 519.0282456185809 77.68300772593648 619.7368541570769 53.97586834071262 537.3552064805571 English 0
146.27789326950733 639.9999730046899 146.27943318344478 596.7808525854314 247.92050999996718 596.7839430000265 247.91998396569397 640.0020427277792 English 0
131.54607145370392 621.8848898054923 136.345155615345 638.4486227662701 73.80220424704021 656.5634763206718 69.00342000000819 639.9999999999817 English 0
267.9795325757732 646.1386876635247 258.88920971112384 586.2693289097568 402.93243000000075 564.4034009999988 412.0243509158172 624.270756891299 English 0