154 129 236 129 236 176 154 176 Manipuri 0
242 147 288 147 288 189 242 189 Manipuri 0
294 158 561 158 561 245 294 245 Manipuri 0
15 162 146 162 146 271 15 271 English 0
0 292 67 292 67 335 0 335 English 0
82 310 208 310 208 357 82 357 English 0
325 351 391 351 391 388 325 388 English 0
392 363 468 363 468 400 392 400 English 0
478 376 526 376 526 407 478 407 English 0
217 329 263 329 263 364 217 364 English 0
264 336 312 336 312 372 264 372 English 0
0 333 46 333 46 362 0 362 English 0
49 340 156 340 156 387 49 387 English 0
170 362 244 362 244 400 170 400 English 0
246 372 340 372 340 416 246 416 English 0
350 389 429 389 429 431 350 431 English 0
432 407 519 407 519 444 432 444 English 0
531 420 560 420 560 449 531 449 English 0
563 424 631 424 631 461 563 461 English 0
0 371 43 371 43 407 0 407 English 0
45 381 119 381 119 417 45 417 English 0
0 467 36 467 36 513 0 513 English 0
46 478 125 478 125 527 46 527 English 0
133 493 199 493 199 535 133 535 English 0
209 478 489 478 489 570 209 570 English 0
489 512 620 512 620 590 489 590 English 0
321 565 395 565 395 614 321 614 English 0
401 577 524 577 524 633 401 633 English 0
172.15605599994888 281.9375899999856 190.68119972464046 186.17024983529274 652.551163772514 275.49990725165105 634.0312518298742 371.26287327995874 English 0