267 277 283 277 283 285 267 285 English 0
286 260 293 260 293 268 286 268 English 0
122 323 138 323 138 334 122 334 English 0
141 326 165 326 165 339 141 339 English 0
206 332 226 332 226 343 206 343 English 0
167 329 205 329 205 344 167 344 English 0
229 334 257 334 257 349 229 349 English 0
257 338 290 338 290 351 257 351 English 0
292 341 309 341 309 352 292 352 English 0
309 342 318 342 318 352 309 352 English 0
320 344 331 344 331 355 320 355 English 0
334 346 353 346 353 357 334 357 English 0
124 312 144 312 144 323 124 323 English 0
149 314 185 314 185 328 149 328 English 0
199 320 217 320 217 333 199 333 English 0
219 322 232 322 232 332 219 332 English 0
363 312 373 312 373 319 363 319 English 0
374 314 389 314 389 321 374 321 English 0
390 316 420 316 420 325 390 325 English 0
408 327 413 327 413 333 408 333 English 0
405 334 410 334 410 339 405 339 English 0
428 345 434 345 434 351 428 351 English 0
381 339 390 339 390 346 381 346 English 0
391 341 397 341 397 347 391 347 English 0
397 342 408 342 408 348 397 348 English 0
452 347 473 347 473 355 452 355 English 0
409 342 425 342 425 350 409 350 English 0
379.1680162990815 336.23855394123416 379.9457699999766 330.53770399996745 401.4237521540781 333.46763196414935 400.64601551828673 339.16846651136655 English 0
404.82798548735445 326.9106869745545 404.04124346445315 332.11855429769037 378.28762351004116 328.2282707963732 379.0743790000124 323.02042000000904 English 0
427.3518884040823 271.9408050096997 428.4094776928396 265.44890329134086 468.4951064976485 271.9787920525297 467.43754717761476 278.47066709596777 English 0
413.63634732493665 270.1573748438985 414.7602970000298 262.94853299999204 428.69408588776423 265.1208676036629 427.57014754533884 272.3296993300407 English 0
402.77304970411933 268.5798531319076 402.7326080000057 261.35410899999255 413.70656856182904 261.29269044517406 413.74701803782955 268.51842675503383 English 0
402.7988983543037 261.2082692728592 401.6203974640666 267.4126590799532 379.05871359660523 263.1273399138211 380.23722500001895 256.92296399996854 English 0
380.18389003431366 257.19756487211464 379.4114670000272 264.4038439999805 363.78054837929085 262.72847218524254 364.5529810000153 255.52220400000155 English 0
364.202756725208 254.65675486372422 363.2211349999852 261.62607399997535 347.9849617705622 259.48016389026 348.96659199999704 252.5108550000202 English 0
346.28755080462724 251.09206136448068 345.16935999999987 258.85249300003187 318.92337021941785 255.0708802933035 320.0415770000109 247.31046799997458 English 0
283.6430854728678 247.40275364377868 284.88349300001573 240.47568700002057 319.3633222092467 246.64956008235535 318.12293991155457 253.5766044319935 English 0
265.99373993856716 244.6016174012384 266.9698860000062 237.36769600002592 284.1737828267651 239.68908394455684 283.1976492970716 246.92299403051524 English 0
266.29741299999296 263.2077840000325 267.35035740530293 255.91378815793382 284.13752575237595 258.33701695518585 283.08459471096285 265.63100078401726 English 0
312.82175175787415 283.0093678557601 311.74923323560506 290.03673435313254 284.33185572452203 285.8524908807606 285.40439099997457 278.8251449999654 English 0
334.7011666418257 287.2346995950569 333.4720924067369 293.95004059796673 312.85471316870826 290.17675388041505 314.083799 283.46142799998137 English 0
335.1671923998947 293.37439549081455 336.13101499999175 287.0270720000086 369.7887866356905 292.1375358143509 368.82499033235945 298.48483576856347 English 0
387.5657466676057 294.4735793147114 386.44696499999554 301.5304490000291 368.9320492299885 298.7538288899298 370.05084199998237 291.69697300003446 English 0
386.25194542379177 301.1321716045342 387.46143099997425 294.0555419999697 407.0184977662575 297.3978583631607 405.80902981462714 304.47447233963356 English 0
307.3042855891981 279.53012660842023 308.29004300001543 272.9326760000078 339.19139896097477 277.5494971639247 338.2056653870677 284.1469264173318 English 0
284.84344513723045 276.0085816920969 286.0885299999791 269.22020499997717 307.720329622025 273.1875484709242 306.4752620451327 279.97590991958555 English 0
293.8195716164046 268.2181717732065 295.0020940000104 261.2516490000129 330.36703470817883 267.25425486222537 329.1845403701154 274.22075275544694 English 0
284.05706842197105 256.7417451188321 285.1133000000118 249.8875050000333 310.42408492794493 253.78766346900878 309.36787200051185 260.64188691229265 English 0
284.3863203968067 249.5033672228792 283.0957450000278 257.1427680000172 265.3808944630873 254.1501999346878 266.6714800000045 246.51081199996926 English 0
283.9539920360403 231.0495051125625 282.63211699995736 238.40455200001983 265.4181943482399 235.31091273449465 266.74007800000254 227.9558769999722 English 0
283.74059461595607 221.1680844013537 282.72394100000383 228.37714699998 266.02182200011157 226.02181249369175 267.03848400000425 218.8127600000246 English 0
314.1573037766648 227.71181400389779 312.91182100001606 234.3965520000049 297.29373430731357 231.48673093898 298.5392239999783 224.80200199999416 English 0
313.7425714737765 234.56985463883683 314.843000999972 227.5846049999652 324.6203000510286 229.1248213598057 323.51987720670877 236.1100650354984 English 0
359.8796262128599 236.22259017791035 358.71946710540215 242.72156736217167 323.9798832817178 236.52025902142634 325.1400580000336 230.02130199996827 English 0
382.68901538162027 240.08497926632853 381.8036890000076 246.6887410000189 360.81044405844295 243.87440114749015 361.6957810000167 237.27065199998069 English 0
383.37945799998124 246.96425200002943 384.3653237855324 240.82930344123997 396.8374870366097 242.83344686221608 395.8516291748674 248.96838835773923 English 0
395.8630260962673 249.32338611214186 396.8303633778851 243.79110586896797 431.7543430074875 249.897351494712 430.78702629696636 255.42961352743396 English 0
449.35633005719865 252.56382950700174 448.42400599998655 258.47602699998447 431.5039342331147 255.80792692018292 432.43626600000425 249.89573900002205 English 0
429.74897385021904 257.1365685655503 428.4963289229927 263.9724523759862 390.49693369859597 257.00949758486917 391.749598000024 250.17363899999162 English 0
370.68180145353836 253.70166859050144 371.68534999997064 246.71191799998778 389.904446892906 249.32758112934556 388.900911744131 256.31731967724124 English 0
360.08140063371684 245.07651637247423 358.76645299998927 252.03704699997292 345.10351661607274 249.45602072591737 346.4184709999972 242.49549899999306 English 0
346.4792389566719 242.97388608297274 345.3359520000231 248.73116200002306 332.1910658266279 246.12093989924946 333.3343579999928 240.36367099998415 English 0
316.1122008743405 236.8481585193789 314.7891539999546 244.04343800003448 283.3306235483178 238.25912715260455 284.65368600001966 231.06386800000092 English 0
332.2359670665901 239.77080285094598 331.5964990000066 246.08183699998813 322.8304345047218 245.19364513518263 323.46990700003516 238.8826159999762 English 0
241 215 255 215 255 281 241 281 English 0
225 298 248 298 248 309 225 309 English 0
203 294 223 294 223 305 203 305 English 0
162 290 201 290 201 303 162 303 English 0
142 285 161 285 161 297 142 297 English 0
127 283 140 283 140 294 127 294 English 0
183 221 208 221 208 237 183 237 English 0
438.82687750578043 300.89346959063954 438.0909110000357 307.47304699998665 406.3975919785298 303.9281278064198 407.1335790000012 297.34857399997037 English 0
372.35339760780334 218.27652350442477 349.3351275537134 216.7436631922146 351.4027690000512 185.69671200000127 374.4209316571505 187.22956872001356 English 0
301.3748310654046 203.37138884406062 306.70450500001607 175.65639699996663 355.4638629517285 185.0326784413954 350.13430213119136 212.74757092164165 English 0
372.5450066245685 218.49402697039395 377.5902489999862 190.91802899998012 438.93849436644814 202.1417418391415 433.893404713308 229.71760480444414 English 0
222.01337906160916 186.55304826762728 228.29293800001324 157.11368300000726 311.0739452280541 174.77073812042346 304.7945784671174 204.20993555718923 English 0
433.6223056528979 189.75555727794926 438.48780943473685 185.9801229556504 461.2477000650688 215.31053567303329 456.38220562264905 219.08595943501425 English 0
421.2372437662998 185.40158042011774 426.0907246505667 181.59090368023467 465.20003721765534 231.4010535400982 460.34657300631807 235.21171155943438 English 0
401.73897220731305 236.66524814211982 403.09451400004036 227.53613999999675 452.2018960939022 234.8275054433014 450.84639867687656 243.95657375174784 English 0
400.87595313685597 226.84406669381943 398.8846967431891 236.4962568521807 310.91993512520276 218.34935855956593 312.9112439999881 208.6972400000086 English 0
263.63944349715894 148.41505266806178 259.97714899996936 160.01204899998245 230.62397069217695 150.74253157280825 234.28627599998435 139.14555499996698 Manipuri 0
284.5471589027875 153.06362259563616 280.90686299998197 164.44655500002375 262.6967633501772 158.62300179227617 266.3370659999782 147.2400820000335 Manipuri 0
307.04060498203035 158.1169403440426 305.1383760000317 168.28388099998378 283.0849286320881 164.1577539278992 284.98716800000693 153.9908269999808 Manipuri 0
310.3171834539535 169.754408540862 312.01689100002113 161.50147000003503 337.65036188029626 166.78060710807785 335.9506697940378 175.03353213317632 Manipuri 0
377.90572704805527 175.8803732215029 376.02972300002875 184.83616999997977 339.1400568635436 177.10888063369896 341.01607700002205 168.1531059999822 Manipuri 0
412.3614290345722 182.96746814409647 410.2149120000104 193.30299599998793 378.1339989967091 186.64044863566824 380.2805329999683 176.30494400002243 Manipuri 0
142.55404601237387 157.84528212542602 144.89151000001584 147.48119199998536 221.11861998077075 164.67260544122593 218.78121194284176 175.036646934324 English 0
172.15613728621975 166.84073941203383 170.14521299999615 175.45322300002516 145.29624926806719 169.65134790130546 147.30718300001172 161.03887800001291 Manipuri 0
188.57081588786968 170.93892783475494 186.65103799998178 178.54262300001227 171.12566099276592 174.62285834724398 173.0454440000176 167.0191709999769 Manipuri 0
218.88938586787845 177.79973782265512 217.4270489999617 184.97496500002433 189.41594311516383 179.2663055793501 190.87828999996418 172.09109200002018 Manipuri 0
164.71706169373647 151.81298915692958 148.4481066839362 149.42482427422823 152.48230500001227 121.9431179999994 168.7512147522648 124.33127950709098 English 0
176.8107409166987 128.31266769432463 194.13052332922234 130.02972789381636 191.31816200002504 158.39726700000026 173.99837996628776 156.68020940654867 English 0
200.79277578093752 134.66406284145992 221.87496058053512 136.17028458521585 219.99414100006106 162.4951990000017 198.9119564300927 160.98897945335432 English 0
474.7551196582208 318.95673143216254 477.694416000013 299.2335090000089 534.0930999850389 307.6377306017515 531.1539498990169 327.3608219646314 English 0
566.0454681258125 314.1355594427947 563.630953000029 333.1406030000209 526.8990885089443 328.47420841769815 529.3136750000122 309.46924899997055 English 0
581.0648121615668 334.424983013458 563.2525642904511 337.7209291147942 558.8890840000386 314.1409819999977 576.7012312760198 310.84504545349085 English 0
619.5225423345255 320.6285644025195 617.993639999986 340.0676149999736 580.1017512810358 337.087486313419 581.6307360000064 317.6485260000187 English 0
548.3059340204636 296.32537167972635 546.6448200000013 307.4117569999938 514.6460543435387 302.617507459315 516.3072010000178 291.53116199999766 English 0
546.6685478581348 307.57131115079505 547.9827459999797 296.89633299998843 561.4755982753559 298.55732524733304 560.1614181316836 309.23228705307383 English 0
578.9302723220317 299.8252026344988 578.3488020000368 312.03907099996525 561.1848050549452 311.2219665295068 561.7662980000023 299.0081219999844 English 0
527 273 540 273 540 287 527 287 Manipuri 0
506 270 525 270 525 285 506 285 Manipuri 0
541 279 549 279 549 289 541 289 Manipuri 0
552 281 560 281 560 292 552 292 Manipuri 0
563 283 579 283 579 295 563 295 Manipuri 0
569 339 603 339 603 353 569 353 English 0
570.0632645675068 337.40549907383024 568.2755116159387 350.00557402828304 506.3234276830917 341.21601837388397 508.111263000028 328.61604300003 English 0
493 357 510 357 510 366 493 366 English 0
513 359 527 359 527 367 513 367 English 0
527 362 548 362 548 370 527 370 English 0
548 365 559 365 559 372 548 372 English 0
559 366 575 366 575 374 559 374 English 0
575 368 594 368 594 376 575 376 English 0
595 370 604 370 604 376 595 376 English 0
604 371 609 371 609 377 604 377 English 0
609 371 615 371 615 379 609 379 English 0
616 372 627 372 627 380 616 380 English 0