35.56082299997797 275.40316600001984 33.54630685658776 241.2286579146296 123.46195596066536 235.92832115464967 125.47674642155471 270.10253694363405 English 0
122.18435900002078 272.0683959999761 120.49371469416656 239.46321508832239 232.38971683189448 233.6610196475165 234.0806855638948 266.2658579398357 English 0
434.5185497571947 241.63663378803216 435.78212520238594 262.58016990918 273.8146661596693 272.3501997220975 272.5514332640887 251.40698908353198 English 0
355.8742706749763 265.2970024310283 356.8718229051592 287.4958608038484 283.4500890000345 290.7946610000325 282.45271234816755 268.59597088124315 English 0
359.8845810000057 285.1341560000291 359.1930034876714 263.0076676846071 418.42468100003316 261.15634000000824 419.116387543545 283.282694541324 English 0
448.69039799996244 250.9016990000259 443.72447984635073 223.73631054766332 506.86823660347727 212.1937866285987 511.83427028103324 239.35902530263166 English 0
503.95303199999034 240.49226399998764 500.6098671845393 214.01184554110364 555.5953619999491 207.0700899999679 558.9386307849054 233.5503863020155 English 0
548.2604670000001 240.55914599998778 543.9638460526476 210.59001590929552 602.9340840000077 202.1357819999909 607.2308265278843 232.10476585406366 English 0
640.0001229910413 241.99051099999997 603.6807110000518 241.99051099999997 603.6808424982883 199.11993800000002 640 199.11993800000002 English 0
362.8054010000051 228.53489899999826 361.55636239222076 215.93257270304935 439.04459066601703 208.25264307355948 440.29369995740126 220.85488966340148 English 0
304.2238769999676 233.16344100001373 303.04743211512687 218.77755735546071 362.63623617967824 213.90458649355426 363.8127460463147 228.29039863620017 English 0
65.99223999997776 342.54562600001515 65.64411766405101 324.9374035538609 93.19905500000459 324.39266000001277 93.54723629825457 342.00082218032327 English 0
119.65352629340487 325.49138542749796 118.81672987648926 344.5517070888578 89.27161899999192 343.25461999999663 90.10848217505554 324.19436829853237 English 0
119.95493499998702 342.7233490000209 120.80710461348644 322.60282537998415 163.29717799999344 324.40221000002305 162.44511873170268 344.52262759402635 English 0
72.01338799997757 313.19396999999617 72.78574066891451 291.10130638969457 126.06465099997877 292.96370199996943 125.29243559569295 315.05623274935715 English 0
127.15983499998401 310.29300800000306 127.92974791758752 288.26997651769796 182.00487100002647 290.16020300002026 181.23509574172203 312.1831007359532 English 0
442.2930769999948 289.87926200000356 442.0297055585979 259.1051616746825 559.8046829999657 258.09675499998986 560.0684214530338 288.87048468091456 English 0
553.3797459999914 284.1748009999868 552.4266943458497 257.1770275297627 627.1177010000247 254.54030600002866 628.0709473745083 281.53787763853666 English 0
38.65543299994897 361.75730800002617 39.33303346821049 340.59312992452027 89.40161300000909 342.1959039999847 88.724155603486 363.35994326636364 English 0
463.5473620000266 243.05381099999977 492.31715429959877 242.8723884246511 492.42567411878554 260.0805477175955 463.65588182234205 260.2619700011203 English 0
489.57656500002486 259.1459210000273 488.9949337310827 243.2310414392879 531.2012710000272 241.6885719999931 531.7829624982551 257.60338891293446 English 0
527.7938110000105 256.3156689999651 526.2098577801225 242.18709556758316 577.7188407351059 236.41259371129024 579.3028522997338 250.5411002302369 English 0
572.3612339999818 254.26512000001657 570.8434611900157 238.59653437605942 607.5402370182564 235.0419362118747 609.058056599315 250.71046944999165 English 0
604.6320930000365 253.9287740000171 604.1972171548696 234.44134376187225 640 233.6423849999815 640.4349376961909 253.12975206432384 English 0
146.40939927572617 343.8220377320246 146.74930459877942 363.44422702077134 110.08111199997074 364.0792160000242 109.7413029481686 344.45712137774933 English 0
83.38328703677689 339.3075928474725 115.25405322186998 340.5341585660094 114.18366393510951 368.3443322264412 82.31289799994556 367.1177709999988 English 0
173.78766329253267 343.9596107981945 168.90455404660315 374.54334303114615 139.75684959150385 369.88984938950404 144.64005499998166 339.3062369999706 English 0
240.99827500001993 354.36157100002254 243.0147664015385 335.3233688866754 310.14501600002404 342.4328579999818 308.12870623798517 361.4708929361822 English 0
359.4750774285785 340.96681460214836 359.0782556578779 360.87891351474013 312.8277450000314 359.9570889999694 313.2246842668246 340.04511008667356 English 0
287.0219150000048 289.0838710000002 352.3256113606476 286.7365611413022 353.02405644906685 306.1665132492712 287.72036037589714 308.51381805837934 English 0
346.7056769999908 307.15888800002966 345.5379995539988 286.6014093111783 396.82184203731595 283.6885451520836 397.9896284334245 304.2459082860861 English 0
302.52824029877956 306.0332242157526 301.1741873528081 326.43918951947734 282.1298356963962 325.17553859962766 283.48393100000976 304.7696189999847 English 0
325.66564477318025 328.4355019723496 306.4085270000214 326.92859400000265 308.0571249107743 305.86308181367264 327.31414726848016 307.3699860382171 English 0
352.30359393695835 327.19015026772604 322.933938999995 323.5842739999984 325.6638934433431 301.35131318156346 355.03339656366734 304.95718002992055 English 0
455.8286270000099 310.88540700000505 455.2686283289222 285.78839916021514 504.9734549999994 284.6793190000042 505.5335886647663 309.77618879028535 English 0
560.7836540175049 282.93413400691645 562.578941789252 308.7248751494121 505.56247300002724 312.69324599996514 503.76735855104926 286.90266773427817 English 0
639.9999855959322 278.34752595989823 640.5824385050801 308.47424821114595 562.2964649999631 309.987209999975 561.7142745309684 279.8607445007141 English 0
47.49502200000279 289.7646269999648 48.53203320373723 270.74478800099564 98.64499299997988 273.4768339999689 97.6080868254212 292.4965731124849 English 0
103.57904399999825 292.3521700000135 102.30736441801128 270.3500492996551 159.8678220000147 267.0232489999781 161.13962525167153 289.0252378702467 English 0
544.0649416120868 195.98182563231262 544.6955252339831 217.0233559697067 462.5758846833196 219.48395213603152 461.9454382857657 198.4425550817025 Manipuri 0
546.0839049999777 212.35029200002035 545.7927602084965 189.31313490895326 598.1438340000022 188.65148799997746 598.4350676945905 211.68855451937253 Manipuri 0
639.9999839568773 185.08279237569855 642.1298802311503 202.02625880197277 600.6965689999925 207.23443600001704 598.5667295452731 190.2910210450441 Manipuri 0
104.65233199996874 237.67541899998048 106.52738000950194 215.43109353546828 164.79378399999405 220.34228699999608 162.9188551857078 242.58650139424444 Manipuri 0
428.3756161692145 337.60519429882294 428.9869129960425 350.9964594544027 376.5915802820382 353.3878095467006 375.98037750627554 339.9966344787162 English 0
280.25547299999744 343.06159099998536 279.4344269137946 325.06765258674426 332.7191920000041 322.6363979999984 333.5403511129698 340.6302177427606 English 0
350.3121719999763 323.7218670000204 350.61536928064015 304.6323926522777 392.8606440000294 305.3032650000143 392.55754257195804 324.39264502209755 English 0
363.4440008491947 341.4543998132993 330.0387967727147 342.03866568468214 329.73745715178666 324.80682262950904 363.14251900003 324.2225579999997 English 0
200.2654931158031 313.2224355915647 183.37385200000426 311.82183499999775 185.34760354683385 288.0200321431484 202.2391549999884 289.42062899999763 English 0
479.73844812775496 358.9573138487043 479.7922348427528 376.84913362235216 437.07223990561033 376.97736153408783 437.01855799998157 359.08564599996623 English 0
524.9696800505626 358.06291608744505 522.4804787563335 383.54865427682375 479.6498789999896 379.36559500000556 482.13921375456266 353.8800066430812 English 0
556.3167616761348 358.6879372631882 554.076170453045 383.25036105090925 520.0305814638705 380.1448718277925 522.2712760000286 355.58256200000346 English 0
553.9768509999703 377.745028000025 554.4602950118133 352.0622905322083 626.8094727979042 353.4238205945787 626.3262863057025 379.10630458109847 English 0
281.50835393185844 372.231486153218 253.85520634510613 368.8364288483806 256.4551940000092 347.66202500000105 284.10818585958623 351.0570726509271 English 0
410.7362175959861 354.74668868915904 409.79793500002415 370.7888549999983 375.792326596129 368.79999591029366 376.7306780000217 352.75790299997834 English 0
332.02207800000906 367.6872429999927 336.1855784030922 346.8869307533427 377.8653422943171 355.2289311333535 373.7019777397654 376.0291241439503 English 0
333.36359695684223 376.4493682128493 285.4322560776927 373.58113251093516 286.9647416058433 347.97702516726935 334.8957530000189 350.8452510000011 English 0
408.6451037995721 202.99723113465922 410.087614589429 217.81837693614463 335.02337799996894 225.12369599996958 333.5809634119505 210.30263870942684 Manipuri 0