191 240 305 240 305 299 191 299 English 0
298 239 383 239 383 286 298 286 English 0
150 250 170 250 170 301 150 301 English 0
170 249 198 249 198 302 170 302 English 0
188 224 220 224 220 242 188 242 Manipuri 0
222 223 251 223 251 246 222 246 Manipuri 0
251 216 294 216 294 244 251 244 Manipuri 0
290 211 350 211 350 248 290 248 Manipuri 0
0 233 65 233 65 293 0 293 English 0
134 315 178 315 178 337 134 337 English 0
177 306 248 306 248 333 177 333 English 0
245 306 282 306 282 328 245 328 English 0
279 302 320 302 320 329 279 329 English 0
320 297 351 297 351 326 320 326 English 0
351 293 402 293 402 332 351 332 English 0
554.2149520284147 196.71759702112976 572.4819414704689 210.57536873497946 536.3171629999852 258.2450539999844 518.0502346534195 244.38735246703 English 0
548.5605039999791 306.4279939999841 535.4154308736179 295.05327593160405 574.2545886123844 250.1719203142291 587.3995659114007 261.5465686422501 English 0
522.3497460000362 327.9944790000149 511.8040643765562 316.1826121476725 534.6966808946308 295.74550001989553 545.2423315047781 307.5573249500631 English 0
517.2106979999808 305.95852299998387 507.3918787490402 295.47268874572364 535.653444999989 269.01053400000455 545.4722275055974 279.496324822125 Manipuri 0
551.3483499999711 274.06185399998117 536.0837521082431 259.02821969718605 568.0647460000182 226.5574890000107 583.3292773154244 241.59105911089966 Manipuri 0
544.2745209999703 468.48488400000116 536.9858009966993 441.44469250405706 573.1672029999754 431.69338399996917 580.4560293656687 458.73340604363426 English 0
563.3821239999816 485.01578499999664 557.3727847179543 460.7681785635863 610.8039099569578 447.52822836423803 616.8134027683118 471.7756032695097 English 0
534.0493840000272 415.8424090000035 526.4903696812689 397.86330644806617 570.2052420000109 379.4862059999761 577.7642992289475 397.46518287088236 English 0