115.64658499999496 121.88553499997181 124.66681185018388 76.73473368900812 236.3421529639163 99.04493367246012 227.32216816337314 144.1955217662394 English 0
233.01516927072953 148.00531394384018 242.56585499999346 106.30362400003105 354.9121956439194 132.03312146912734 345.36179896385875 173.73455992753762 English 0
209.92836761957733 174.299616210055 179.7681759238185 168.946116432583 184.99561260163318 139.49699849083348 215.1557020000473 144.85048900000402 English 0
216.2785040000017 175.07931300002366 221.30174157231522 149.79894880272232 277.933216308229 161.05141314388604 272.9100828072842 186.3316861165979 English 0
135.0104804950388 206.78853520657208 144.11601400002837 159.77081000000828 314.135908082535 192.6955714299655 305.0310643019475 239.7126898773331 English 0
200.90309487626655 239.7951037454968 205.77349699997285 222.14993099998406 226.98714806530916 228.00506774752662 222.1167853580846 245.6502066863554 English 0
283.77780403141514 258.75367181130446 277.25998162110045 290.6859879759434 129.94228088973614 260.61669159719645 136.46044299995992 228.68483800001854 English 0
229.33017617942824 278.77380851074025 222.97004148975248 316.5357988881005 81.73396803365904 292.74798485208925 88.09455599999637 254.9865690000051 English 0
229.65881400006765 308.90749699998173 233.94360456048162 277.1484002268985 322.7156279965857 289.1240699149638 318.4311880762107 320.8828501675737 English 0
69.13399199998821 389.1425020000171 72.73961649960256 350.94987131951365 148.40745669491298 358.0924784758895 144.80226828200102 396.28470581879753 English 0
105.01712777047942 346.2626080725599 78.42390175756009 340.54203657052034 84.05517505518219 314.3665343295861 110.64823200002138 320.08708700000614 English 0
115.62885993043892 319.5930646329599 156.52590663186857 328.22901080328666 150.40587899995444 357.2090259999939 109.50884211029916 348.57311199214905 English 0
158.89694795609103 307.7415266162817 156.07784587089554 326.66693968762416 115.01324486365775 320.5503273358397 117.83242199999222 301.62500599996844 English 0
154.665980931386 324.43725504042186 156.49992449965794 307.4490924748768 230.2202097535337 315.4067207298176 228.38642963142775 332.3947322488434 English 0
240.82688415554003 336.07101751543587 225.36199281952577 333.04157081948154 229.67946402000962 311.0034655130487 245.14427399997658 314.0329039999993 English 0
244.449063985885 333.2339033085847 247.65558400002192 313.26657700002846 306.07737612015626 322.6475730830131 302.8710179418704 342.61475509392744 English 0
213.7305846180243 405.8210717820322 211.49225255103374 434.2235370811324 130.45347899998887 427.8372249999968 132.69213712344936 399.43511812454494 English 0
259.1055388429959 410.3183409410286 257.3936842551484 433.5007481880206 208.35933000002115 429.8801220000058 210.07134799809137 406.69789296265446 English 0
252.01679600002535 435.24058399999126 252.8226293905027 415.2537674975541 308.98315899998124 417.51759899996733 308.17751047325146 437.5042373969748 English 0
91.83523613195575 402.67036494420677 90.10109700000612 421.80789900003305 56.510607458913 418.76436539292376 58.24483500000497 399.6269299999718 English 0
86.39222400001017 419.2031519999869 89.11729615450895 401.1701513657311 130.54204899999604 407.42923500003474 127.81710662689875 425.4621194213224 English 0
406.78881231906416 447.7961356952102 307.7160530369292 435.6332389269768 309.79622910395847 418.6937847443721 408.8684490000014 430.8566480000001 English 0
408.82050316329696 425.34751585972316 446.02986174984835 431.2698154662422 441.8583210000361 457.4755150000028 404.64896840312576 451.55324118159285 English 0
439.46319599999697 450.73336799998094 445.36183975251333 425.13139795674334 485.3239918573672 434.3372560536069 479.42554768880655 459.9390526907059 English 0
555.2976055454201 454.20929506572077 577.8265199602902 455.1235025751258 570.2857083698473 640.9141728938188 547.7567959999578 639.9999999999986 English 0
155.88850200001616 76.31679499996532 162.32159990911896 49.67546843297252 225.7071034492401 64.98113091464917 219.27405848815397 91.62241165254109 Manipuri 0
225.0494860488834 96.3004082144916 231.36647799998173 71.82935800003149 329.08267421669734 97.0536959622426 322.76578563491057 121.52465694748416 Manipuri 0