264.82277352552046 267.44187276698426 239.4800311895233 318.77807827115635 73.22740834293654 236.7078054885994 98.57031699997606 185.37248600002187 English 0
370.5349442511215 318.8325571823897 349.18863757258805 363.98302106729096 220.45915698639874 303.12534758584354 241.80563100002473 257.97562900000935 English 0
382.8348156745051 323.5463907743864 375.0094949999766 343.8203370000013 342.00226968197967 331.0811550367083 349.8276259999693 310.8072960000337 English 0
98.97422856607591 414.7351950715727 113.75854199999594 351.15399900000733 263.77064120322757 386.03100909614733 248.9880129499943 449.61074293800255 English 0
251.7171546095051 446.4000559402582 256.8231370000285 405.96391499997645 330.92399025001214 415.3193998230788 325.8185420399968 455.7550554871159 English 0
106.08805235176987 295.3325484617227 116.6377939999802 270.8933170000239 182.8784297734819 299.48564871424753 172.32891810628644 323.92468502724364 English 0
269.1381513943634 335.52307956612816 264.5502719999786 350.88084400000986 224.3098332194495 338.86056551843063 228.8977590000286 323.50288200000614 English 0
215.5593321845663 316.09292438922785 209.94031199996243 332.1259030000252 166.93988679100585 317.0566876683491 172.55894800000533 301.0237949999664 English 0
212.02649486287555 315.48597997428527 228.25794086158567 315.85303736876074 227.65208999997412 342.6419239999992 211.42064404200937 342.2748678090506 English 0
351.0661670140689 357.46265654617775 352.64986599999247 337.3626520000122 374.83680808094505 339.11062736827546 373.2531711552292 359.21057378450877 English 0
425.4601249464031 366.28281511064154 416.99933764743037 388.24765766885037 371.245953323305 370.6251929924048 379.706800999993 348.6604980000104 English 0
389.3928580080683 481.00283287965 391.8419800000265 457.38073800001234 420.5552602946409 460.3572210095274 418.1062682344782 483.97919625753184 English 0
370.29468770255335 458.50995480529156 379.22938523341145 468.11471760874235 359.47933858740726 486.48382639409056 350.5446878760267 476.8791090904042 English 0
526.7988480000349 562.2073329999928 560.8970344888075 555.2862526626187 573.9344029999484 619.5015090000057 539.8362462906516 626.4224896400376 English 0
358.1364784876496 431.17217483498655 368.5825787273643 443.82852157059403 333.24994044531195 472.9862749761513 322.80394458088267 460.33002565248773 English 0
429.7166553745046 411.2436940157883 423.12273331910546 429.40761301932577 357.9871792495396 405.7644437311557 364.581188000011 387.60071500000834 English 0
265.094767000046 331.778548999998 283.4536666581698 329.90800140847784 287.02412654150976 364.9479807976111 268.66522818032536 366.8185198415205 English 0
437.8562450000027 492.45552599999877 458.5352631612477 491.37199502666624 460.29771900000924 525.0018249999983 439.6187013998133 526.0853490673801 English 0
149.79007818066748 181.42905781883243 138.3032161220035 204.7419082606424 75.2987252810999 173.69848916261134 86.78560699998343 150.38574700001553 Manipuri 0
196.38513534562662 206.75038015540866 184.53603681220557 230.52704618146618 127.17627140496916 201.94254079024137 139.02539000002434 178.16598999997575 Manipuri 0
277.523863000024 407.4222029999675 279.70523955002136 385.6339985816135 321.39535908929247 389.8073727033452 319.21412967501965 411.5954410124828 Manipuri 0