165.13367640887736 257.72801472117874 176.6701699999976 204.72482700001135 379.8059182389261 248.93548018620913 368.27062017568096 301.93762360194205 English 0
529.6540892721532 292.3721477654077 517.3404380000284 344.733086000005 370.409270837481 310.1802471593927 382.7235279999877 257.82019200003396 English 0
268.5882165699877 320.4789873712607 275.16010400002415 287.85222200002556 357.6232868019724 304.4611007135878 351.05176421748183 337.08754592293474 English 0
355 308 375 308 375 343 355 343 English 0
373 318 422 318 422 358 373 358 English 0
188 318 292 318 292 376 188 376 English 0
299 342 391 342 391 395 299 395 English 0
388 365 488 365 488 415 388 415 English 0
196 371 243 371 243 403 196 403 English 0
240 379 301 379 301 412 240 412 English 0
298 392 335 392 335 421 298 421 English 0
336 401 377 401 377 430 336 430 English 0
264 428 299 428 299 453 264 453 English 0
276 458 315 458 315 484 276 484 English 0
417 419 468 419 468 447 417 447 English 0
234 186 360 186 360 244 234 244 Manipuri 0
363 221 482 221 482 273 363 273 Manipuri 0
52 205 89 205 89 224 52 224 English 0
104 216 134 216 134 236 104 236 English 0