272 467 285 467 285 479 272 479 English 0
287 469 292 469 292 479 287 479 English 0
295 471 305 471 305 481 295 481 English 0
315.2576072850934 486.6973643435569 313.445939000012 503.05033600001184 270.3234035582864 498.2736306854568 272.13518500000646 481.9207890000167 English 0
313.11763558325765 501.8993090108981 317.0895130000281 484.497743000005 343.1801783000992 490.4517954460756 339.20839989536034 507.8532755587958 English 0
396.12569700002496 490.89194300001645 397.1577813031763 479.5589544712572 439.76053685633815 483.4379474909791 438.7285473024531 494.77084818092476 English 0
452.2052265802631 486.9771783158827 451.5255679999973 496.858306999967 441.15085492507205 496.1448071260203 441.830530859952 486.2636972136379 English 0
468.86922500307264 498.3232321300952 454.0145732959354 496.6905840977819 455.1579420000053 486.28979300000105 470.01253729802556 487.92243790379075 English 0
394.03481100001954 515.5103970000143 396.6620471869828 494.7899160510062 428.71295586744964 498.8529798483198 426.0858589158306 519.5733346326128 English 0
428.68987699999707 515.3256949999865 431.3558171426848 496.60849549743085 472.10161427654384 502.41084293392873 469.4358363099309 521.1278966087674 English 0
47.331598125892924 359.36362501861623 46.41113659985422 391.62728556159385 0.23509193844802212 390.3097980110286 1.1557549999997718 358.04634499999 English 0
143.23148020244844 405.9278528007169 50.24125324402121 392.69085573430885 55.30761771158723 357.10676549866156 148.29691000006278 370.343695000003 English 0
338.0367278269114 386.1359682715292 -5.887121309788199 355.3591957678641 2.451677602439304 262.2262039832598 346.3677459999599 293.00262399999957 English 0
201.83185900001263 274.2297050000353 202.692315149543 243.34725499367414 355.77886099999887 247.61148999997968 354.91887598072935 278.49348103521 Manipuri 0