283 420 322 420 322 437 283 437 English 0
326 423 342 423 342 440 326 440 English 0
345 426 368 426 368 442 345 442 English 0
196 429 240 429 240 455 196 455 English 0
242 435 284 435 284 460 242 460 English 0
286 440 339 440 339 467 286 467 English 0
346 446 411 446 411 476 346 476 English 0
413 454 466 454 466 484 413 484 English 0
217 460 261 460 261 478 217 478 English 0
264 466 295 466 295 482 264 482 English 0
300 471 326 471 326 486 300 486 English 0
328 473 385 473 385 495 328 495 English 0
389 481 427 481 427 501 389 501 English 0
230 483 265 483 265 500 230 500 English 0
265 489 316 489 316 507 265 507 English 0
318 496 372 496 372 516 318 516 English 0
374 504 413 504 413 521 374 521 English 0
285 395 314 395 314 415 285 415 Manipuri 0
316 399 342 399 342 417 316 417 Manipuri 0
344 400 371 400 371 423 344 423 Manipuri 0
183.2490221021726 195.21650837049887 183.23475195356878 213.45503078475647 140.9104529999604 213.42181799997218 140.92478164173372 195.18335404095052 Manipuri 0
216.6652589567093 196.43456270976216 216.48139727200032 210.32717701442363 186.86269800004084 209.93515000001105 187.0465903548029 196.04256668097545 Manipuri 0
240.75348344857048 196.38540231990487 240.62030620836595 209.05738182272486 217.08477300002414 208.8100080000229 217.21797246180358 196.13805092704578 Manipuri 0
295.6978183887986 193.27011608316613 295.8277975254896 210.9299782151564 242.58373363343708 211.32170277293835 242.45382569613867 193.66191100432744 Manipuri 0
163.71109599996998 221.23064299997822 164.1691015647666 209.63622199737762 212.38507299996854 211.54072799998121 211.92711417133978 223.13510382931244 English 0
213.18985999998404 221.91712099996462 213.55469811300281 210.68827118076342 232.44713899999624 211.30208100002946 232.08231851669552 222.53091372221883 English 0
260.92649827201967 212.12862622806156 260.8814706215344 222.02330882484557 233.6348729999736 221.89928200001202 233.6799223045091 212.00462117163156 English 0
151.89661199998227 271.80903900001744 152.46533838035248 258.76200720333145 180.0830059999862 259.9657920000162 179.514316732093 273.0127881478248 English 0
182.42209800002456 272.4895839999722 183.74743749314803 258.04909079598104 200.69946399999026 259.6048560000172 199.37415076412435 274.04532483572086 English 0
237.0013757016568 275.98573357991006 225.05541300000914 273.90104000000156 227.82770767145848 258.015866754946 239.77363300000434 260.1005569999985 English 0
147.70444648631383 222.61728022345693 146.420627428015 255.93639208471114 76.65715299997828 253.24812999998457 77.94116937970102 219.92922348017356 English 0
115.85307343913883 286.0765102722237 86.33549940008379 283.80058998448885 87.45420335086237 269.292967137291 116.9716889999836 271.5688839999996 English 0
120.38454200002889 285.46944000000883 121.29243949544616 271.5087386646578 167.02864700004284 274.48282799998907 166.12082004496187 288.4434626715624 English 0
204.06619892026356 223.66626387826219 203.05329084476398 256.61005710522807 149.7358510000049 254.97059700003388 150.74891032003507 222.0269600432751 English 0
208.00303399999393 256.03910099999206 208.96865435803193 223.30828137811974 254.73133500003314 224.6582840000332 253.76585238183907 257.38896962202125 English 0
169.46159799997986 287.55816000000937 170.58839402568992 272.91627493047156 197.8569779999816 275.01464600001094 196.73022673479863 289.6564891259193 English 0
198.89455199998338 287.04052799999454 199.4474634648941 274.86378843578495 227.38881299999775 276.1324289999976 226.83593870606273 288.3091329177049 English 0
230.3411230000347 289.2623470000273 231.03639546097838 275.4366956262458 267.34401199995773 277.2624030000127 266.64879494928755 291.0880014550697 English 0
258.64754299997 257.20921800002645 259.36731044668704 221.15229528616936 367.2697079999489 223.3058079999843 366.55029513014597 259.3623827375375 English 0
313.98976793469046 292.2763114132113 274.78052271057095 292.67344076911485 274.6377769240644 278.5749067632438 313.8469050000276 278.177778 English 0
15.104320615282631 366.8972486043003 14.391604168122285 374.66366970275453 -0.712730965387891 373.27767790103223 0 365.5112730000344 English 0
25.88230004599609 336.6101856856926 24.54590588909923 355.929335602194 -1.3364535946311662 354.1390176659347 0 334.8199320000218 English 0
6.208704132077401 374.85080662379266 5.221980828937376 383.02306984196434 -0.9867294726427644 382.2735010225455 0 374.101245000029 English 0
22.41553672560258 376.9676013122335 21.769549375021597 384.02244925891443 5.862780000024941 382.56605400000495 6.508781606971752 375.51122196419476 English 0