141.2967878683412 158.4587461640952 153.24857500003418 103.57412399999697 315.3783900768758 138.87895529629316 303.42718497915484 193.76306679950898 English 0
312.32143099994573 193.91774599999297 320.550316374065 150.5938413512992 458.069941829599 176.71314146475504 449.84153382210934 220.03662382679593 English 0
305 201 346 201 346 220 305 220 English 0
160 192 215 192 215 215 160 215 English 0
162 212 196 212 196 227 162 227 English 0
199 220 218 220 218 231 199 231 English 0
222 221 273 221 273 240 222 240 English 0
161 228 222 228 222 251 161 251 English 0
225 241 273 241 273 257 225 257 English 0
274 247 297 247 297 262 274 262 English 0
321 223 347 223 347 236 321 236 English 0
349 228 375 228 375 241 349 241 English 0
414 240 433 240 433 250 414 250 English 0
414 253 448 253 448 267 414 267 English 0
412 268 440 268 440 279 412 279 English 0
319 254 341 254 341 267 319 267 English 0
343 257 363 257 363 269 343 269 English 0
364 261 392 261 392 274 364 274 English 0
192 259 224 259 224 275 192 275 English 0
226 263 258 263 258 278 226 278 English 0
259 267 282 267 282 281 259 281 English 0
283 271 329 271 329 287 283 287 English 0
330 277 359 277 359 290 330 290 English 0
362 280 384 280 384 292 362 292 English 0
385 281 401 281 401 293 385 293 English 0
304.7028232804587 27.31345042397631 299.36990694688575 39.76749362239579 251.96297475282336 19.467478856982193 257.29589299997315 7.013441000000552 English 0
298.6698252122005 39.245413748223996 303.46965497752535 27.912013195456705 331.9682659882528 39.981499248313646 327.1684423714032 51.3148945679503 English 0
372.310209443458 59.47959129219191 367.4283113946876 70.4171483164221 324.9143119133805 51.441359604579034 329.7962130000087 40.50381300002851 English 0
315.99237120979524 16.70999708055802 320.33113099998445 4.386473000004335 336.9944281430071 10.253142004935205 332.65566966103506 22.576664962854153 English 0
290.97463461344887 47.82229801174306 293.8326049999887 40.70082799996779 316.5785525464162 49.82915686915554 313.72058591179666 56.95062369516794 English 0
313.90799156019057 56.938847823768306 316.8917497747316 50.568619364142826 341.78142002696404 62.22668642275962 338.79766638419824 68.59691098959536 English 0
273.13227999089577 49.456939614030766 275.61606999996 43.13057800002972 306.43057374654745 55.22861788249592 303.9467885592603 61.554975404982166 English 0
304.6438280357688 61.46211689503247 307.0599943189882 56.09978221164981 333.1567808541877 67.85845949612971 330.740618929849 73.22079047187171 English 0
331.119154209955 72.72469726939802 333.7456437655055 66.78949684804539 357.2694244181912 77.19937139830634 354.6429398901819 83.13456754689443 English 0
305.2232129121694 -5.8188161426044635e-8 305.2232129999902 9.23469199999864 293.3112859124958 9.234691910066617 293.3112860000256 -9.68081331170458e-12 English 0
303.6403482832975 75.43421879475548 301.18428575762664 81.69305336196618 268.4454821347026 68.84587967774496 270.9015470000304 62.58705099998534 English 0
286.58743829822924 79.68897299437963 284.8008200000186 84.16081599998186 270.56929393525934 78.4749719886042 272.35591299999214 74.00313100000142 English 0
286.4024719020381 84.11137036354899 287.8609609999694 80.29896800002994 296.1848481675406 83.48337347447149 294.7263603200554 87.29577477741996 English 0
270.7772125597694 85.2579113577192 272.3359089999576 81.08076600003399 297.5609370791062 90.4933931405532 296.00224497844465 94.67053481717898 English 0
314.3774384706194 96.67625618118453 312.8868279999733 100.46773499998862 296.42866959184175 93.99728944522253 297.91928099999495 90.20581299998585 English 0
285.57159961266734 92.63335902159432 284.10950099998445 96.47769700001184 271.1582116254431 91.55202315035041 272.6203109999915 87.70768700002911 English 0
285.38219018722884 96.7634310171346 286.9334539999545 92.75192800002043 295.53612249372236 96.07859025764029 293.9848602470738 100.09009194700802 English 0
302.3185531589115 97.57059125109856 301.0866769999848 102.17608599998316 294.3490720967384 100.37392556819093 295.5809489999956 95.76843199997656 English 0
302.8744356518291 103.41370820392083 303.8805770000181 99.25374799997547 310.90232471062336 100.95203724331434 309.89618468491244 105.1119963027591 English 0
213.45045676534937 72.56043592191209 211.90295629945467 76.74814109067738 188.66919133994088 68.16249345386265 190.2166930000385 63.97479099996741 English 0
212.57868747568864 77.21369297862753 213.92996800001129 72.6005679999779 221.67078199585376 74.868004087438 220.31950270327798 79.48112801313674 English 0
228.6489477538271 82.74039196650543 220.18576441143523 79.89382126550468 221.85962499999732 74.91726799999667 230.3228059331741 77.76383825930168 English 0
214.83564104717516 70.98636792403542 216.21624999999767 66.59737899997307 224.54202140019333 69.2163402794465 223.16141362200142 73.60532820165922 English 0
230.36532873491524 83.22340964573071 231.88026299998455 79.04048100000266 243.70473410344857 83.32293540083732 242.1898017624335 87.5058624171036 English 0
239.64841216431523 75.52861004418409 237.75993266499427 80.21016399570222 224.285044799326 74.7745850413164 226.1735249999765 70.09303300001736 English 0
238.66863297538657 79.35400543152531 240.2959625315998 75.37037133505827 257.98617986234603 82.59685451401654 256.35885301060625 86.5804863178511 English 0
199.79442298492359 46.52886515272458 198.24834429164184 49.988763998207745 188.8624241346406 45.794609233470226 190.40850299999875 42.33471100000399 English 0
271.8475231557386 98.06442425207409 273.1735849999677 94.2815080000303 287.00255827650835 99.12907397580727 285.6764988296345 102.91198819155618 English 0
286.3099966556183 103.27603862346317 287.53865400001814 99.69339899996905 302.01058731887315 104.65647086834835 300.78193247303716 108.23910836829342 English 0
336.84233072686766 100.23719988513882 335.3982871072367 103.51450702206728 323.5393059146736 98.28925057191907 324.9833500000386 95.01194499999235 English 0
344.1440601438808 102.95437726944095 342.8621126936923 105.83727373275975 335.69718030084914 102.65124259802573 336.97912800002086 99.76834699998702 English 0
364.0283524125698 109.43346330771021 362.7004969999689 113.12114500002681 344.2336852542212 106.47169078875908 345.5615419999958 102.78401200002176 English 0
346.3950841960468 109.76375407058705 345.1178463862743 113.06664770161433 324.10678498490597 104.94167466038981 325.3840240000136 101.638783999978 English 0
364.25858771450294 116.76841870708057 362.90402235208603 119.9668176258329 345.5807187840401 112.63022835916851 346.93528499999957 109.43183199998913 English 0
373.58135490583663 120.33955759502228 371.8379297363572 123.67979513044155 363.1150896516192 119.12698607296741 364.85851500001445 115.78674999999079 English 0
335.63555473338056 111.41202330063804 334.44264699995983 114.62223700002674 324.9957756829099 111.11183236073025 326.1886840000079 107.90161999998003 English 0
351.70316736948735 117.36138335310082 350.59227687932434 120.26518009735335 337.8826758021023 115.402979033201 338.9935669999977 112.49918400002625 English 0
368.834279659568 124.29029369412648 367.65808815973287 127.08932507114235 351.02737572291517 120.1009420842571 352.20356800004083 117.30191299999659 English 0
338.6078083827306 118.80458500249392 337.53917939582607 121.62904480734618 324.72739329663455 116.78177611017225 325.7960230000026 113.95731800002146 English 0
352.97633877074986 123.80689713229494 351.82844236864184 126.77677289693537 338.24521079506667 121.52672779357319 339.39310800000385 118.55685400002743 English 0
340.4222768874024 84.24168018896621 342.0852667464351 80.64410190133393 362.4453686988272 90.05555532680856 360.7823819164332 93.65313099739792 English 0
311.43142369459383 72.66679390261501 313.2024741665373 68.6733559049082 342.83617193141254 81.8155446226981 341.06512584752636 85.80897889225096 English 0
297.73232130450197 66.97632301776856 299.12633599997207 63.67915400000054 312.8519804539974 69.48221741687972 311.4579672300897 72.77938518629081 English 0
276.5874425155198 58.368976209729404 278.1756950000272 54.81113199998524 297.03532130537496 63.23020766925619 295.44707077882777 66.78805021575427 English 0
257.26590913851396 49.90318764588025 259.0332914566534 45.930906916217474 277.0560149935045 53.94971949422157 275.2886344606668 57.92199870731912 English 0
273.6314298497018 131.78541787639026 277.8941599999962 116.06813699998017 323.16163613213575 128.34508674780935 318.8989476140705 144.06233185345744 Manipuri 0
323.22413425041304 145.38435498303153 325.9029020000162 133.74570600002772 374.88350169718615 145.01893287869106 372.2047704005672 156.65755022495975 Manipuri 0
320.00177918765985 26.873242269921466 317.90989541856106 31.47640204913396 296.26836496405303 21.64151480009795 298.36024900003395 17.03835599998771 Manipuri 0
331.53655230940785 31.452207621504307 329.62709500003257 36.58282600000649 319.3764993957302 32.76787371750822 321.28595700000005 27.63725600001623 Manipuri 0
320 238 336 238 336 251 320 251 English 0
336 241 352 241 352 252 336 252 English 0
354 244 381 244 381 257 354 257 English 0
341.3325133737817 29.21163078865861 342.8807851297461 25.913673137910145 355.87678540468914 32.01482041522537 354.3285142842069 35.3127775247702 English 0
353.3049313194351 33.76093815358302 355.1507539135491 30.757325510801262 364.16893080044247 36.29929829169355 362.32310868064815 39.302910519613285 English 0