333 191 467 191 467 253 333 253 English 0
366 248 408 248 408 270 366 270 English 0
410 249 438 249 438 269 410 269 English 0
438 251 468 251 468 270 438 270 English 0
274 242 299 242 299 264 274 264 English 0
159 229 269 229 269 269 159 269 English 0
302 244 350 244 350 270 302 270 English 0
244 267 277 267 277 287 244 287 English 0
279 271 314 271 314 290 279 290 English 0
316 272 341 272 341 289 316 289 English 0
342 271 373 271 373 289 342 289 English 0
376 272 404 272 404 291 376 291 English 0
251 155 312 155 312 192 251 192 Manipuri 0
314 161 395 161 395 200 314 200 Manipuri 0
146.6148537825211 230.57086367609537 150.31462999999349 174.01391000001973 329.2297092415538 185.7168240565396 325.53076805466844 242.27298393881426 English 0
27.14027871887083 238.33850488100992 39.56293100003677 219.87305499999542 92.32974629063392 255.37041788329745 79.90721590387693 273.8357596762637 English 0
124.5052276313072 226.992657754604 134.43563660002837 250.3536146026409 86.25728500002879 270.83243300001914 76.32700942500378 247.47158921842492 English 0