148 135 229 135 229 180 148 180 Manipuri 0
237 149 282 149 282 190 237 190 Manipuri 0
291 159 557 159 557 237 291 237 Manipuri 0
13 172 141 172 141 277 13 277 English 0
0 303 67 303 67 344 0 344 English 0
83 319 208 319 208 361 83 361 English 0
327 351 392 351 392 386 327 386 English 0
395 360 470 360 470 395 395 395 English 0
480 371 528 371 528 400 480 400 English 0
219 333 264 333 264 366 219 366 English 0
266 338 313 338 313 372 266 372 English 0
0 344 47 344 47 372 0 372 English 0
51 349 157 349 157 393 51 393 English 0
172 368 245 368 245 403 172 403 English 0
249 375 342 375 342 416 249 416 English 0
354 387 432 387 432 427 354 427 English 0
436 403 522 403 522 437 436 437 English 0
535 413 563 413 563 441 535 441 English 0
567 415 634 415 634 450 567 450 English 0
0 382 45 382 45 416 0 416 English 0
49 391 122 391 122 424 49 424 English 0
0 479 41 479 41 523 0 523 English 0
53 487 131 487 131 534 53 534 English 0
140 499 205 499 205 539 140 539 English 0
217 481 495 481 495 564 217 564 English 0
498 505 627 505 627 579 498 579 English 0
331 565 404 565 404 611 331 611 English 0
411 574 533 574 533 626 411 626 English 0
170.91775900000357 287.1204560000163 186.08925826629275 190.76491713934814 650.7953505826299 263.9209823164622 635.6289874469803 360.2722005121746 English 0