312.78988400517846 271.24152696939075 314.30238460299734 311.7684782143397 172.9324754182744 317.042775084733 171.42062400002033 276.5164510000342 Manipuri 0
330.6049399999756 305.55852199997423 327.5242729023739 264.2229444795016 431.34031000001414 256.48585399999735 434.421390300995 297.8209775187254 Manipuri 0
89.09069100001943 403.6661880000022 88.19287652833737 329.4556476929636 276.6004169791995 327.1748952385581 277.50011820979125 401.3835390474028 English 0
286.5828811284882 398.5733135063871 283.53856291170814 317.6355779592153 439.63829797176004 311.764314187723 442.6842410548852 392.70030307924975 English 0
136.27163829012716 504.61519582509527 137.47360299996217 469.49089900002025 238.31098197108076 472.9404229294054 237.10968257488275 508.06407380819115 English 0
317.7505156434927 472.85924728483025 315.51338695411687 511.05887393265994 238.51784047466936 506.54973669694897 240.7554710000113 468.3506479999892 English 0
431.6595024599519 476.5018852685907 428.86907463296666 514.058447164311 327.523211000007 506.52856299997245 330.3142780868802 468.97269540296304 English 0
228.45417751123023 451.2968720175203 212.5319799999852 451.6715599999998 211.81821907695848 421.34155914004396 227.7402599999914 420.96687300000076 English 0
235.82184334409249 449.4517103922516 233.50574800002505 421.7328480000058 304.2873615389544 415.81915523945065 306.6037439109641 443.5377001780897 English 0
394.08008926366165 416.5204980659713 394.1886966138554 448.5285903057618 307.05721420643385 448.82335972352627 306.9490570000198 416.8157159999795 English 0
441.5654196316609 418.3197753462064 439.9590139999782 451.5020490000074 397.4396533716208 449.44367273056423 399.0462750000006 416.2616280000334 English 0
231.70372865279205 527.7089821714004 232.09917699998186 549.9822229999967 166.52074023761088 551.1456978125846 166.12559000001056 528.8727499999709 English 0
127.92618572573701 526.8345162326914 128.10886799998116 552.227732999979 75.72705157748715 552.6040646068625 75.54463799999212 527.2111140000311 English 0
128.1646929999988 553.2929369999815 128.28414843505016 531.8568131175853 146.70854812771722 531.9594680998107 146.5891728312272 553.3955123077545 English 0
211.18648300602217 181.50509102678765 180.03959499998018 183.1373959999992 179.1464254555467 166.0940841774364 210.29324499999348 164.46178100000014 English 0
208.7347089999821 180.56541799999053 207.785719497042 162.45683347428434 243.72435600002063 160.57346999996582 244.6733845041308 178.68201323171138 English 0
79.7098630000255 576.1268270000052 81.31725383980665 553.5605648555436 115.88176452984044 556.0219771034301 114.27454887358181 578.5880743006114 English 0
80.99383900000248 600.6265380000204 82.28223807549512 581.037434397525 118.44403095463349 583.4151657570544 117.15579746982257 603.0041129460142 English 0
80.02066640459816 626.1297003578705 81.32878899996285 607.0177670000089 127.04705568052304 610.1459559697395 125.73914682558097 629.2576878580143 English 0
299.8887869630562 529.3384738403118 299.6017222930095 550.5789834663726 234.80639507077285 549.7029086038651 235.093732000023 528.4626750000145 English 0
302.28487974956806 547.363996500339 302.3132869999972 527.0761089999858 401.7732088079356 527.21457304221 401.7452054854948 547.5020568217722 English 0
442.6433609824744 548.5616185639076 409.10041800001636 550.3191560000002 407.7607831879868 524.7542289636887 441.3033837974217 522.996700521595 English 0
302.53760750252695 575.0403180477092 302.82584799999313 554.820638999984 368.28874539110984 555.7533209559404 368.00078724285413 575.9727213286054 English 0
321.64600467905984 608.3089975661776 250.20814675895963 606.7035762784996 250.68926193351217 585.3157703299021 322.12644200000796 586.921184 English 0
169.88751799995953 631.2161240000032 170.09797654645809 610.8841917370843 238.20510255536647 611.5886090044013 237.99496733561682 631.920221081025 English 0
375.5382984619064 169.68735135972364 297.27177663051407 173.78904528698405 296.49029942222114 158.87617819703758 374.75667900005647 154.7744879999983 English 0
280.461667454947 158.64804399867865 280.3824461959448 176.9334390151656 242.7348050008004 176.77026814654195 242.81406900001457 158.48491600003132 English 0
296.6305146842933 177.41025510992276 278.21614300002693 176.9240499999998 278.7628988288634 156.21778851960457 297.1772229999624 156.70399299999968 English 0
415.8853582148731 150.45518218378126 418.0334739999671 170.66466599997557 377.8745380639157 174.93309760455074 375.72647599998163 154.7236630000113 English 0
538.7746754522959 335.2370232734353 538.9158296510868 351.2916336961064 465.47139427922957 351.93688787500923 465.3303920000326 335.88242799999955 English 0
526.8896707358363 352.9503916688315 527.6714508543955 367.863562770404 480.75411042998894 370.32262713323973 479.9724289999722 355.4095500000245 English 0
241.21380259806756 632.2840455896969 243.954561999999 608.1080859999666 272.96016027037695 611.3954146182905 270.2195794483123 635.571211080253 English 0
275.0114130000293 635.3199889999912 276.1229238440865 610.6156724495728 342.7451850000216 613.6119939999979 341.6340728970681 638.31592796406 English 0
449.9197239339992 320.6681099991548 449.08236700001 304.6900360000099 477.833277446407 303.18338664982394 478.6706847314781 319.1614071983911 English 0
629.8534778015892 300.55638455620857 630.5272271844296 319.7695316346693 567.7101830000174 321.97188600002363 567.0365780431166 302.75887875179103 English 0
470.1672024038271 365.922275979996 492.7384921619523 366.65753511483433 492.29081500001485 380.3991030000011 469.71952530795534 379.66384526767 English 0
602.1518800000194 581.85884700003 602.7322510571685 572.5320608959115 640.5802735462203 574.8865004956766 639.9999828551518 584.213210559284 English 0
493.25694629442296 383.5528567353207 492.4195519999921 367.57479000000893 514.7813282778952 366.4029441882005 515.6187696765119 382.3809609874399 English 0
538.9079928935826 368.3427279942214 537.325554680574 385.9588687587498 514.7961797339667 383.93523108109406 516.3786680000339 366.3191459999934 English 0
476.84832697974343 8.338239880271528 455.29369099996984 10.628626000002946 454.2000431368069 0.3363918281740199 475.7546783667931 -1.9539942504477206 English 0
477.5438810000196 7.3262820000173035 477.6545325118059 -0.4488408201221741 509.7116701251798 0.007379223903098756 509.6010189616936 7.782501689656383 English 0
511 0 556 0 556 8 511 8 English 0
557 0 574 0 574 6 557 6 English 0
456 11 497 11 497 30 456 30 English 0
499 9 550 9 550 28 499 28 English 0
555 8 611 8 611 26 555 26 English 0
453 27 475 27 475 45 453 45 English 0
477 20 515 20 515 43 477 43 English 0
511 23 548 23 548 43 511 43 English 0
553 23 589 23 589 42 553 42 English 0
459 41 490 41 490 63 459 63 English 0
492 38 537 38 537 63 492 63 English 0
539 38 558 38 558 60 539 60 English 0
463 104 474 104 474 120 463 120 English 0
475 100 511 100 511 120 475 120 English 0
512 97 542 97 542 118 512 118 English 0
543 95 569 95 569 119 543 119 English 0
569 94 603 94 603 116 569 116 English 0
466 146 503 146 503 167 466 167 English 0
508 142 540 142 540 163 508 163 English 0
569 140 585 140 585 165 569 165 English 0
608 142 626 142 626 163 608 163 English 0
604 579 628 579 628 594 604 594 English 0
590 594 621 594 621 606 590 606 English 0
603 604 640 604 640 618 603 618 English 0
633 582 640 582 640 598 633 598 English 0