300.7211511657806 300.71586956798336 162.57036819079076 310.1672245252691 159.14866564489785 260.1444530840104 297.2980010000174 250.69314799999805 English 0
402.4726575780369 284.13220888596067 307.68484799998987 296.0784090000014 301.95040371043433 250.5771880071322 396.7373601144209 238.631042253894 English 0
288.05385364583344 303.51532297381283 288.67933670691855 331.4210780627633 211.92586400000437 333.140838999964 211.3006399639562 305.2353377741004 English 0
307.3715500000253 320.6618290000066 305.7041562806262 298.347008339553 354.8602669999673 294.67417899999833 356.5277762088226 316.988873605652 English 0
216.17195899998478 261.35356700001915 213.07224169155234 233.7953349658228 267.26308700002846 227.70021000003516 270.36292305878305 255.25830562943779 Manipuri 0
338.4479866836773 216.37898701303442 342.76449500001036 247.24221900001044 278.33582170344016 256.252502958725 274.0195086177846 225.38944584250558 Manipuri 0
176.68330699998478 424.7107860000101 173.94170237341314 398.1783406985784 237.41390499999397 391.62037500002924 240.15573613767629 418.1525628334726 English 0
240.46262999996543 419.2319909999894 237.0698078876012 393.8748886527403 343.2976999999664 379.66245799996693 346.6908613369742 405.0191564484069 English 0
404.9044148044777 378.56947426577096 404.8169060036889 406.3932982527512 346.290599999993 406.2088700000362 346.37834539105825 378.38528284831466 English 0
289.89243626339885 388.071585430273 246.0314389999985 387.96435799999995 246.14730876040994 340.69095025479186 290.007745000039 340.79817700000007 English 0
321.0044506465056 376.93267846385936 289.39823399996385 375.01029499999873 291.8329749071563 334.9874927407438 323.438857000001 336.90986600000224 English 0