144 175 300 175 300 226 144 226 Manipuri 0
309 153 492 153 492 202 309 202 Manipuri 0
0 194 314 194 314 295 0 295 English 0
326 156 626 156 626 248 326 248 English 0
223 256 279 256 279 279 223 279 English 0
290 251 319 251 319 270 290 270 English 0
242 269 328 269 328 303 242 303 English 0
330 256 427 256 427 288 330 288 English 0
430 235 548 235 548 270 430 270 English 0
399 272 463 272 463 298 399 298 English 0
342 287 393 287 393 309 342 309 English 0
237 297 341 297 341 328 237 328 English 0
156 313 234 313 234 345 156 345 English 0
195 284 238 284 238 310 195 310 English 0
146 293 179 293 179 316 146 316 English 0
0 297 144 297 144 343 0 343 English 0
369 242 384 242 384 255 369 255 English 0
389 237 411 237 411 253 389 253 English 0
548 225 612 225 612 250 548 250 English 0