350.1192256032664 170.36831001909204 328.1191818969819 251.67988614510313 70.7568532260484 182.04546843915548 92.7577790000214 100.73530200001173 English 0
567.6095211364009 226.91537979544177 548.3831692019885 298.7693319377907 318.6821623414289 237.30654738364078 337.9094410000107 165.45406799999478 English 0
272.1083501080284 380.15022593403796 278.7184210000123 332.5904660000135 356.48504749900894 343.39767489343456 349.875535261599 390.956930805459 English 0
348.1910261882149 389.76385337447573 354.6125120000215 347.68678300003444 450.2393025944184 362.2788196102556 443.8184536238259 404.3553196612507 English 0
275.05741031585785 430.22613699632916 279.23683599998185 383.42665299997134 353.02551882305124 390.01542583048666 348.84666363708675 436.81437880649065 English 0
278.82751913573884 482.7946388575747 281.89516999998887 434.15069300001244 382.6855306769721 440.5054647105932 379.6187720531452 489.14856550984564 English 0
284.25408997041814 534.7370964006606 286.9592569999804 489.83498900001246 360.34686942992266 494.2552573178697 357.6423687417264 539.156732396345 English 0
359.9677028173028 544.963959434195 360.1817619999929 494.8986480000186 453.13758569602214 495.29563809898576 452.924430842686 545.3600483813465 English 0
287.0702439999877 589.67576899998 287.581474415274 543.7764177008892 383.7374558820011 544.8466739775376 383.2271673401556 590.7450924525428 English 0
478.1571362575778 548.1445362929928 479.4373279999854 592.8263660000139 386.56418317994394 595.48527308223 385.28489800002717 550.8043249999994 English 0
364.8782757188019 332.28191704112226 371.9267679999757 295.9160250000171 433.4133214447502 307.8324837068512 426.36513795769133 344.1981045152788 English 0
474.22398453032656 317.0634474736962 467.29356999996526 350.1956930000074 424.284883938235 341.19991308846875 431.2154279999959 308.0678449999959 English 0
153.25346714322222 288.1444950055886 161.43031899999187 250.99798299998997 288.92257753861486 279.0599987351426 280.7463143278437 316.20599774640414 English 0
284.89945799999987 319.0404130000187 291.0291444829636 281.07970913435804 367.1809445053077 293.3753251699267 361.0516333598207 331.3356935485851 English 0
336.78860587548115 253.25209860401282 361.91606564752874 254.64869941194718 359.4026060000033 299.8680629999983 334.27514676317514 298.4714686886256 English 0
360.3211057500448 290.65143267315335 367.7266399999644 256.717041999981 409.1285487142886 265.75171420149366 401.72318579891 299.6859553161159 English 0
401.3193805226183 298.9426823278438 410.542781999975 268.46056700003305 458.575541780956 282.9936016986259 449.35233438220166 313.47555137256063 English 0
256.3299188538076 273.82173243065847 264.3281399999978 235.43266499996935 334.19248809455894 249.98784148515915 326.19457261003845 288.3766418610834 English 0
395.41215858756914 149.61373096794142 386.81988209580595 177.0878517993463 299.7505273734714 149.85790887499203 308.34287999998196 122.38392699997357 Manipuri 0
213.1593196367612 420.0174470874164 205.66053499998816 444.3178400000014 152.63343136270123 427.95625937071014 160.132334000009 403.6560790000328 English 0
149.7493425004359 440.2628423156491 159.44223113925545 422.02599958978004 216.73614541621646 452.4731834304805 207.04348567480338 470.70982963464013 English 0