33.71034299998428 350.541043000024 22.918816543897265 318.0525898202993 108.39941274418379 289.66083499174584 119.19111847906606 322.1489407417432 English 0
116.51915199996438 324.9000810000131 106.44676145770063 293.8436196289899 213.0287866757135 259.2781574956074 223.10137691245473 290.3342421142039 English 0
410.33457525605627 214.66746575910238 416.9757365727128 234.5700413842762 263.05562115230714 285.9271473887759 256.4148136836593 266.0248726203644 English 0
340.4937207956391 257.87605863690175 347.2030438364891 279.0602768120813 277.13659900000494 301.2496220000229 270.42746577237267 280.0655652688396 English 0
349.5016030000261 275.9992919999688 343.10656790068606 254.80590013496106 399.84108099997684 237.68720700003365 406.2361843580584 258.88047839967055 English 0
426.4214229999925 219.9486409999902 414.5936425756372 194.99425813433274 472.5985097708326 167.502057411524 484.4263168048201 192.45632541547536 English 0
477.10686800004623 195.59087600003357 467.0238808245631 170.87817859190625 518.3392330000061 149.94151599996857 528.4222524197685 174.6541255271545 English 0
519.9218739999924 184.18787199997382 508.01499717454135 156.35213525371515 562.7878339999734 132.92317800000686 574.6947429849388 160.75881787155333 English 0
611.1961389658973 115.34821342333964 625.0150262210809 151.84402193661347 573.8241839999682 171.2266490000028 560.0054217781144 134.73094619643464 English 0
337.67393200003426 220.5726439999993 333.2056320684933 208.723045313169 406.0657955543138 181.24928387834058 410.5341249070625 193.09881366999758 English 0
282.28648000003886 240.20548600000882 277.4266472017189 226.61432459483987 333.7239017732645 206.48460170488522 338.58376593867433 220.0756956633759 English 0
80.4825819999678 407.51944799998125 75.58847842046816 390.6014662180861 102.06401299998106 382.94338799997195 106.95815705221321 399.8613011510939 English 0
127.90144099541067 377.15774555113285 132.0268470038718 395.78509845466374 103.15223700003116 402.179137000023 99.02692270501575 383.5518637847181 English 0
132.65254099998856 393.72454200000305 128.26758446302847 374.0691788498537 169.77607299995725 364.8098829999659 174.1611126295902 384.4651284183482 English 0
78.70179700003064 377.6095380000058 73.72932795260567 356.0698741186958 125.67532900000515 344.0791029999947 130.6479047692119 365.61861279378934 English 0
131.218349999981 360.5344729999864 126.26158662504167 339.06270442394396 178.98383300002024 326.8927369999851 183.94069907233643 348.3643563459953 English 0
430.33022000003257 259.2538229999702 422.1105878578237 229.59698058816858 535.6117970000196 198.1400379999954 543.831611984715 227.79658267850434 English 0
536.1552800000209 224.9923919999996 528.2469604990911 199.1615046657753 599.7107030000188 177.28288100001393 607.6191037573153 203.11362442204071 English 0
59.04960300002131 433.15179400002955 54.22577603247191 412.5335385011613 103.00378599997202 401.122851000011 107.82772305843537 421.7409463238736 English 0
438.7409650000336 208.52289699999955 466.48356167876045 200.90172778537004 471.04217299034644 217.4954586970584 443.29958043366787 225.11661752912443 English 0
468.0481890000374 217.32982800003086 463.3671864662756 202.10786855119346 503.73627300003136 189.69405799999035 508.41730273699795 204.915968782184 English 0
504.2306909999752 204.7046639999893 499.04388547431154 191.46751238490629 547.3032455606881 172.55815674732108 552.4900702793093 185.7952604581326 English 0
546.7487950000213 191.18908800000793 541.2273344794085 176.44726383208456 575.7537567948748 163.51588295168003 581.2752328850183 178.257671505599 English 0
577.8329980000126 182.511889999987 572.1789254788018 163.1497768341859 616.8870289999904 150.09447000003425 622.5411343116866 169.4565274357113 English 0
158.489951205338 387.93886972135806 163.89744153246284 406.80435084241736 128.64246600001934 416.90825899999425 123.23509665257006 398.0428813400946 English 0
96.44298300001537 399.89061299999867 127.54545954594505 392.82760024153134 133.70930838311324 419.96724271517064 102.60684179949749 427.0302254956338 English 0
184.97093100406346 380.98573911713976 188.17068068718072 411.7911187898381 158.81172532608616 414.8401321151106 155.61212200002046 384.03488700001583 English 0
252.5836220000201 373.63787900000784 249.60349655084428 354.7265958735201 316.2868670000171 344.2191339999979 319.26712982989557 363.13024604405626 English 0
363.556613585024 330.0355091851301 368.3273575194471 349.3717532144473 323.41378899996926 360.4518999999909 318.64317802348523 341.11577069655607 English 0
280.14393300021766 298.67266900000294 342.6152623938833 279.5045737611634 348.31872177332116 298.09173532846006 285.84741056467465 317.2597892018502 English 0
342.47217900003307 300.68450000002764 336.02331830254116 281.12982945022355 384.806066855017 265.04283045479286 391.25498248708027 284.59739599038846 English 0
299.5087093672919 311.03115927581484 303.4826300075656 331.092197434673 284.7601412169024 334.8006272008123 280.78627299997606 314.73963499998024 English 0
327.65594060860167 326.6820499961645 308.66489699998056 330.21024000000625 304.80513191156206 309.4357400684277 323.79608315925 305.9075588557064 English 0
353.06390975936665 318.5849073762205 323.76164599998447 322.70278300000206 320.6442350263387 300.5206998199251 349.94635019065754 296.4028347747797 English 0
448.8413489999948 276.040943000034 441.8045376576629 251.94422020104292 489.5289729999786 238.0081890000076 496.56585152013577 262.10479745915 English 0
542.985833123239 221.87782927266164 551.395224857406 246.325064988701 497.34845799997856 264.91511600002855 488.9392150194908 240.46800647874073 English 0
623.2702767509909 195.51421601315792 631.6303771816456 224.46360239397575 551.4489129999856 247.61744799999363 543.089044394801 218.66825913112638 English 0
48.954913999987184 361.3243509999951 45.03350800361659 342.68425798089567 94.14640099996177 332.3529639999971 98.0678946088301 350.9929365673702 English 0
103.7976239999989 349.3081129999721 96.87426910211798 328.3849791398731 151.61280100001022 310.2736450000216 158.53623209965008 331.1966310656901 English 0
504.3318838001869 142.2154836429647 510.3869306499837 162.3767226456198 431.70223499335407 186.007476859094 425.6473063940939 165.8463386620899 Manipuri 0
510.5184890000237 157.50354699997297 504.274710610116 135.3268437180169 554.670815999998 121.13815800000081 560.9146306858747 143.31480044618664 Manipuri 0
609.9097674812219 100.44890844436809 616.3523629915289 116.26379099596119 561.9461900000169 138.4272120000298 555.5036429197935 122.61237039425426 Manipuri 0
90.68295600001875 296.21663899997003 86.73657841252862 274.24499493431733 144.28899400001683 263.90836599996936 148.23547530017095 285.8798761955347 Manipuri 0
429.2393815366813 308.9556871775502 433.29595717623306 321.73232830608333 383.30466340412386 337.6031065510384 379.2481823232083 324.82654588256344 English 0
287.5785139999789 352.5624269999986 282.12791063808254 335.3942883910379 332.9681459999847 319.25459599998015 338.41881117194134 336.42262039800767 English 0
350.2425999999832 315.7496799999687 345.5944170672592 297.2323223821938 386.5741820000403 286.9463210000196 391.2224227075785 305.4635910272813 English 0
367.51649514684686 329.4792225976847 335.400591195139 338.6888760853925 330.64957387665345 322.12220635701374 362.7653519999876 312.9125720000083 English 0
202.59126578668656 344.4432709644911 185.91261000001396 347.46194899999404 181.65867575487937 323.9600140886975 198.33723499999905 320.9413449999965 English 0
484.3783999963489 316.2865706793604 489.06139898317633 333.55469081854494 447.83025050506694 344.73523376979193 443.1473569999798 327.46720399999185 English 0
527.836925806987 303.7159577577324 532.0292412363051 328.9774742782842 489.5748879999883 336.0223320000325 485.3827178461506 310.7609442889282 English 0
558.2776457285217 296.20644393325387 562.471089504761 320.51175231099285 528.7818297104968 326.32367033943666 524.5884939999814 302.0184569999716 English 0
560.9497959999862 315.2197490000229 554.769058485108 290.28713741782434 625.0054031820764 272.8766653554119 631.1862715026655 297.80907881271605 English 0
293.36935620936856 359.2884873156421 296.33879820139555 380.4142542707959 268.74924061863567 384.29175556722555 265.77988899996853 363.1660699999913 English 0
416.6372244478407 330.07855492236297 419.8832670000411 345.81685100003097 386.5219607549807 352.6969531293172 383.2759960000112 336.9587250000195 English 0
343.9548020000075 362.9507969999947 342.5923877981404 341.7817247492246 385.0110074926488 339.05191408074165 386.37353093523416 360.2208684322948 English 0
347.51843588164775 371.06714479874137 300.47773967038665 380.7010363666382 295.3311499425763 355.57277833645696 342.37153100002615 345.93891999999835 English 0
375.3420711063518 184.0410186782193 380.57149880689394 197.9837817840999 309.95567400001164 224.4681910000242 304.7263402385579 210.5255073835864 Manipuri 0