476 311 520 311 520 340 476 340 English 0
175 316 246 316 246 358 175 358 English 0
252 358 286 358 286 382 252 382 English 0
288 355 308 355 308 382 288 382 English 0
308 354 335 354 335 379 308 379 English 0
336 354 368 354 368 380 336 380 English 0
373 349 418 349 418 380 373 380 English 0
418 311 476 311 476 347 418 347 English 0
379 222 430 222 430 255 379 255 Manipuri 0
305 221 375 221 375 257 305 257 Manipuri 0
245 219 302 219 302 254 245 254 Manipuri 0
580.5632753350073 258.9799272263905 581.4510729999893 303.5971729999712 447.6221859260113 306.25869876764074 446.73502800003916 261.6420809999822 English 0
436.8100976597634 259.66871036845293 436.3269279069209 313.8154448347428 240.45066083177517 312.0651372376373 240.93494600005215 257.9195359999692 English 0
232.28964222020295 258.16887090710304 232.45895899999596 317.19992900002916 64.93261788862583 317.67838094650256 64.76436199998716 258.6483809999782 English 0
355.8292402161169 318.51152480582005 356.73443899999256 342.37198699998515 248.9754103229643 346.45884421128983 248.07054099997913 322.5986999999677 English 0
359 310 414 310 414 346 359 346 English 0
468 145 522 145 522 177 468 177 English 0
472 192 494 192 494 225 472 225 English 0
497 186 529 186 529 222 497 222 English 0
335 184 362 184 362 214 335 214 English 0
365 199 378 199 378 214 365 214 English 0
381 191 431 191 431 221 381 221 English 0
430 194 467 194 467 221 430 221 English 0
362.92026163508126 114.50974776132358 382.1587030332739 129.27785810598374 356.577860000034 162.60156500000605 337.33944659645204 147.8334865751203 English 0
378.44103199997335 130.6690329999935 359.42804846403305 119.00628538091725 408.4566533657926 39.078886085539814 427.4695515793428 50.741599578856686 English 0
509.7185669677856 51.73796204024291 508.7068829999771 73.38303899999802 439.8946049926599 70.16671255507528 440.9063210000022 48.521669000036304 English 0
257.7834730487666 48.705297462035084 257.79959899999085 87.84603799996619 176.57843869252247 87.87937260962045 176.562391999978 48.7387080000038 English 0
178.7198764722416 44.38381693455316 171.28141699999105 70.9415279999737 120.07991462567588 56.60066442738472 127.51838999996835 30.04297999999221 English 0
335.18945849195006 67.01351686741747 331.0143490000337 90.89975100001561 251.09874539251905 76.93113414960932 255.27389499999117 53.044953000021195 English 0
255.83659520991205 118.93402949396751 257.7015609999944 92.50992700000837 342.8606519274763 98.52015939565811 340.9957832335931 124.94417007801667 English 0
214.99276802831446 120.25774637709388 216.1657259999629 89.01246999998848 256.04538081352075 90.50954883590941 254.87247345765354 121.7547760862821 English 0
215.965081456161 90.0350464659397 212.4404830000276 122.6635410000161 166.21102641736798 117.66970630502641 169.73567599998205 85.0412690000281 English 0
275.1052666099713 136.21237351380438 272.05937965933117 154.40323798335476 173.36162770952797 137.87717882863078 176.40758800000185 119.68640699996868 English 0
163 118 176 118 176 135 163 135 English 0
174 168 186 168 186 184 174 184 English 0
286.3937742921553 188.65845503404287 283.59647421537375 202.7387450704789 214.23944908659905 188.95990717491082 217.03680099999474 174.8796870000153 English 0
222.75480685784714 179.95503071460573 215.7660954111634 195.35999472095116 179.64283359702677 178.97242547386804 186.631555999993 163.5675020000212 English 0
248 154 280 154 280 177 248 177 English 0
385 0 406 0 406 19 385 19 English 0
439 5 472 5 472 24 439 24 English 0
403.9098328039836 17.95640065201676 406.0678899999766 1.5260830000224133 437.8183159286709 5.696374796172444 435.66026134045387 22.126690021482517 English 0
385.7127712500369 -5.06985237747397e-7 385.71277199996985 17.380424999983866 356.7130632382032 17.380424214747872 356.71306399999594 -1.1672635680971106e-11 English 0
335.48039200002677 6.625217999990807 336.1609160416265 -1.6033770424725358 356.74991571846476 0.09938123111052348 356.0693919136975 8.327976043854433 English 0
203.21530432564032 203.8753048196108 207.3775697392557 190.24601897276693 234.91577812172181 198.65568869702855 230.7535471401934 212.28494518792357 English 0
221.42361378340865 150.6989487780174 219.3316909999703 163.52286899997299 194.13873117264302 159.41327338756943 196.23066899999685 146.58937199997806 English 0
193.50093609493342 141.4684547685202 194.4423149999784 156.3042410000137 161.21307279936445 158.41266467960887 160.27172299996892 143.57690599998818 English 0
258.01225856121164 214.08195475241374 258.0172364812461 201.58794969810612 289.856041131643 201.60061397082004 289.85109397814085 214.09458814910187 English 0