160 454 233 454 233 516 160 516 English 0
239 457 284 457 284 511 239 511 English 0
295 459 357 459 357 520 295 520 English 0
414 432 635 432 635 536 414 536 English 0
324 375 410 375 410 426 324 426 Manipuri 0
422 376 490 376 490 436 422 436 Manipuri 0
491 389 564 389 564 438 491 438 Manipuri 0
95 316 142 316 142 348 95 348 English 0
143 319 208 319 208 344 143 344 English 0
483 533 553 533 553 586 483 586 English 0
561 543 632 543 632 580 561 580 English 0
577 584 631 584 631 617 577 617 English 0
199.04121452142135 213.31335437722373 197.27576585930365 231.57321204911315 145.43635916350468 226.56116898831198 147.2018769999704 208.30138900002868 English 0
179.89880675741006 165.68274271140984 177.08029861518298 185.80953496954177 95.85486402495007 174.43490151787114 98.67345899998327 154.30821299999096 Manipuri 0
108.72480557954987 247.2844107232672 119.33994599996367 204.12647799998223 202.5122502334125 224.58266112370353 191.897486853195 267.7402671577 English 0
189.28638341851183 258.5956204496789 202.96296699998493 215.58519299996982 268.02949879682274 236.27432174087284 254.35323316894937 279.2844781000583 English 0
638.216534860403 323.06963678081866 577.6849522034172 325.98974927172577 575.9222099999897 289.4462769999998 636.4532908736874 286.52617660224035 English 0
623.6991853441577 266.56617315814407 622.6914894188667 283.5452460027855 579.0059213827044 280.95254739288464 580.0136879999627 263.97355000002705 English 0
288.3486509999784 291.1444730000347 286.68426979558717 271.472938668134 358.5568003950175 265.3920498482175 360.2213145750284 285.0634375314226 English 0
328.4795824901812 264.7955517938819 328.8310263302992 273.3274145488974 300.78294194536284 274.4826508726408 300.43152300000656 265.9508120000033 English 0
203.8451349841489 419.4734388109591 217.79685796864214 430.71361890340745 196.04862675048935 457.704408588761 182.09696100006113 446.4642920000176 English 0
305.94498083570215 405.96023875038696 307.13340325513855 422.3744222872785 207.6544827059115 429.575079273201 206.46633099997416 413.16115000000923 English 0
340.96118191999267 457.3482965378003 321.48537586406746 468.48823747745195 292.8263257734943 418.3909913886696 312.3018400000001 407.25115600000885 English 0
240.91200044720608 570.4871153369882 223.06455053090758 583.5228438339084 181.23557679908117 526.2666309734786 199.0826730000117 513.2310900000168 English 0
232.5544439999794 582.7082289999705 232.91329492574732 559.2801600472867 287.2989662400505 560.1128234379938 286.9403901887563 583.5406213535099 English 0
290.8249490000162 586.8777129999976 273.2020420553454 566.3278022413028 322.6306199999817 523.9493810000032 340.253347794569 544.499017315564 English 0
283.60020244974294 341.06221228413335 276.2445996658789 368.0509401504761 204.70975547999842 348.5558995401721 212.06551700001 321.5674289999715 English 0