191.92095809346938 351.846285980115 64.9164208950242 367.4392646063558 58.677475450822385 316.6209047506967 185.68040800004383 301.02802599999643 English 0
200.65161200000148 350.774296999974 190.5062739339337 292.94130367264296 354.3914979999681 264.1927519999756 364.53769401312456 322.02464435834514 English 0
359.6593808702164 261.922972209989 480.8743444168067 239.89420899586432 491.60360499998205 298.9297270000004 370.38867881317856 320.95835236482395 English 0
80.91629900001863 307.4433779999975 72.91479454703222 258.11420834081906 187.00224499996693 239.6091279999679 195.0042131041846 288.9377173241085 Manipuri 0
195.1171030000114 279.45048000001566 186.58484628627775 239.17486367828354 325.939978000024 209.65359299999443 334.47261264511326 249.9286881657902 Manipuri 0
448.33836509169487 182.8026237003986 455.4837248864351 232.36251860180136 351.5178229999583 247.35076000001058 344.3729261666158 197.79128054992964 Manipuri 0
118.28217100002803 460.8329670000038 112.70532726470265 420.6385858606114 180.04566446099489 411.29649037597153 185.62287736269354 451.4904277070639 English 0
188.6817069999961 443.59157400003323 184.89085305758636 398.8910980051006 298.83888999997 389.22824000002214 302.63046090243733 433.9279259386493 English 0
307.8692520779441 381.6197512484552 446.88429100002395 367.82651900000087 451.75574482855154 416.917979605264 312.7407217579457 430.7111106716387 English 0
97.01365400003851 510.73020699997835 93.0958696090238 469.2174510409722 171.5810870000132 461.81142300001164 175.4994000087754 503.3235850167467 English 0
184.60238100000424 495.676954999975 181.98964991803223 459.3876948151161 268.01749199999904 453.1945529999665 270.6307316875609 489.4832611363503 English 0
350.7583010851522 437.56153194968454 356.9809189999796 475.5862089999649 275.5670596195705 488.9063319043641 269.3450489999668 450.8821950000234 English 0
360.1560079999763 475.1963569999646 354.637901150345 441.749016082763 456.5143128676573 424.9435031680051 462.03287931384693 458.39026484129124 English 0
194.52000580982713 373.02015953729807 194.04917337407824 406.02529593656806 139.16244630032452 405.2420514926229 139.63353699997242 372.23717699997366 English 0
229.56790598866064 366.8128271962597 229.52073000000382 395.59008599996906 193.0041723166505 395.53006274145446 193.05149699997855 366.75295300001096 English 0
232.57963299998664 387.6917600000071 228.5496697515191 354.8712142144885 273.79482900003495 349.31617899999355 277.82496765437827 382.13651937901636 English 0
496.2746685676393 437.77887063161415 513.0054650000238 433.8605829999978 518.6981930647744 458.16454613205957 501.96740221734217 462.0828174620197 English 0
506.6591158650408 448.34257986302106 535.2034669999557 444.0311370000049 539.8655874730321 474.89240033821085 511.32124156923965 479.20382008592014 English 0