411.6715159416344 238.09157530656893 399.1946993799502 281.6799794097301 170.62076594025712 216.25192648602695 183.09813693049364 172.66427814706162 English 0
400.3335832364246 210.9136955393306 395.4197958115401 229.52919875846516 311.61826494542765 207.40917285997477 316.532131999993 188.79379500001653 Manipuri 0
468.25020830838184 235.22944277589335 462.9470168083935 253.0976792358106 388.80593970818154 231.09364533297085 394.1092000000208 213.22552900000443 Manipuri 0
228.50819572842738 284.35605023025045 231.01450100002694 257.4165599999745 327.3380776936392 266.37718184744756 324.83206124707067 293.3164035784089 English 0
323.4192299999995 294.6193030000252 322.6528955919639 269.6886419547656 339.5742100436473 269.16854343954526 340.34058733952406 294.0991600438989 English 0
359.5707709400449 275.80584198993404 360.77793600001314 259.5432700000168 389.1857931375853 261.65184930297005 387.97867748260614 277.91437485916845 English 0
389.710913606541 261.37155376370083 404.1869314313226 261.0588903532836 404.6107420000044 280.67986799999966 390.13472419981554 280.9925307935453 English 0
411.263564999972 281.7860890000213 412.0229618797748 269.4880489526663 461.0847451062 272.5173301352427 460.32541406741075 284.8153076491477 English 0
348.8960550000047 276.5446539999977 370.7087268362375 274.9284094772325 372.13249060470844 294.1422399952968 350.3198191415868 295.7584812117973 English 0
448.1435092103493 284.583948819789 444.7137401281361 303.99909293427436 370.5756893999205 290.90272158178834 374.00558000001183 271.4877329999761 English 0
509.04620035325934 295.9835806018451 504.9345279435511 314.2374313853345 438.81495395435195 299.3447043283519 442.92672200004745 281.09098999996615 English 0
372.99468064360553 298.93383710285923 371.2452547763678 317.4893730060593 327.3657941289275 313.352538455525 329.1153029999987 294.7970959999739 English 0
544.4282963679871 247.11574517709442 539.7703030000412 270.07232499998804 499.6354161265481 261.9290577568354 504.29347500001313 238.9725669999686 English 0
564.7106290852389 247.26338013516536 564.4680979999976 272.64035499999073 535.2888091719797 272.36142054397124 535.5314109999745 246.98451700002522 English 0
415.14458593868767 298.66415571122144 414.85655799995584 314.6958620000289 370.77907007311296 313.9038628802853 371.06717700000445 297.8722369999886 English 0
411.24084900002345 317.4284600000319 412.5655825629656 297.89466883048914 441.21273959521204 299.83730266401597 439.88807437017385 319.37102927189767 English 0
433.66210042840976 318.9865778110951 434.9908510000387 297.467387000003 462.05117033787246 299.1381656721749 460.7224906793999 320.6572891728774 English 0
38.01424700002826 327.9434200000349 38.658736774305 302.51960880209384 115.07710402125667 304.4564443874042 114.43284855988168 329.8800262984073 English 0
23.62949290276447 273.63089906119274 25.621922999998787 244.5891110000089 108.41556552499242 250.26871886762297 106.4233848121512 279.3102723820279 Manipuri 0
506.10589449250256 258.8880593229375 499.92417913643294 285.4657060225613 398.5295614849747 261.88285589748085 404.7114610000426 235.3054779999825 English 0
40.88464792766899 344.9191810613167 40.984215999997105 362.03183399996794 11.68017281248467 362.2022281537378 11.580670999974245 345.08964099996956 English 0
116.2684204344987 341.4674574653415 114.64555315666075 364.2818147343818 39.36234916414833 358.92666788928324 40.98542300002009 336.1125349999964 English 0
92.37243736541132 415.68539545698377 55.9753581154655 417.6961333878216 54.51201399999263 391.2081619999987 90.90880376046698 389.1974320914869 English 0