225.16743310501624 416.227293979975 242.29043200000888 335.1601059999957 408.08875228016404 370.1754024469942 390.96806590758206 451.2405636233001 English 0
354.838685872528 468.14363763028945 359.37020398392633 449.12107566740303 411.70696905770455 461.5865307328097 407.1756554613967 480.6089157129156 English 0
226.10025658730592 466.7737094989468 230.05905500001973 445.1569139999902 300.2220079943072 458.0039532803198 296.2635104414949 479.6204831072865 English 0
299.00282890186645 480.94550361909455 302.49048700003186 460.4980659999935 354.86613644767203 469.43000509276715 351.37869493453763 489.8772505797195 English 0
354.8084828618448 490.1831885024958 358.1967430000077 473.25332100001094 405.57575980164984 482.73375337180073 402.18766859165044 499.663472862062 English 0
375 364 384 364 384 382 375 382 Manipuri 0
385 371 400 371 400 389 385 389 Manipuri 0
401 374 410 374 410 392 401 392 Manipuri 0
410 378 419 378 419 395 410 395 Manipuri 0
294.6738009566616 210.96467503363837 283.5254582046764 232.756651399104 215.95616908838565 198.19042830975835 227.10452999999688 176.39857799999936 Manipuri 0
233.518964642426 178.86955928501516 221.15561484068166 204.31699740336572 146.95626158623782 168.2686868350638 159.3196380000154 142.82138500002662 Manipuri 0
374.0595623454283 245.1505933373093 361.1682931562973 272.3543949234767 277.7221388799808 232.8124517079238 290.6134590000147 205.60887199997256 Manipuri 0
422.2046503326419 274.3886916794209 411.0595645110152 294.53953171967265 357.1865995594271 264.74475474129406 368.3316919999925 244.59403900002093 Manipuri 0
466.57779383007437 300.23997549846354 456.1557591561723 318.05183397330194 405.710188565281 288.53697945416604 416.1322210000071 270.7252350000147 Manipuri 0
8 561 69 561 69 605 8 605 English 0
-4.965793174051214 88.2685968780082 10.062662868076586 59.49197268156369 131.39200688558049 122.8550746292258 116.36373100220226 151.6315443821939 Manipuri 0
416 585 463 585 463 616 416 616 English 0
435 614 453 614 453 625 435 625 English 0
394 628 419 628 419 637 394 637 English 0
425 629 443 629 443 638 425 638 English 0
449 630 466 630 466 638 449 638 English 0