119.1352840000036 118.34924999997835 128.94212068014895 73.36274859853711 240.21109601635544 97.61854145825114 230.40449666048517 142.604835165621 English 0
236.03013365871448 146.51341345186407 246.30716400002711 104.98475900001152 358.187362882818 132.67105231111802 347.9106210512691 174.19945710759225 English 0
212.4879529622558 172.4007916195742 182.42578652010707 166.5217452806305 188.16638464260905 137.1683437019018 218.22845099995902 143.04737999999594 English 0
218.82351599997492 173.2911950000352 224.28719708324934 148.10235049069726 280.71366652126017 160.34145676464962 275.2500890297233 185.53021105448525 English 0
137.01446460610896 203.57726569132313 146.9391870000254 156.72561500000313 316.3585920751211 192.6125993926233 306.43455590106896 239.46365043330655 English 0
202.320995712289 237.72879027081763 207.49861299998884 220.17130699997708 228.60685515326622 226.39578251623902 223.42927691592195 243.95323241351127 English 0
284.8522351838619 258.1308578797832 277.77808393977466 289.94454228602183 131.00759234002908 257.30876600117125 138.08206599998812 225.4955389999987 English 0
230.0634775497747 277.19770329158536 223.04523625869479 314.842923073637 82.2458438371541 288.59381474495535 89.26451700004691 250.94916199997266 English 0
229.8661639999773 307.33251500003286 234.70460582189844 275.653039854558 323.2541094487533 289.176173657693 318.41601974418154 320.8553338692619 English 0
67.96549799997592 384.7537559999643 72.23717973167368 346.6298743017136 147.76884624421655 355.091977016946 143.49760039083776 393.2154600783797 English 0
104.59152219285897 342.5066395848046 78.10218221347895 336.32284587040306 84.18942342228547 310.2496074009432 110.6785979999404 316.433380999993 English 0
115.66707851947285 316.02639409554956 156.40719028611784 325.3747369397739 149.78232199995546 354.2435339999918 109.04222162273072 344.8952256333351 English 0
159.13542379545106 304.93176048699746 155.98643665434793 323.8050861272427 115.03484214284981 316.97272808530755 118.18390100001125 298.0994930000282 English 0
154.61370507306128 321.55110097553285 156.74387128332455 304.5975342176937 230.31406785317813 313.8405460390399 228.18406537662668 330.79396315563326 English 0
240.55846283168648 334.6868077440595 225.14879520866089 331.3879394226833 229.8502276308136 309.42854057703437 245.25981500002672 312.7274000000005 English 0
244.22958256116544 331.91333690095894 247.78411599996616 312.0050179999925 306.03331619997334 322.40419263853306 302.4789450450771 342.3123680112399 English 0
212.24898516840767 403.9533484946457 209.51524193864316 432.31241073971603 128.6003289999644 424.51275799996915 131.33438786360784 396.15405143397396 English 0
257.53854038855934 409.24182983063656 255.42230821985868 432.39082114449513 206.45866099999694 427.9149880000097 208.5750518678833 404.7661740012694 English 0
250.01592500004335 434.0365620000363 251.17050024782657 414.0668526848739 307.28291999999783 417.31047600003336 306.1285318044247 437.2800076568038 English 0
90.42722567493911 398.67575542936765 88.35931800000253 417.7801039999793 54.8270272200898 414.15079610651253 56.895020000010845 395.0465449999857 English 0
84.69646999998076 415.1110250000203 87.73587567033246 397.1283359555866 129.04505300000892 404.1094219999841 126.00577668745245 422.0919961950045 English 0
404.5452431373269 449.291345257285 305.6998127269617 435.40148322128175 308.07530567595677 418.5009082924619 406.92019900008745 432.3907320000018 English 0
406.96839113283204 426.88168694190665 444.06874273707217 433.45238217805127 439.4404819999909 459.58129799999756 402.34013780580426 453.0106314921786 English 0
437.16338899997936 452.79837700000974 443.5080193855538 427.30326496498714 483.3034222022252 437.20516165513095 476.9589927274501 462.7001000551737 English 0
552.9193910127651 458.29535845632574 575.361787553702 459.59861516402793 564.8077834057767 641.3032082113184 542.3653909999848 639.9999999999993 English 0
160.16635499996482 73.48976800001542 167.0634256141784 46.96477188317932 230.1721577961871 63.37432902636347 223.27513849559182 89.8992809319901 Manipuri 0
228.96804467432958 94.6773641229462 235.7111530000111 70.32028700000117 332.9722438974568 97.24616240333178 326.2292381356383 121.60315138209975 Manipuri 0