191 470 270 470 270 540 191 540 English 0
269 463 320 463 320 522 269 522 English 0
325 452 393 452 393 519 325 519 English 0
436 378 640 378 640 507 436 507 English 0
336 359 427 359 427 420 336 420 Manipuri 0
433 345 507 345 507 412 433 412 Manipuri 0
503 343 580 343 580 401 503 401 Manipuri 0
99 352 149 352 149 389 99 389 English 0
147 343 214 343 214 375 147 375 English 0
523 487 598 487 598 548 523 548 English 0
600 481 640 481 640 526 600 526 English 0
623 522 640 522 640 561 623 561 English 0
180.90679318680486 238.3534874092747 182.6580809061852 256.6147343790425 130.81475806990056 261.58620164312345 129.06356599996798 243.32504300000767 English 0
153.02773486786464 195.25046138721433 154.10151013100403 215.54530169424044 72.19800759521604 219.87824534980305 71.12436700001126 199.58353300001053 Manipuri 0
98.73196982909576 288.93361970748936 100.91692599999078 244.54314399998265 186.4642934872245 248.75352042241104 184.27973570636823 293.1436135107292 English 0
179.9717271906411 284.66515734434535 185.1899830000184 239.83530500002487 253.00838275332353 247.72900014315957 247.79045945222606 292.55854836337807 English 0
632.9557675974502 262.2949711337302 574.0935161312518 276.7109648525094 565.3902730000118 241.17537499999776 624.2521408810717 226.75943015301115 English 0
607.9237280494999 209.59941808260373 610.1744128390419 226.45879604742157 566.7967717847205 232.24928054524312 564.5461539999815 215.38996299998985 English 0
283.4242819999781 297.71399200001406 278.0367578447476 278.7215209706826 347.4286765540455 259.0383268946693 352.816286188463 278.03065641699754 English 0
317.79028402568656 264.1918361028111 319.7633074593614 272.4998665176419 292.45097628765507 278.9856959853255 290.47798000014154 270.67768900002807 English 0
224.9596815626137 439.80923925984337 240.7997226135194 448.18087074787104 224.60116008987825 478.82550894149483 208.76115300001402 470.45392699999076 English 0
322.6052084477851 407.06277250031854 326.9041279383964 422.9484786959089 230.6268756800273 448.99821708349265 226.32824999993318 433.11276299997934 English 0
366.78340948310506 450.82519341722957 349.79096689930884 465.4764964005406 312.0993309892219 421.7681497819109 329.0915820000373 407.1169849999951 English 0
290.16045147305704 580.9756984782193 275.1281499022298 597.1772195589907 223.14239148989145 548.9542858688309 238.17449499998474 532.7530050000111 English 0
284.2881579999812 594.5669379999769 280.16902116352867 571.5010364742453 333.7143589990592 561.9410490618723 337.8337047421519 585.006680497679 English 0
342.2836459999962 587.5412800000028 321.06343285675393 570.7315864707829 361.49766399998043 519.7003099999826 382.7175126909424 536.5097800056197 English 0
288.28742414894805 347.6205964452329 286.2171040177782 375.51706654867746 212.27708388658357 370.0296946237655 214.34765700003481 342.1335010000078 English 0