331 189 466 189 466 253 331 253 English 0
365 247 408 247 408 269 365 269 English 0
409 247 437 247 437 267 409 267 English 0
437 248 468 248 468 267 437 267 English 0
273 243 298 243 298 265 273 265 English 0
157 230 268 230 268 272 157 272 English 0
301 243 349 243 349 270 301 270 English 0
243 268 277 268 277 288 243 288 English 0
278 272 314 272 314 291 278 291 English 0
315 271 340 271 340 289 315 289 English 0
342 270 373 270 373 289 342 289 English 0
375 270 404 270 404 290 375 290 English 0
248 155 309 155 309 193 248 193 Manipuri 0
312 160 393 160 393 200 312 200 Manipuri 0
145.08052923731157 233.61047383979206 147.79266600002302 176.9975630000147 326.88470838184 185.5762009424346 324.1734016144619 242.18831175034867 English 0
25.75967974262312 243.4620411633999 37.858187000019825 224.7826060000055 91.23648344822868 259.3536696195399 79.1381026453746 278.03299342026975 English 0
122.91180029373209 230.41867619755203 133.24842630718194 253.60275777850046 85.43479300002218 274.9192939999923 75.09830120121478 251.7353263173818 English 0