296.26846077735536 242.5545105248207 297.3037570109591 273.3883546581686 157.78441643436963 278.0715654250562 156.74955004687945 247.23813856347215 English 0
351.49829133370076 280.07883460811746 352.1870584746648 320.86708071667147 145.86964628993883 324.34792965739064 145.1818385457591 283.56062557288885 English 0
15 302 38 302 38 316 15 316 English 0
9 318 21 318 21 327 9 327 English 0
0 302 10 302 10 315 0 315 English 0
27.36277700001665 324.8023259999666 27.481806903815595 317.3842466363866 34.43922959500924 317.49587673635324 34.320205952972174 324.91394993230864 English 0
52.96631888471893 316.9595444246624 53.15901486952498 324.1426758676646 35.43539599995711 324.6180689999935 35.24271559326735 317.4349527292362 English 0
59.25933513426571 324.3981483023908 53.37294999997539 323.40521099999415 54.73597310759942 315.32551766663164 60.62234699995315 316.3184539999951 English 0
62.168516000019736 323.7100280000292 62.029776907293126 315.719589048847 100.81811257899972 315.04608244587183 100.95688784065715 323.03648456016816 English 0
127.73846805954236 302.51080245659 127.97643476216763 313.4344991044988 40.65830876730615 315.3360420654795 40.420453914484824 304.4124548010171 English 0
122.53485495937639 315.1835217544077 122.71859525280888 322.99563510197095 104.55918704625219 323.42268038199904 104.37546397995902 315.6105838475462 English 0
15.462670999986585 330.56078399997625 15.302600597133278 326.1180637267487 35.37214399999357 325.39500100000157 35.532224872586085 329.83771038379126 English 0
37.06894000002649 330.098028000026 36.841455265530385 325.3958596536945 56.10879899999418 324.46378800002105 56.336294201391865 329.16594530536196 English 0
51.77588600003219 334.75451299998304 51.697865978349 330.2973703567844 73.84272299997974 329.90974300002256 73.92075500276405 334.36687344724277 English 0
57.81539399999019 329.0735819999771 57.699272552345064 325.29117748594183 93.79224412441545 324.18312482322386 93.90838162864384 327.9655127463402 English 0
108.21916223838343 323.7193398424566 108.37045281426981 328.51806312936645 95.26157071071793 328.9313026558243 95.11028799999622 324.1325870000336 English 0
108.52890100002696 328.84219100002184 108.27917404429172 324.1113335353083 118.48328400003084 323.57273000001476 118.73301648571214 328.3035816015904 English 0
44.872586999990745 302.92172199998555 44.89232179876126 298.4427088326002 57.49460500002897 298.49822599998157 57.47487654160068 302.9772328529184 Manipuri 0
98.5915985788597 298.1985714559723 98.66677655685635 301.9681331025155 58.43893048782775 302.7702620506336 58.363769783172756 299.00071735379765 Manipuri 0
304.4727789999888 241.19541099996522 304.21047469892073 229.46892898073395 334.4269229999918 228.79303499999133 334.68925756918907 240.51948600563537 Manipuri 0
334.6657170000253 242.369444000024 334.2425818970514 225.30207850162952 381.05661699999473 224.14144999996583 381.4798196830816 241.20874603474937 Manipuri 0