60.70136599999387 242.55283999998443 46.91629173124966 156.78433536713453 292.37166400002025 117.33327400001095 306.15787996692234 203.10032594325364 English 0
515.7588520708669 77.25341511171939 531.1658993636956 171.15244235457794 310.45018299999356 207.36532999996425 295.0443831073062 113.46741031819965 English 0
157.3617878020741 370.3066338114904 66.38233300000138 378.57718899999975 56.83858827360382 273.5880968332065 147.81576100001985 265.3176459999985 English 0
348.1200167357747 237.87619942359456 360.3590651401464 341.2655438291789 165.40314999998373 364.3391740000345 153.16659366872045 260.9520974062348 English 0
377.78023500002746 335.6332619999889 363.28656612095074 231.22127095091537 516.0709949999728 210.01359400001323 530.5660263744358 314.4239610740577 English 0
160.45011381727818 397.96853252003524 166.39859900002193 442.121538999996 77.11670320597477 454.1473729271459 71.16891600002418 409.9949959999697 English 0
173.9016527018248 449.0020302043871 168.04508300003363 402.3665730000009 230.79867179621942 394.4868094685429 236.65563528345956 441.12180340705066 English 0
421.8686510457337 420.37790188041606 380.6458459345595 424.13937912267386 375.91415302144014 372.28646142551037 417.1363299999939 368.52501299999767 English 0
274.1874115857354 490.8037656684234 157.01385343076254 503.11719478146864 152.76715878404502 462.7048777097855 269.9390459999995 450.39153699999724 English 0
275.0238089999766 449.85710700000425 312.77044727583416 443.4510343227289 320.0100891715556 486.1025894069162 282.26346305091283 492.5086138163277 English 0
320.80309912176745 442.48933529931037 468.5116169999674 426.9670480000017 473.1572694212082 471.1681127070361 325.44877032712975 486.6902827769063 English 0
218.30689174261352 511.99522746671937 222.9969970000093 543.4270230000066 135.99934665973706 556.4045873105899 131.3098539999919 524.9733399999742 English 0
213.93735489065875 559.6972329401615 218.32050531724235 601.3734821591813 89.78505312137713 614.8858222252309 85.40318300001672 573.2107480000012 English 0
300.1295655753347 553.1944362842767 304.012059624074 597.5510516614105 233.7027847601712 603.7027180695557 229.82101499997952 559.3467750000326 English 0
570.9992774209968 524.7180012791221 575.4234260000521 576.61148799997 319.05627552194346 598.4545283546869 314.6351219999633 546.5638280000295 English 0
547.050408592404 409.21157587670615 493.0146319999767 414.1769900000017 487.9525790185289 359.0911638862175 541.9875070000126 354.12578900000096 English 0
366.2719382547948 376.42398997255043 371.71548399026506 428.2026779406041 307.0925898144196 434.99502986422243 301.6495931594545 383.2168390330898 English 0
291.5087884730019 40.81296401479598 304.4255626935774 107.10376018101232 119.1847869999765 143.19696399998054 106.26849132626376 76.90657788615516 Manipuri 0
439.3963633675594 20.162586473642197 448.01327278888493 74.03295800896544 306.0036350000155 96.74795800001357 297.38691218699387 42.87774995936069 Manipuri 0