96 227 130 227 130 290 96 290 English 0
134 223 204 223 204 287 134 287 English 0
208 221 271 221 271 287 208 287 English 0
275 226 328 226 328 290 275 290 English 0
131 305 159 305 159 332 131 332 English 0
159 304 188 304 188 326 159 326 English 0
191 303 207 303 207 331 191 331 English 0
209 302 237 302 237 328 209 328 English 0
237 298 258 298 258 326 237 326 English 0
260 297 287 297 287 325 260 325 English 0
182 336 216 336 216 361 182 361 English 0
37 427 142 427 142 503 37 503 English 0
149 422 349 422 349 497 149 497 English 0
57 511 102 511 102 554 57 554 English 0
106 508 172 508 172 545 106 545 English 0
258 501 273 501 273 531 258 531 English 0
276 496 333 496 333 530 276 530 English 0
337 199 404 199 404 277 337 277 English 0
411 198 590 198 590 282 411 282 English 0
424 284 462 284 462 311 424 311 English 0
463 282 512 282 512 308 463 308 English 0
514 281 555 281 555 307 514 307 English 0
557 279 589 279 589 301 557 301 English 0
115 198 158 198 158 217 115 217 Manipuri 0
159 198 196 198 196 221 159 221 Manipuri 0
198 196 242 196 242 219 198 219 Manipuri 0
244 199 261 199 261 219 244 219 Manipuri 0
381 330 439 330 439 353 381 353 English 0
439 327 503 327 503 350 439 350 English 0
506 327 524 327 524 344 506 344 English 0
526 329 559 329 559 344 526 344 English 0
346 359 382 359 382 378 346 378 English 0
384 359 431 359 431 376 384 376 English 0
436 356 469 356 469 375 436 375 English 0
471 354 510 354 510 373 471 373 English 0
514 352 557 352 557 369 514 369 English 0
560 350 594 350 594 367 560 367 English 0
506 173 526 173 526 197 506 197 Manipuri 0
527 178 580 178 580 205 527 205 Manipuri 0
181 503 255 503 255 536 181 536 English 0
129 402 194 402 194 426 129 426 Manipuri 0
196 397 273 397 273 434 196 434 Manipuri 0
60 557 80 557 80 571 60 571 English 0
81 552 110 552 110 570 81 570 English 0
113 551 138 551 138 567 113 567 English 0
139 549 173 549 173 567 139 567 English 0
177 545 200 545 200 559 177 559 English 0
202 543 211 543 211 559 202 559 English 0
213 541 232 541 232 558 213 558 English 0
233 539 263 539 263 555 233 555 English 0
265 535 306 535 306 550 265 550 English 0
311 534 333 534 333 551 311 551 English 0
79 572 113 572 113 587 79 587 English 0
116 567 152 567 152 582 116 582 English 0
156 566 172 566 172 579 156 579 English 0
174 563 192 563 192 577 174 577 English 0
195 561 229 561 229 578 195 578 English 0
232 557 264 557 264 572 232 572 English 0
266 551 315 551 315 569 266 569 English 0
146 582 176 582 176 598 146 598 English 0
177 579 215 579 215 596 177 596 English 0
217 578 233 578 233 590 217 590 English 0
235 574 260 574 260 589 235 589 English 0
42 303 92 303 92 330 42 330 English 0