293.5801088435983 243.42989982411825 295.6909158865892 274.2088326824031 156.41995344391034 283.75833608211275 154.30959341814741 252.97982493988292 English 0
350.08587411059125 279.00387737616 352.19780319683196 319.7432364878338 146.12747731996933 330.4223029175806 144.0165441910358 289.6838924109318 English 0
15 312 38 312 38 326 15 326 English 0
10 329 22 329 22 338 10 338 English 0
0 313 10 313 10 326 0 326 English 0
27.70864199999778 335.0122929999885 27.568691434062202 327.5945787036292 34.52577225398272 327.46332997988634 34.66572905497742 334.8810379152562 English 0
53.02287837563199 326.2807365397429 53.46616614682716 333.45276808580644 35.769912999967346 334.5464179999957 35.326641723077046 327.3744020581669 English 0
59.571662361049675 333.4951997881097 53.65421200003766 332.7082870000009 54.73443035756645 324.58593400185885 60.651868999993894 325.37284599999913 English 0
62.455057999977726 332.7059569999973 62.037519292207435 324.7252253971128 100.77872041227238 322.69843898800815 101.19629472959787 330.6791328409523 English 0
127.24522329750471 309.2312694451759 127.86430962165468 320.1400217243856 40.665712153640925 325.08777833349933 40.046743964921916 314.1791382091228 English 0
122.48705237681861 322.0778891526894 122.94334208134387 329.8788305157352 104.8098791432858 330.93937101447636 104.353607555895 323.1384468216328 English 0
16.01675300000352 341.1825499999642 15.70171776227653 336.7481220554498 35.73381399997743 335.3250829999895 36.048859560178244 339.75949973498615 English 0
37.59371000000101 339.9660279999844 37.20224606397096 335.2746637303722 56.42533900005219 333.6707389999976 56.816813207333325 338.3620919330494 English 0
52.45420599996578 344.10641200001555 52.22066787726362 339.65470671880786 74.33852000001934 338.4944710000105 74.5720699292724 342.9461637715577 English 0
58.29177299994626 338.21816499997215 58.043707183533115 334.4421142156409 94.07602152889012 332.07511413293395 94.32410311244894 335.851147922259 English 0
108.47797636917676 331.10811848495615 108.79666218061175 335.8986381445304 95.71018754373654 336.769118863528 95.39150999997219 331.97860700001854 English 0
108.96631099996739 336.2170399999889 108.55161734456487 331.4977809447157 118.73072900001716 330.6033859999849 119.14542803999211 335.32263907736615 English 0
44.44416400001501 312.5339340000226 44.30756077286787 308.05695938150114 56.90411600000516 307.6726299999669 57.04072552623984 312.14959810983873 Manipuri 0
97.96561536240915 305.9388894683851 98.17231379420264 309.7035354183971 57.9969582776539 311.9091118495905 57.79027812182903 308.144483302065 Manipuri 0
301.7319970000244 241.78530800001397 301.06058741039305 230.07512546250496 331.2350570000126 228.34510299997984 331.9064956125658 240.05525455772704 Manipuri 0
331.9475160000002 241.9049079999948 330.92897154885577 224.8627122321182 377.6740079999581 222.06899899999655 378.69261684725643 239.11112578269854 Manipuri 0