88 248 128 248 128 313 88 313 English 0
125 236 201 236 201 307 125 307 English 0
199 226 268 226 268 298 199 298 English 0
265 226 324 226 324 295 265 295 English 0
131 322 161 322 161 352 131 352 English 0
158 318 189 318 189 343 158 343 English 0
189 315 208 315 208 344 189 344 English 0
207 311 238 311 238 340 207 340 English 0
235 305 259 305 259 335 235 335 English 0
258 301 288 301 288 331 258 331 English 0
184 347 220 347 220 375 184 375 English 0
50 446 162 446 162 532 50 532 English 0
161 419 367 419 367 514 161 514 English 0
78 533 127 533 127 580 78 580 English 0
127 522 196 522 196 566 127 566 English 0
278 505 295 505 295 536 278 536 English 0
295 494 355 494 355 533 295 533 English 0
325 192 399 192 399 276 325 276 English 0
398 171 583 171 583 272 398 272 English 0
419 270 459 270 459 300 419 300 English 0
459 262 510 262 510 293 459 293 English 0
509 256 553 256 553 286 509 286 English 0
551 252 585 252 585 277 551 277 English 0
103 215 147 215 147 238 103 238 Manipuri 0
147 212 186 212 186 238 147 238 Manipuri 0
186 205 232 205 232 232 186 232 Manipuri 0
232 206 251 206 251 228 232 228 Manipuri 0
382 317 441 317 441 346 382 346 English 0
440 308 505 308 505 338 440 338 English 0
505 306 525 306 525 325 505 325 English 0
526 304 560 304 560 322 526 322 English 0
350 352 387 352 387 375 350 375 English 0
388 347 436 347 436 369 388 369 English 0
439 341 473 341 473 363 439 363 English 0
473 334 514 334 514 357 473 357 English 0
517 327 561 327 561 348 517 348 English 0
562 321 597 321 597 341 562 341 English 0
490 153 512 153 512 179 490 179 Manipuri 0
512 152 567 152 567 184 512 184 Manipuri 0
202 510 278 510 278 550 202 550 English 0
139 415 206 415 206 445 139 445 Manipuri 0
205 402 284 402 284 446 205 446 Manipuri 0
86 581 107 581 107 597 86 597 English 0
106 572 136 572 136 593 106 593 English 0
139 568 165 568 165 587 139 587 English 0
164 563 199 563 199 584 164 584 English 0
201 556 226 556 226 572 201 572 English 0
226 553 236 553 236 570 226 570 English 0
236 550 257 550 257 568 236 568 English 0
256 544 287 544 287 563 256 563 English 0
288 535 331 535 331 555 288 555 English 0
333 532 357 532 357 551 333 551 English 0
107 592 143 592 143 611 107 611 English 0
143 584 180 584 180 603 143 603 English 0
183 580 201 580 201 595 183 595 English 0
201 576 220 576 220 591 201 591 English 0
221 569 256 569 256 590 221 590 English 0
257 562 291 562 291 580 257 580 English 0
290 551 340 551 340 574 290 574 English 0
175 596 206 596 206 615 175 615 English 0
206 588 245 588 245 609 206 609 English 0
245 586 262 586 262 599 245 599 English 0
262 579 288 579 288 597 262 597 English 0
42 327 94 327 94 359 42 359 English 0