172 253 213 253 213 273 172 273 English 0
216 254 268 254 268 274 216 274 English 0
272 257 341 257 341 277 272 277 English 0
212 277 235 277 235 285 212 285 English 0
237 277 256 277 256 286 237 286 English 0
259 278 280 278 280 286 259 286 English 0
282 279 301 279 301 287 282 287 English 0
164 309 198 309 198 318 164 318 English 0
198 310 215 310 215 318 198 318 English 0
216 310 227 310 227 320 216 320 English 0
229 312 246 312 246 320 229 320 English 0
247 311 264 311 264 320 247 320 English 0
266 313 294 313 294 321 266 321 English 0
295 313 326 313 326 322 295 322 English 0
327 314 346 314 346 322 327 322 English 0
181 235 224 235 224 249 181 249 Manipuri 0
228 239 265 239 265 254 228 254 Manipuri 0
268 239 334 239 334 253 268 253 Manipuri 0
233 288 251 288 251 300 233 300 English 0
253 289 263 289 263 299 253 299 English 0