22.079057483861106 202.39746337462375 29.184865198476473 195.10301650102323 48.05989556494751 213.4893485501292 40.95410286900005 220.78378055923736 English 0
44.21012700237043 222.17224307409168 49.731328999987454 213.31365700002564 83.61509273534466 234.43123029409205 78.09392507362645 243.28978631435317 English 0
78.7015473125939 243.39187883314779 82.23194500002137 232.05197399997866 103.51459552250162 238.67751031886016 99.98422445409233 250.01739245032735 English 0
102.82398100003775 250.45989700000152 103.54539909349114 240.57900698437885 132.06564378648181 242.66119637006466 131.3442532967747 252.54206041956976 English 0
133.0044210000051 250.27934199999982 130.8230508260749 240.14694005982562 162.5224739999976 233.32274799998515 164.70386535140278 243.45512031068995 English 0
111.61720900003274 217.14437300002655 107.07724709005561 208.01230376795385 142.35158105417213 190.47636407654676 146.89154782885453 199.60840610334574 English 0
65.9333229999902 185.37943600001856 72.93916368726059 176.2787957970377 110.19580224165111 204.95884425222613 103.18999562550744 214.05945331406758 English 0
154.5500597816863 175.33825736852623 144.3788105595013 177.19428185985774 135.34188498946605 127.67153523882297 145.5130780000036 125.81551600000302 English 0
179.5574191261403 200.6857242242414 190.2252700000099 146.3658969999908 403.61692193793715 188.2716972282031 392.95004679079284 242.5906655224766 English 0
236.30268402375805 252.67871404412728 240.14067800002522 228.7163960000255 349.62169111007825 246.25054726329762 345.7839738880284 270.21261849244496 English 0
346.704507698887 270.42286852338145 349.868478999997 249.3194989999916 412.33516098262044 258.6843590948802 409.17133613605984 279.78759756869 English 0
286.09732889897714 291.0728661539708 289.46146499998576 266.47819399997695 352.5844834120653 275.11174313490784 349.2205304939125 299.7062497030964 English 0
348.7353604594682 298.29007369426114 352.1776569999929 277.9729769999793 410.82998475765635 287.9096230252163 407.38783678330947 308.22658778909977 English 0
468.21174747463374 295.0491129944984 465.26292299997294 316.7313950000325 408.5389809039043 309.0171297788665 411.4879220000148 287.3349870000079 English 0
426.8714748074126 336.8064189712235 429.10085399998934 314.8362219999894 456.9140234104998 317.6582746663116 454.6847254521708 339.6283968198502 English 0
210.21781484334497 350.59155772244594 213.25132300000405 322.28509699996425 257.31591463707446 327.00692218494635 254.28257899999153 355.31322430238674 English 0
414.8929661879083 284.88243071311894 418.0827220000356 261.4932799999736 495.98080848532845 272.1160336442781 492.79126404107956 295.50499334158644 English 0
585.0031079994369 290.57516740433175 581.2448100416077 312.69917030062254 491.31928948940185 297.4235913454094 495.0777609999932 275.29980899996565 English 0
526.8535068562778 304.65381798917736 523.9522420000139 327.23342899997243 473.3899628249492 320.7369232186832 476.2913409999601 298.15744600001744 English 0
523.5525052648882 325.63567860353777 526.0361379999813 305.454727999999 559.421035439882 309.56301882341575 556.9374909751787 329.7438892084597 English 0
528.4191525568895 225.2996561887743 517.8349765786697 270.1860176941839 384.40403466789576 238.72334720826166 394.98857300000964 193.83751300000364 English 0
512.4110655204277 265.9459770455526 520.3047399999923 224.63810300002297 611.2241090300813 242.01124463404068 603.3308454910002 283.31875705526284 English 0
265 327 290 327 290 360 265 360 English 0
306 331 324 331 324 363 306 363 English 0
329 335 376 335 376 366 329 366 English 0
378 341 419 341 419 371 378 371 English 0
429 347 462 347 462 377 429 377 English 0
525.5432868363278 383.17261891750684 527.2894210000231 359.8493380000206 581.1717550574394 363.88280178423065 579.4258076009282 387.2059075737643 English 0
581.2427873835986 387.24624906631607 583.3367539999745 364.35007700001825 614.7767750595813 367.2251098150471 612.6829179354536 390.1211801849874 English 0
556.5889142209198 197.50708508400623 552.4244159999944 214.59575600003123 487.6099574854743 198.8007899676113 491.7745119999745 181.71220300001056 Manipuri 0
368.04066973534646 176.0585724268392 373.6378980000154 148.16103299999784 491.9768826397194 171.90318859172032 486.37990370181797 199.80050896654606 Manipuri 0
252.51230130001204 143.31002649232698 259.69616399997903 112.87542899997112 372.8731233587314 139.5894453327623 365.68947632309573 170.02385546785143 Manipuri 0