389 334 443 334 443 365 389 365 English 0
477 346 505 346 505 361 477 361 English 0
112 333 156 333 156 350 112 350 English 0
405 297 429 297 429 311 405 311 English 0
432 297 442 297 442 308 432 308 English 0
445 299 469 299 469 312 445 312 English 0
472 298 528 298 528 313 472 313 English 0
268 260 357 260 357 285 268 285 English 0
361 260 462 260 462 286 361 286 English 0
469 263 531 263 531 288 469 288 English 0
269 199 350 199 350 223 269 223 Manipuri 0
360 203 452 203 452 232 360 232 Manipuri 0
463 208 534 208 534 232 463 232 Manipuri 0
95 284 136 284 136 296 95 296 Manipuri 0
138 287 152 287 152 296 138 296 Manipuri 0
156 288 180 288 180 298 156 298 Manipuri 0
183 290 229 290 229 301 183 301 Manipuri 0
189 329 282 329 282 360 189 360 Manipuri 0