214 120 295 120 295 174 214 174 Manipuri 0
298 129 347 129 347 191 298 191 Manipuri 0
346 132 424 132 424 196 346 196 Manipuri 0
140 161 191 161 191 187 140 187 English 0
439 207 487 207 487 231 439 231 English 0
118 202 264 202 264 306 118 306 English 0
262 226 378 226 378 321 262 321 English 0
379 241 490 241 490 333 379 333 English 0
116 318 135 318 135 361 116 361 English 0
137 319 320 319 320 381 137 381 English 0
321 342 402 342 402 392 321 392 English 0
401 350 471 350 471 400 401 400 English 0
100 383 246 383 246 424 100 424 English 0
92 447 152 447 152 478 92 478 English 0
158 453 195 453 195 483 158 483 English 0
200 457 259 457 259 490 200 490 English 0
334 477 372 477 372 500 334 500 English 0
427 486 466 486 466 514 427 514 English 0
365 524 410 524 410 553 365 553 English 0
412 529 451 529 451 562 412 562 English 0
322 526 356 526 356 556 322 556 English 0
199 515 232 515 232 539 199 539 English 0
85 500 132 500 132 529 85 529 English 0
113 550 204 550 204 586 113 586 English 0
208 559 265 559 265 590 208 590 English 0
265 564 369 564 369 600 265 600 English 0
372 575 414 575 414 602 372 602 English 0