129 218 155 218 155 237 129 237 English 0
127.1332650000113 348.98981799997017 132.46570952658658 290.4720746634042 306.6015960986988 306.3378902623966 301.27049757298664 364.8543833118772 English 0
188 370 238 370 238 387 188 387 English 0
240 375 331 375 331 395 240 395 English 0
335 380 376 380 376 398 335 398 English 0
381 384 401 384 401 402 381 402 English 0
409 388 442 388 442 405 409 405 English 0
449 391 493 391 493 410 449 410 English 0
168 401 239 401 239 423 168 423 English 0
247 405 268 405 268 425 247 425 English 0
289 409 361 409 361 431 289 431 English 0
368 414 383 414 383 434 368 434 English 0
512.6918377268885 425.2495731504471 511.1621015085984 444.2896761436378 386.89635663627996 434.30577365327565 388.42643800002406 415.266050000008 English 0
306.88526308447763 295.2064386029748 311.2788659999933 255.5901500000253 498.2988159602246 276.3287859032393 493.9060786113987 315.94428262698295 Manipuri 0
471 252 493 252 493 269 471 269 English 0
549.3420063600206 330.78365035853926 543.1929200000013 390.7178559999712 303.17919687768153 366.0906775392765 309.329934999987 306.15834200003565 English 0
303.4544660830579 264.46297273533344 300.4228290000174 295.1070469999766 182.41054095939035 283.43178380885087 185.44250599996303 252.78807899999393 Manipuri 0