163.6859624407225 239.16439240073768 177.44463299997733 202.86995499996732 221.45117920015764 219.55155255161574 207.6926805619587 255.8458442078374 English 0
211.37134177646658 250.3248262585258 220.4258690000279 217.6021509999826 336.719660719682 249.77942661978545 327.6655631152971 282.5017326493561 English 0
326.94940467546985 288.57033718317643 334.1367059999902 255.09036000003275 394.5971968879894 268.0689108991742 387.4101419386716 301.5486727605848 English 0
221.52461862126074 299.2701615532202 225.60001099998772 284.5414420000218 248.88762108392257 290.98463586135284 244.81227428710554 305.71331633147776 English 0
21.264522401470458 200.84813257643762 34.16073399996094 158.4429840000215 96.57367682659242 177.42345392452955 83.67769350261369 219.8284076406756 English 0
263.899732998907 315.3804666551829 238.8555142244877 309.54243855068444 244.08535436428792 287.10906696036386 269.12944899995637 292.9470799999963 English 0
347.44071639943286 316.6380137331271 342.81768900000316 336.44343099996854 291.98262889949547 324.57809996072956 296.6057410000212 304.77280599997806 English 0
581.337025423345 369.17383637878095 621.0489481312106 375.3495483935202 613.9303539999673 421.1192999999949 574.2184409366746 414.9436300381728 English 0
492.57954876084113 430.4571413812845 498.63875499999267 406.447993999967 548.0532018984377 418.91702798377344 541.9942199165962 442.92598204454623 English 0
93.01255316888273 233.6771684148411 86.66434099999606 259.72402799997906 30.676020531755057 246.07880744413325 37.02432199999748 220.03208299999218 English 0
8.647647928009974 147.4998378110646 21.44532899998012 108.58677599999001 81.19068930114736 128.23548725749453 68.39315617376997 167.14842305706182 Manipuri 0
261.8897827505134 227.34880701819503 174.901728391269 189.4322148188752 184.8457999999664 166.61960599999395 271.8335776460299 204.53612884412473 Manipuri 0
297.3822216404369 235.9052885831906 268.74548311854596 224.50763220170035 277.52598922816105 202.44745467968477 306.1626289999549 213.84508899999207 Manipuri 0
16.563463083293755 209.95721129011858 45.54480367958604 219.42427450227794 36.198231000016676 248.03564699999765 7.216901449864963 238.56860799399703 English 0
623.6599198406475 451.5087837600725 622.5614321629109 478.0993158956994 580.8394019999832 476.37575300000856 581.9380727655516 449.7854119924778 English 0
262.5688846887351 313.7203832998471 267.5587039999664 295.3356590000274 299.737170747685 304.0686266928386 294.74743350743665 322.4532805580108 English 0