129.99240400000417 262.6299060000344 124.06117977363465 231.8651784315819 324.6401229512412 193.194953131779 330.57174800174835 223.95914787640194 English 0
336.22346360687516 223.9245121725433 329.36352999997325 191.43162999996935 455.70036750650615 164.75956382816577 462.560520919651 197.25214210082467 English 0
557.5530446925404 177.49342413561575 467.39035573002184 194.32470952912627 462.09260037343483 165.94516830309664 552.2549650000292 149.11391400000164 English 0
200.96473400000832 298.67150300003 197.18435248440073 281.27708225638776 282.34034000000975 262.7706590000001 286.12083446198085 280.1649215654998 English 0
289.18936300004134 280.4475139999968 285.20646210476116 262.8927652699422 413.3703048692405 233.81512342361103 417.3533597726055 251.36965151345305 English 0
438.8341407326516 248.9316277259192 421.62127917479665 252.9173514639901 417.16391400004795 233.66835599999513 434.3767169972125 229.68263930896424 English 0
440.84028899997065 244.57230299997542 438.6543766270188 226.82023851827853 472.2452389999671 222.6841489999691 474.43119598669 240.4361612134994 English 0
478.26490500003274 237.56517299998382 474.24689049898006 219.50381916910095 509.96393499997794 211.55830699997261 513.9819884368626 229.61960559153704 English 0
272 300 313 300 313 325 272 325 English 0
362.22120351223566 306.2974745861103 317.14484239295416 314.67072331590487 313.55949592776597 295.3702323286291 358.6356640000304 286.997002000001 English 0
438.91602545838396 286.78148059271854 388.098530029165 297.71936346669395 384.32596939361247 280.1926251626674 435.1432790000399 269.25476299999804 English 0
336 232 368 232 368 248 336 248 English 0
373 223 406 223 406 240 373 240 English 0
418 337 429 337 429 354 418 354 English 0
439 332 447 332 447 347 439 347 English 0
443 308 461 308 461 321 443 321 English 0
436 313 443 313 443 325 436 325 English 0
415 313 435 313 435 329 415 329 English 0
388 318 415 318 415 335 388 335 English 0
377 325 389 325 389 339 377 339 English 0
349 329 377 329 377 347 349 347 English 0
346.47238604258746 336.60576392391476 350.8001391984726 351.9627038398252 331.51185100003204 357.3978190000022 327.1841442171717 342.0409187887703 English 0
312.1145096095279 340.85826928898365 326.0309309999866 338.32855500000096 330.0577163370326 360.4786521492003 316.1412969383673 363.0083590107663 English 0
340 355 365 355 365 378 340 378 English 0
330 364 341 364 341 380 330 380 English 0
310 367 331 367 331 385 310 385 English 0
282 371 310 371 310 390 282 390 English 0
247 379 284 379 284 404 247 404 English 0
264 160 330 160 330 194 264 194 Manipuri 0
329 152 399 152 399 182 329 182 Manipuri 0
401 148 441 148 441 169 401 169 Manipuri 0
399 343 415 343 415 358 399 358 English 0
226.17769000004046 535.3067610000121 223.54071948044293 527.2938537219035 260.09561699996993 515.2663669999926 262.73261871865543 523.2792140336239 English 0
201.37777854943124 534.8504088096768 204.09775087457092 543.2730191756885 174.02184200000193 552.9833869999843 171.30193295080971 544.5608304629741 English 0
287.1129089999886 514.4254970000029 284.60712403291836 506.7031047600757 307.68076300002576 499.21750099999775 310.18656656910025 506.9398579421272 English 0
337.2775459999684 497.0287320000118 334.8203326487419 489.8376222621869 362.26903499999025 480.4599800000203 364.7262670919008 487.6510518262013 English 0
389.5048549999774 479.60259899997624 387.2584205590829 471.8763111626998 407.5271639999846 465.98408900001976 409.77361531724455 473.7103481783854 English 0
446.66102361392404 452.8473713629878 449.03968507103855 459.8832403890163 433.96745500002 464.9779780000003 431.58881602845213 457.9421280738879 English 0
500.7062053318805 434.1661011019139 502.95723409581115 440.68013589463806 477.3891449999792 449.51424700000905 475.1381503364246 443.0002411551378 English 0
520.4247829999804 426.6912400000059 539.733233480365 420.55836814297516 542.2123743146221 428.3625339421613 522.9039274355455 434.4953978145476 English 0
562.7731299999868 420.02363400002093 560.489929888281 413.31517705740004 574.6295149999787 408.503425000015 576.9127227809804 415.2118665110904 English 0
459.56364899997425 572.2370570000119 456.7456076203962 564.5081883724996 478.7625180000032 556.4824230000202 481.5805764896504 564.2112536185698 English 0
426.17685623743455 577.6682619335459 429.6588571475877 586.9596808018023 414.6147980000387 592.596028000009 411.13283539481927 583.3046415935335 English 0
516.0747293461463 540.8918674350571 518.6390455482615 548.0111608526338 502.21589000000677 553.9252979999883 499.6516036164394 546.8060298682308 English 0
564.1915012561367 522.0584174900988 566.712970436347 528.6589480422551 543.4766130000207 537.5335479999742 540.9551819769695 530.9330497824168 English 0
585.8913780000148 521.4722960000181 582.2517085194704 513.357899804096 605.4408469999908 502.9585399999813 609.0805275104503 511.07289693000314 English 0
628.9901519999694 503.9031939999952 626.1222217702743 495.4771725582779 637.4184219999734 491.6330380000137 640.2863614698435 500.05904081950155 English 0
618 499 625 499 625 507 618 507 English 0
575 517 583 517 583 526 575 526 English 0
535 533 541 533 541 542 535 542 English 0
496 549 500 549 500 556 496 556 English 0
514 428 520 428 520 437 514 437 English 0
557 413 562 413 562 422 557 422 English 0
611.0080155266769 394.3421670673961 613.279851188272 401.46394083426713 587.3289159999695 409.7411909999909 585.0571143978596 402.61944621705646 English 0
612.7619289999711 400.2544680000243 610.7912547131855 393.1977135148801 621.8577950000326 390.10762000002336 623.8284765410936 397.16436255930086 English 0
468 445 475 445 475 453 468 453 English 0
378 474 388 474 388 483 378 483 English 0
325 492 334 492 334 501 325 501 English 0
277 509 285 509 285 518 277 518 English 0
302 626 308 626 308 634 302 634 English 0
407 585 412 585 412 593 407 593 English 0
449 566 457 566 457 576 449 576 English 0
351 604 362 604 362 615 351 615 English 0
382.9541472856363 595.2806352320972 386.01214695394447 603.9236273101992 363.857199999984 611.7601240000339 360.79925405087124 603.1171774938205 English 0
310.55873500001326 631.8144470000335 307.5507564362488 623.7431221083377 328.2754879999993 616.0217479999825 331.28348456550157 624.0930314968155 English 0
160 547 170 547 170 557 160 557 English 0
218 529 223 529 223 537 218 537 English 0
557 313 562 313 562 321 557 321 English 0
552 323 565 323 565 331 552 331 English 0
583 314 593 314 593 322 583 322 English 0
575 317 582 317 582 323 575 323 English 0
581.362377757905 306.7003883238906 583.3581666556711 314.7988949617562 563.4676290000061 319.7003090000215 561.4718624661327 311.6018216506076 English 0
489.75450199999614 333.69763400002006 485.89025427019806 320.65795176810605 522.3208010000235 309.8627160000034 526.1850830110052 322.9023389336632 English 0
450.80155800002103 344.4602210000127 446.9124963008653 331.3054283908628 484.1669066751638 320.292444805475 488.05600500578294 333.44717431775894 English 0
429 336 438 336 438 350 429 350 English 0