425.6162038048933 257.08845079696465 405.0512570835417 297.4950789380935 193.16126312878623 189.65509821326177 213.72639863708173 149.24914370015253 English 0
419.67237901320914 228.24632611013152 411.2967556098738 245.5821550069037 333.25552250724286 207.87842910978554 341.6311709999718 190.5427220000213 Manipuri 0
481.70154817758885 265.0744209898421 473.0862166584848 281.60239274395497 404.50578894946375 245.8558288397757 413.1211350000376 229.32797899998064 Manipuri 0
236.99013735938934 267.5534105504548 244.59089800002403 241.5871600000097 337.43523185432423 268.7626171287687 329.8347652135999 294.72861578443553 English 0
328.1992739999987 295.7380380000359 332.20430373847194 271.11924623329975 348.9139657009946 273.8374539644244 344.9089856583305 298.45620139430525 English 0
367.2762143753789 284.16822419420225 371.5644179999799 268.4348270000169 399.04818115021044 275.9252019341955 394.7600320135098 291.6585523238941 English 0
399.6169574538362 275.75019831834544 413.88669804764504 278.20527188939883 410.5588390000048 297.5467799999993 396.2890996773058 295.0917115480984 English 0
416.8783540005097 299.9020960000096 419.9705307029217 287.97494377965756 467.5528941601806 300.3100283878672 464.46079359368014 312.2371150035431 English 0
356.65681911894353 282.8566774212823 378.37715919304173 285.43191740220414 376.1086011300358 304.56439556019507 354.3882619999931 301.9891609999958 English 0
452.54686268446676 309.685549395274 445.47528931085253 328.08945117134726 375.19828376403893 301.0875352607547 382.26992199997767 282.6837900000238 English 0
510.1555727235973 332.49656236154647 502.6361827400251 349.630378085227 440.57296887534903 322.39505659005874 448.0924010000308 305.2613820000061 English 0
376.04085287472117 309.4328009171272 370.78277293352585 327.3135348162019 328.4986370040133 314.8800679764041 333.75677000003634 296.9994259999694 English 0
554.2121784714982 291.2778560865293 545.2591530000063 312.92378700001655 507.41518843766244 297.2719557938577 516.3682479999989 275.62612199998784 English 0
574.0937118940928 295.29278268581675 569.0131770000153 320.1571969999935 540.4229077786295 314.31568125952646 545.5035029999999 289.4513490000038 English 0
417.46780534886057 317.2106295517061 414.125853000005 332.89279900001236 371.00909329397837 323.70495015166875 374.3511050000234 308.02286299997826 English 0
410.0551699999778 334.8852809999913 415.0830869890342 315.9632118058761 442.83324311239994 323.3363124606762 437.8054035992682 342.25831501355 English 0
431.76683851052076 340.69286006548515 437.1775699999853 319.8226629999736 463.4219863004546 326.6261408477566 458.01133655186277 347.4962674640615 English 0
41.67944400003762 273.9920589999682 47.16336464494816 249.158370233148 121.80821776164521 265.6408580159868 116.32451646597474 290.4743556205678 English 0
37.92222359290463 217.9326568262294 45.41955399996368 189.80463600002685 125.60849167581182 211.17759748488464 118.11137817443523 239.3054320378402 Manipuri 0
514.3476385459508 295.52157783152677 503.20795219209685 320.43126010433775 408.17578604277514 277.9346687341458 419.31555000002845 253.0252640000155 English 0
41.2581977352238 291.2036855768766 38.09047000002465 308.0208689999908 9.292103966436116 302.59662015116487 12.459872999970685 285.779491000017 English 0
115.91533091130259 302.1993293789604 109.96882356477727 324.2847258424241 37.09066492956481 304.6632191928783 43.037289999992936 282.5780109999728 English 0
78.29702094008098 370.4933530985614 42.184933713433566 365.52295603920004 45.80261800001608 339.2423710000036 81.9144554848026 344.21275060468054 English 0