81.17703500000061 273.50982800001367 90.81485758324561 183.51467256565707 315.97345998801757 207.62529933255436 306.33762677010964 297.6186304511328 English 0
320.0111861398909 296.31247655745625 328.6560440000176 214.5787359999801 577.5092562894133 240.89635152286786 568.8666252638359 322.62804419336965 English 0
113.61621899486636 329.3664570968519 75.87095626491646 322.0574106623863 82.11806500003149 289.79932299999956 119.86305033569806 297.1083418252078 English 0
116 289 197 289 197 337 116 337 English 0
190 300 265 300 265 352 190 352 English 0
256 308 319 308 319 353 256 353 English 0
316 314 403 314 403 360 316 360 English 0
404 324 492 324 492 369 404 369 English 0
162 410 406 410 406 624 162 624 English 0
169 140 319 140 319 205 169 205 Manipuri 0
320 166 525 166 525 231 320 231 Manipuri 0
0 414 32 414 32 595 0 595 English 0