184 242 302 242 302 310 184 310 English 0
292 234 379 234 379 288 292 288 English 0
144 263 168 263 168 315 144 315 English 0
164 261 196 261 196 315 164 315 English 0
181 233 214 233 214 253 181 253 Manipuri 0
214 230 244 230 244 255 214 255 Manipuri 0
242 219 287 219 287 250 242 250 Manipuri 0
281 209 343 209 343 250 281 250 Manipuri 0
0 256 62 256 62 321 0 321 English 0
134 327 179 327 179 352 134 352 English 0
177 312 249 312 249 345 177 345 English 0
245 309 283 309 283 334 245 334 English 0
278 302 320 302 320 332 278 332 English 0
318 295 351 295 351 326 318 326 English 0
348 286 402 286 402 329 348 329 English 0
542.5789501147665 176.77356239391824 561.9841402822931 188.98660418387652 530.1117130000057 239.62676700001504 510.7065667054121 227.41378183698944 English 0
546.5078840000206 286.5592789999928 532.4215091807855 276.3734551584465 567.2011457596818 228.27787054596774 581.2874098878092 238.46363664621566 English 0
522.276509000003 310.3281150000104 510.7415240276896 299.4802735019315 531.7657779228466 277.1257416878694 543.3007211518998 287.97354694040575 English 0
515.2364559999842 288.82390999999404 504.5411380229052 279.2337157272199 530.3887929999473 250.40912799997855 541.0840633949556 259.9992850207384 Manipuri 0
546.4642270000331 254.07332500000308 529.9475052959315 240.42724546993824 558.9767330000177 205.29279900000932 575.4933741960122 218.93882503187706 Manipuri 0
556.3623989999905 448.37304199999755 546.7445229383884 422.07110140927625 581.9385450000118 409.2033819999932 591.5564917266602 435.50516562539826 English 0
576.8380549999711 463.17569999996863 568.7380824097636 439.54423467414415 620.8119626931875 421.69776956496935 628.9120406400616 445.32902078081463 English 0
541.5880779999861 396.8220669999974 532.4908115062863 379.5702472511936 574.4376999999804 357.4530199999923 583.5349795606453 374.7047254274512 English 0