159.66960111247317 247.4560277247071 171.5098880000005 210.49124900002482 216.32913201661722 224.84685269120686 204.4890246664727 261.8114785785177 English 0
207.8737434571667 256.1055091533128 215.2032429999963 222.9537909999852 333.0216111452319 249.0006207543155 325.6925447232061 282.1519610667963 English 0
325.29507923805795 288.24972341809644 330.7202239999606 254.43945900001182 391.7769940827566 264.23593427357366 386.3520908555074 298.0459828214872 English 0
220.57469679471978 304.4523825003674 223.87362499997835 289.53055100003417 247.46649142747629 294.7461260316593 244.16760941967368 309.6679173344021 English 0
15.4379879811313 216.64602967030675 26.097225999983493 173.62406299999373 89.41797813400626 189.31210135502252 78.75898575897736 232.33385585439436 English 0
263.7348525483685 318.3228587381439 238.41942554048728 313.80346854446975 242.46802704503352 291.1271356030035 267.7833250000549 295.64651400000514 English 0
347.22708161440096 315.206471473257 343.64700099999027 335.22671000002435 292.2606949497276 326.03814888160684 295.84087199997157 306.018035000012 English 0
583.5524469344818 355.4291232317822 623.5331202091038 359.5182802921837 618.81970800001 405.59759399999854 578.8390387965774 401.5084637542679 English 0
498.1241026600037 421.2736871974585 502.9182749999745 396.9802900000187 552.9173898508452 406.8460240528643 548.1234349276201 431.13923053672625 English 0
88.80580399221799 245.67504812869967 83.82951799998409 272.01847900000786 27.203819760979968 261.3221745757532 32.1802139999636 234.97888800002667 English 0
0.046355093727470376 164.0311562831031 10.789973999999347 124.50165500002004 71.48179265088402 140.99663605182053 60.73833844369801 180.52599582524493 Manipuri 0
257.12041396982386 230.51710198195684 168.26717764677596 197.20500234156196 177.00371500002802 173.90323300000122 265.85665087623056 207.2152701166988 Manipuri 0
293.012044414063 237.20426168177357 263.8180515256681 227.32091856998724 271.4319858577801 204.83143917800206 300.62587400003395 214.71476300000364 Manipuri 0
11.220121682199533 225.98865726765555 40.65720636899641 233.92598662955237 32.820848999981536 262.98730899999117 3.383772255619988 255.05000131860749 English 0
630.126403196191 435.43623970258056 630.4212666437525 462.04782294772235 588.6660059999849 462.51016600001236 588.3713300055388 435.8987678608094 English 0
262.31899816826626 316.73471419610564 266.3397409999743 298.1140260000276 298.9310964104516 305.1509196565206 294.9104359901685 323.77153603876087 English 0