181 262 206 262 206 286 181 286 Manipuri 0
212 261 245 261 245 287 212 287 Manipuri 0
251 260 303 260 303 287 251 287 Manipuri 0
309 257 349 257 349 282 309 282 Manipuri 0
354 256 383 256 383 281 354 281 Manipuri 0
387 253 443 253 443 281 387 281 Manipuri 0
189 352 241 352 241 387 189 387 English 0
243 345 305 345 305 382 243 382 English 0
304 343 359 343 359 379 304 379 English 0
363 340 412 340 412 370 363 370 English 0
221 414 292 414 292 446 221 446 English 0
292 413 313 413 313 436 292 436 English 0
317 407 356 407 356 432 317 432 English 0
357 407 373 407 373 428 357 428 English 0
106 169 144 169 144 192 106 192 English 0
148 168 191 168 191 194 148 194 English 0
196 173 250 173 250 198 196 198 English 0
255 178 283 178 283 197 255 197 English 0
288 176 317 176 317 195 288 195 English 0
187 116 230 116 230 142 187 142 English 0
105 150 136 150 136 171 105 171 English 0
142 152 172 152 172 171 142 171 English 0
63 195 75 195 75 211 63 211 English 0
77 193 103 193 103 212 77 212 English 0
104 195 114 195 114 208 104 208 English 0
115 192 149 192 149 209 115 209 English 0
319 200 344 200 344 220 319 220 English 0
346 200 369 200 369 217 346 217 English 0
379 199 420 199 420 218 379 218 English 0
430 197 475 197 475 220 430 220 English 0
158 477 204 477 204 501 158 501 English 0
246 462 324 462 324 493 246 493 English 0
338 506 437 506 437 542 338 542 English 0
261 523 307 523 307 551 261 551 English 0
203 531 244 531 244 558 203 558 English 0
136 537 201 537 201 569 136 569 English 0
64 515 100 515 100 530 64 530 English 0
482 497 508 497 508 520 482 520 English 0
437 501 481 501 481 525 437 525 English 0
289 125 315 125 315 143 289 143 English 0
250 200 282 200 282 217 250 217 English 0
287 200 318 200 318 218 287 218 English 0
213 137 255 137 255 162 213 162 English 0
41 298 120 298 120 358 41 358 English 0
126 288 272 288 272 356 126 356 English 0
278 283 375 283 375 345 278 345 English 0
381 287 410 287 410 334 381 334 English 0
413 278 509 278 509 335 413 335 English 0
271.7694547188876 31.044533473450137 270.5122109999502 51.706419999973214 183.11664302440477 46.38847169738439 184.3739110000024 25.726610999963768 English 0
273 30 288 30 288 51 273 51 English 0
288.74084714807395 53.63881538136813 290.2238049999869 33.13337299997298 358.174601683786 38.047556853425796 356.6916693594976 58.552974994218374 English 0
288.30720036618004 25.305356295275686 289.3195309359726 14.102814605165063 339.11442072065256 18.60257891969449 338.10209510833374 29.805115933692058 English 0
251.94422399996256 25.081330999996254 251.92143375388696 13.125632348239948 276.5372346572258 13.07870818916794 276.56002700889076 25.03440466645263 English 0
211.82387500004552 21.506035000014407 212.2121425340447 11.587709309155656 248.962563702662 13.02635565155926 248.57429860981938 22.9446789675416 English 0