221.86665674540563 412.8589925845657 241.80869099996926 332.438846000024 406.28432109748246 373.21922425634625 386.3446062908042 453.63736096371525 English 0
349.6472269903461 469.2692165688726 354.83996235248924 450.41641163459025 406.7099094555306 464.7008357731712 401.51737957872683 483.55346450906063 English 0
221.03503099096997 463.40722419166553 225.7459309999831 441.94177799998886 295.4178950457572 457.22966662838127 290.7072965083353 478.69485019911383 English 0
293.39859276900825 480.1146449752562 297.59784100002435 459.80140600002005 349.62997911650746 470.5558184312701 345.4309492725588 490.86886647196565 English 0
348.8478720995772 491.2942925038104 352.825010000015 474.49301000000355 399.8444041384937 485.62120041051406 395.86743662133813 502.4223354229771 English 0
373 366 383 366 383 385 373 385 Manipuri 0
382 373 398 373 398 391 382 391 Manipuri 0
398 377 408 377 408 396 398 396 Manipuri 0
408 380 417 380 417 398 408 398 Manipuri 0
298.49451661255443 210.1472386542406 286.5924243049085 231.53685862701326 220.27063915753388 194.63354855700018 232.17273700000078 173.24405099999592 Manipuri 0
238.4970302777947 175.93740351874868 225.2531026864017 200.93785642934176 152.3570243886934 162.32197538947713 165.600964999976 137.32165299997928 Manipuri 0
376.6388632286544 247.08285740780735 362.8060158094013 273.8201706961066 280.79067701182794 231.390074970264 294.6235539999907 204.65297999998518 Manipuri 0
423.73422959644813 277.9833834893547 411.8926470094448 297.73297293827216 359.0923037350876 266.0761924981197 370.9338800000114 246.32672600002786 Manipuri 0
467.1781461220962 305.3675191771671 456.14079903774837 322.804783308735 406.75599148838955 291.54736894853363 417.79332400001294 274.1102179999889 Manipuri 0
0 549 60 549 60 595 0 595 English 0
3.3195063276798464 77.06864234726542 19.343032532924553 48.83407177962873 138.38714573241305 116.39283066278293 122.36378011839406 144.6272623553224 Manipuri 0
405 588 453 588 453 620 405 620 English 0
424 618 443 618 443 630 424 630 English 0
383 630 408 630 408 640 383 640 English 0
414 633 432 633 432 640 414 640 English 0
438 634 455 634 455 640 438 640 English 0