117 156 181 156 181 195 117 195 Manipuri 0
185 163 238 163 238 207 185 207 Manipuri 0
242 183 305 183 305 221 242 221 Manipuri 0
311 199 384 199 384 239 311 239 Manipuri 0
387 213 495 213 495 262 387 262 Manipuri 0
497 236 596 236 596 285 497 285 Manipuri 0
77 190 170 190 170 258 77 258 English 0
171 211 303 211 303 282 171 282 English 0
306 238 470 238 470 311 306 311 English 0
469 271 597 271 597 337 469 337 English 0
79 251 136 251 136 292 79 292 English 0
136 261 212 261 212 305 136 305 English 0
210 276 256 276 256 310 210 310 English 0
258 284 308 284 308 318 258 318 English 0
307 293 342 293 342 323 307 323 English 0
342 300 393 300 393 334 342 334 English 0
444 321 481 321 481 347 444 347 English 0
480 332 491 332 491 347 480 347 English 0
40 465 200 465 200 540 40 540 English 0
49 555 78 555 78 580 49 580 English 0
83 552 129 552 129 581 83 581 English 0
130 554 148 554 148 581 130 581 English 0
63 526 108 526 108 544 63 544 English 0
575 470 598 470 598 513 575 513 English 0
568 521 592 521 592 569 568 569 English 0
566 574 586 574 586 616 566 616 English 0
399 493 521 493 521 550 399 550 English 0
413 540 456 540 456 560 413 560 English 0
398 611 480 611 480 640 398 640 English 0
426 567 462 567 462 590 426 590 English 0
464 571 478 571 478 586 464 586 English 0
471 592 505 592 505 613 471 613 English 0
454 594 466 594 466 611 454 611 English 0
399 564 424 564 424 587 399 587 English 0
615 331 632 331 632 358 615 358 English 0
629 324 640 324 640 359 629 359 English 0
202 476 214 476 214 487 202 487 English 0
82 448 115 448 115 469 82 469 English 0