162.69240622707002 187.10275203588037 193.07617736740212 222.33295376006959 110.39977958753298 293.63252694839144 80.01637113688048 258.40266895871525 English 0
214.33782000000065 228.1389429999932 216.27076292184938 137.30623655679017 434.41508999996586 141.94746599999175 432.48354941635625 232.7787670864398 English 0
441.59130191670556 168.11177677173188 483.4207318913104 177.83931784098982 463.36352028214606 264.08456208008 421.53411344210326 254.35709030854767 English 0
443.90094825408596 239.24779222053945 487.8421248342056 199.78321902635645 561.2381515478046 281.5011806416594 517.2973774673301 320.96533226809015 English 0
130.3427869999723 351.64727300000686 132.83676940431178 314.37555099248146 479.14712072801194 337.5397754367353 476.6548962984234 374.80983822607124 English 0
160.28675386136456 359.0856573516717 154.7806542397302 419.65818073777115 52.482145999965724 410.3590079999646 57.989043607231 349.78737313912404 English 0
296.05911298363935 366.4401820357706 290.44967634865316 431.29831879958635 161.45559437085467 420.1414007868858 167.06613900001685 355.2844910000146 English 0
298.2743560000381 426.477202000001 302.4431395931606 366.88752691366227 398.9731369999936 373.6395509999698 394.8052648979501 433.228368826069 English 0
470.4477059783676 440.65528680535925 401.0876176844613 434.8882140524514 406.1272799615108 374.2921103671484 475.4860969999572 380.0591299999983 English 0
554.392518439272 386.64501302313687 547.9585605634929 450.41497959253087 478.9052082832495 443.4481778999453 485.3397699999914 379.67889399997665 English 0
214.29637442328385 458.0293960791894 145.91708893116447 451.5284971860823 148.94745317717025 419.66223607484847 217.32602900003258 426.163100999999 English 0
212.22537900001043 315.6714779999992 215.83268880167452 283.8356095976438 265.36701700002595 289.44790499996924 261.759902599224 321.2835949195529 Manipuri 0
344.360357939222 329.1883418535617 266.1770792086463 323.7216174325538 268.48402594652725 290.73515135164456 346.666712399674 296.2018550236506 Manipuri 0
389.89590383993345 297.0863436546683 388.7168331913563 326.91611911166376 352.6355530000001 325.4899140000021 353.81474307971075 295.66026311713296 Manipuri 0
223.44370699996944 453.3226740000272 225.83245438501763 425.65488459346767 356.51951900574204 436.93525334731027 354.13141764445754 464.6024420065912 English 0
443.59947303906665 446.2614176472258 441.21842255975935 475.00299758971175 358.4886237358296 468.1496649823219 360.8700420000241 439.4084899999858 English 0
266.3009396488633 459.52649991256294 264.51525210046384 485.0649879852853 200.00782124290708 480.55477666931995 201.79377500004193 455.0165770000249 English 0
302.9990060406999 462.0932197077618 302.0746201075235 484.4425737912943 264.63894141910714 482.89426707454584 265.56346800003666 460.54506000001476 English 0
371.82732852728805 469.0498866447038 369.8227439999755 492.42881999998474 301.86508657381637 486.6023592136574 303.8699269999779 463.22370899998407 English 0