138.19858057999227 324.0072163776616 154.3886957923678 361.32575726042035 98.40116499995929 385.6124659999855 82.21140227135038 348.2942235235819 Manipuri 0
213.33568306952657 289.74968583139275 224.2743411866104 334.4811228597598 140.91989900000044 354.8624119999726 129.98177109257085 310.1314310371551 Manipuri 0
382.86355744574394 208.8332589663916 397.96494905487634 239.1820496926827 224.58466104391846 325.4490723495448 209.48395225139393 295.1008643913271 Manipuri 0
18.955782999983057 475.40969400000444 -0.30193587896064855 429.55556754782856 88.05611800002225 392.45211499999385 107.31407767096243 438.3055321821917 English 0
98.34958200000983 442.7086349999831 78.83328342053574 393.9972321189947 233.03396499999508 332.2222789999828 252.5507122604904 380.932528369487 English 0
27.45441477818531 458.7995411601614 88.10329200001433 455.99729999999875 92.22360817919252 545.1573264144575 31.574734214445925 547.9595208844377 English 0
99.98002699998324 523.2656969999914 75.5937219713087 448.58622040132894 257.9781920000096 389.0369630000162 282.3657685716171 463.7139986027381 English 0
270.7953290000296 457.25034500000476 253.65631259024667 384.0623273187708 366.62445599999046 357.61048600000424 383.7643589879008 430.79722884335405 English 0
407.9944968261407 433.6392335689652 434.5695919328864 515.1486094559507 88.2912246180058 628.0105604355476 61.72299926329288 546.5070144973082 English 0
258.88092543842504 639.9999700638677 157.39844120442285 643.1176537540236 156.14348891132977 602.248524769128 257.6240390000021 599.1308710000003 English 0
279.49739717456396 647.7359525635072 268.32263224598137 588.2205777459404 411.41146599999047 561.3602169999957 422.5877101995138 620.8736054782445 English 0