171 142 253 142 253 198 171 198 Manipuri 0
256 134 306 134 306 196 256 196 Manipuri 0
303 120 382 120 382 185 303 185 Manipuri 0
107 205 158 205 158 232 107 232 English 0
407 173 456 173 456 198 407 198 English 0
105 237 252 237 252 344 105 344 English 0
249 227 366 227 366 324 249 324 English 0
366 211 478 211 478 305 366 305 English 0
127 368 147 368 147 411 127 411 English 0
148 341 331 341 331 406 148 406 English 0
332 329 413 329 413 380 332 380 English 0
411 317 482 317 482 368 411 368 English 0
127 417 273 417 273 460 127 460 English 0
136 493 196 493 196 525 136 525 English 0
201 485 238 485 238 515 201 515 English 0
243 475 302 475 302 509 243 509 English 0
377 462 415 462 415 486 377 486 English 0
469 447 508 447 508 476 469 476 English 0
419 499 464 499 464 528 419 528 English 0
466 493 506 493 506 527 466 527 English 0
378 513 412 513 412 543 378 543 English 0
256 535 289 535 289 559 256 559 English 0
142 548 189 548 189 578 142 578 English 0
182 582 274 582 274 620 182 620 English 0
276 572 333 572 333 604 276 604 English 0
333 556 437 556 437 593 333 593 English 0
438 547 481 547 481 575 438 575 English 0