198 70 289 70 289 142 198 142 Manipuri 0
297 94 411 94 411 168 297 168 Manipuri 0
103 134 130 134 130 153 103 153 English 0
138 173 179 173 179 207 138 207 English 0
181 159 308 159 308 234 181 234 English 0
306 185 448 185 448 262 306 262 English 0
137 252 158 252 158 280 137 280 English 0
158 254 311 254 311 312 158 312 English 0
309 287 367 287 367 322 309 322 English 0
369 297 429 297 429 333 369 333 English 0
102 308 158 308 158 340 102 340 English 0
159 317 230 317 230 352 159 352 English 0
231 330 279 330 279 361 231 361 English 0
282 344 332 344 332 371 282 371 English 0
334 350 373 350 373 374 334 374 English 0
381 356 440 356 440 386 381 386 English 0