112.36051699997915 271.88212399998577 111.86289701159694 206.58335970690533 223.6045075302536 205.73162789615256 224.10277226939797 271.02974059942505 English 0
226.01540800002113 268.3120689999743 223.0830155970034 210.837247080078 327.9801334939839 205.48535245262286 330.91303101798985 262.9596379879446 English 0
408.511239140571 265.0908517205161 411.35366565671575 301.8207302715622 285.45944449120725 311.5616320756417 282.6175489999878 274.8322499999925 English 0
211.2688159798563 353.73189617028515 161.28556569397915 356.6920199384167 159.78357313375454 331.32960420042446 209.76650099997642 328.36948999999953 English 0
212.46996200003196 351.07741999999115 211.97954220122483 326.86611215673906 249.90128659708716 326.09800848561304 250.39181960710266 350.3092006804693 English 0
247.5464959999954 350.5580050000043 247.31247155512392 322.65288801961174 279.5435736126092 322.3825993478896 279.77770966848766 350.28760366856267 English 0
313.1145404038398 347.00664046989937 277.44939240583335 349.065912642418 275.92021999997087 322.58178900000087 311.5851333698083 320.5225236104374 English 0
314.43177404478774 343.4316041003334 312.3289084791031 319.3963093180437 342.07393999997294 316.7940890000045 344.17688496956544 340.8292958623522 English 0
349.26165696932003 216.5002783272541 321.51607665407937 216.92479515175643 321.18378598519485 195.20444111805153 348.9292740000383 194.77992499999965 Manipuri 0
349.29937486347626 194.56709577841207 361.7708712617605 193.67791636978734 363.50802799999656 218.0422679999984 351.0365317830292 218.93144574236362 Manipuri 0
397.9340192240488 192.1654793796557 400.7355767527042 213.0528946147804 364.8566077026044 217.86498660251564 362.0551140000316 196.97762899998222 Manipuri 0