293 422 331 422 331 436 293 436 English 0
336 422 351 422 351 438 336 438 English 0
355 423 377 423 377 437 355 437 English 0
208 440 250 440 250 462 208 462 English 0
254 441 295 441 295 463 254 463 English 0
299 442 350 442 350 465 299 465 English 0
359 443 422 443 422 468 359 468 English 0
427 445 478 445 478 470 427 470 English 0
231 468 274 468 274 483 231 483 English 0
278 470 308 470 308 484 278 484 English 0
314 472 339 472 339 485 314 485 English 0
343 472 399 472 399 489 343 489 English 0
404 475 441 475 441 492 404 492 English 0
246 490 280 490 280 505 246 505 English 0
282 493 332 493 332 507 282 507 English 0
335 495 388 495 388 511 335 511 English 0
391 498 429 498 429 512 391 512 English 0
293 398 321 398 321 415 293 415 Manipuri 0
324 399 349 399 349 415 324 415 Manipuri 0
353 398 378 398 378 418 353 418 Manipuri 0
172.89380215319397 207.60997436366722 174.46923680246982 225.78034225120876 132.303041999985 229.4360629999861 130.72767443736666 211.26575739462706 Manipuri 0
206.28904147939465 205.91098056958703 207.3167419215315 219.7667544248216 177.77654099998472 221.9576600000087 176.74887534652953 208.10191870074624 Manipuri 0
230.28131766703154 203.76258166466624 231.25311923125992 216.3979478836829 207.7855499999714 218.20277300000743 206.81377334403805 205.567430075144 Manipuri 0
284.74505821213825 195.8704349789238 286.4137491978181 213.45176575982404 233.40639270820247 218.482523141945 231.73777962772874 200.90126414175785 Manipuri 0
155.6975059999968 235.22796600000956 155.14321352115076 223.63774279427045 203.34173199997167 221.33270699997556 203.8960695505375 232.92288256969698 English 0
205.04781900002854 231.59947299998746 204.43257424260082 220.38155742020106 223.3066559999861 219.34644399999024 223.92191748651385 230.56434180257554 English 0
251.74968100072874 217.6877037010059 252.56723517959472 227.5486581841522 225.4134779999731 229.79980199998977 224.5959477985889 219.93886988095485 English 0
148.33617700001923 286.6435960000192 147.76555372671282 273.59664715677644 175.3831060000084 272.38880999997195 175.95376501514693 285.43572136828635 English 0
178.804816999982 284.6610799999745 178.86647508727037 270.16002774442927 195.88965499999176 270.2324050000167 195.82802249395172 284.7334317334525 English 0
233.48111269864603 283.38707886140776 221.39891700004227 282.3514270000009 222.77618188556517 266.28503084393105 234.85833799997636 267.32068100000015 English 0
139.87261820446292 238.0043698663729 141.49778371080174 271.3086118692092 71.76533700003347 274.71086800000177 70.14040302339708 241.4068471902056 English 0
113.67329255976074 303.9981755096498 84.06967538721801 304.3033942444921 83.91970101030893 289.75348024383584 113.5232229999383 289.4482620000003 English 0
118.13460199999099 302.99847299999425 117.82222054542217 289.0117627455448 163.64366599998903 287.9883659999783 163.95611627653125 301.9750057647332 English 0
196.1113230954652 234.1371303002678 197.97364451944304 267.0438576011479 144.71607100000256 270.0575519999776 142.8539225376153 237.15098910772832 English 0
202.85465699998895 266.04366999997154 200.96379493086715 233.35325824787176 246.67012400001113 230.70962699997034 248.5611156430241 263.39990045360264 English 0
167.20694900002854 300.8018979999825 167.05325757742685 286.1175252503328 194.40103699998872 285.8312950000225 194.5547717777663 300.5156238866061 English 0
196.48278699998627 297.7209840000028 195.97225769124634 285.54239488067395 223.91791599999124 284.370955000031 224.4284805339703 296.5495072715189 English 0
228.00333899998805 297.1935990000315 227.49090800600243 283.3599676889864 263.81955700002436 282.014305000012 264.332040046138 295.84788218295495 English 0
253.4084299999813 262.79537499998946 250.98275110816758 226.81297401976855 358.6623780000082 219.55393199999958 361.0883794813708 255.5359844298343 English 0
311.5963627355086 292.9056351639306 272.57091154155205 296.7183603694795 271.19993854248605 282.6859214686629 310.22527299996 278.87320200000283 English 0
4.853507696971064 392.29147776747516 20.35190499998862 393.2922389999985 19.84621885625529 401.1226886375857 4.347821664559888 400.12192856366914 English 0
0 362.181142 28.449182 362.181142 28.449182 381.58098 0 381.58098 English 0
12.183337983733509 401.9907760948099 11.912710612014052 410.217962203822 -0.27064198649895843 409.8172299755006 0 401.59005900003467 English 0
28.512989174196264 402.6870148457681 28.484397178763174 409.7713213567868 12.511157999979332 409.70683400000325 12.53976701736974 402.6225445781762 English 0