317.92602773006365 270.7549897468153 315.19376108823053 311.21799038583015 174.04699543498282 301.68627631081307 176.7798259999836 261.2238850000218 Manipuri 0
332.05639100000553 306.74615199996936 333.31363731689635 265.3149122290519 437.3694129999785 268.4720230000017 436.11264259809104 309.90279728371183 Manipuri 0
81.61013800003275 379.07126099997674 88.47496782793314 305.1734613561371 276.08839369931957 322.59909453089057 269.22553420947224 396.4950762210542 English 0
278.5527578712936 394.6498349050812 283.9863198738749 313.83720725579485 439.8441826971248 324.31520190786335 434.4124397820269 405.126066043838 English 0
117.98002193536377 484.3989326016305 122.84744800002954 449.592767999995 222.7724584312091 463.56386324873836 217.90572045567387 498.3694072917701 English 0
301.78469746140763 471.7867309315693 295.5662189101713 509.5430950575603 219.46382114059816 497.0104957885178 225.68271600001026 459.2546579999999 English 0
414.688925463488 487.3161093505923 407.9873751426203 524.3750711131888 307.984454000034 506.29312999999763 314.6865403918491 469.23486074622883 English 0
215.2314151376777 441.0082464214478 199.35727500000212 439.71678200000053 201.81776732380968 409.4785387679233 217.69175599998562 410.7699969999979 English 0
222.75118221477896 439.9435384700504 223.3455949999916 412.1344329999789 294.35801617575635 413.6518741656158 293.7639235093229 441.4606654827083 English 0
383.5851342249225 423.735197703101 380.346943621189 455.579209398444 293.661966982545 446.7647178021722 296.90055400002166 414.9211549999773 English 0
430.62274450559926 430.48827218944143 425.55615899997065 463.3207989999672 383.4843988681678 456.82917706641996 388.55117099999916 423.9968820000072 English 0
210.47640553748352 517.3417099769998 208.54101800003264 539.5342190000143 143.19973800724256 533.8364925558742 145.13538200000767 511.6442679999798 English 0
107.3588221657701 505.6243429770932 104.88565999999992 530.8974800000037 52.75094348595303 525.7963299773639 55.22433099999034 500.52344599999964 English 0
104.82983499998227 531.9626839999869 107.18977139455092 510.6565255778611 125.50251448054041 512.6845004318415 123.14266138666426 533.9905826230543 English 0
226.25923355677514 170.88960539561356 195.11234999998123 169.25729800000056 196.00558261969127 152.2140217628781 227.1524025464896 153.8463274895603 English 0
223.91911400001845 169.69886499997352 224.8682233132422 151.59028672716843 260.8068120000098 153.47385000003254 259.857743732573 171.5823891499639 English 0
54.253653999985545 549.6065790000029 58.21150891839352 527.332035291901 92.32940025140124 533.3929455096953 88.37172128696693 555.6673334846018 English 0
52.969678999943426 574.1062900000172 56.2990745701245 554.7592457836435 92.01424386359577 560.9038920703963 88.68501531025686 580.2507882114988 English 0
49.33556830525049 599.367937867324 52.63472799997544 580.4975190000062 97.7760432256764 588.3875148136951 94.47709936292085 607.2577425679472 English 0
278.1171288803307 526.0895039062809 275.6109411399666 547.1835644978704 211.26215436808707 539.5393628553471 213.7685749999946 518.4455730000087 English 0
278.6154614267434 544.2666896763695 280.7648290000361 524.0929589999807 379.66588479430357 534.6271579666375 377.5169560647919 554.800485584692 English 0
384.53740899996774 558.370973000019 385.8777787299914 532.8060855120519 419.4203486313927 534.5643167328362 418.08016189650516 560.129029578044 English 0
275.9737992665032 571.817804479777 278.3744889999798 551.7390790000296 343.3817834961519 559.5094812187541 340.9813976395526 579.587929833123 English 0
291.5004770227097 606.9016629154684 220.62154712795746 597.8396471174449 223.33566110493848 576.6192618362621 294.2139319999842 585.6812350000008 English 0
138.1789060000301 613.8202230000131 140.5140404591657 593.6217340408759 208.17445392065565 601.4414377016283 205.8396601579443 621.6396156306313 English 0
390.94600467993587 176.31611365169238 312.6794811247237 172.2144244086083 313.4611099545873 157.30147970122806 391.7274890270346 161.4031651536548 English 0
297.5441342670092 155.3990670944037 295.5539651122672 173.57600645998974 258.1296197677875 169.47848309845043 260.1198250000016 151.3015849999645 English 0
311.6632233533164 175.74856351469083 293.40054899999814 173.3402330000014 296.1087004858564 152.80458855726258 314.3713289999869 155.2129159999964 English 0
433.0823808351852 161.40670586612282 433.10622899996815 181.73002800000495 392.72107778830105 181.77733693075265 392.6972820000083 161.45406699997767 English 0
535.9835070489498 358.02168473524307 534.4455729151377 374.0031351223158 461.3360160893353 366.96787726850835 462.87409099997603 350.98658500001073 English 0
522.3120544564881 374.39572280015216 521.5305510901089 389.3089287803107 474.61318112473236 386.8503520720605 475.3947779999726 371.9372450000074 English 0
209.00219193237717 622.337778261538 214.25565099998494 598.5808870000143 242.7593841520138 604.8822777378872 237.5061070368247 628.6390108006772 English 0
242.29795100000047 628.8900449999699 245.98639784271654 604.4373155701815 311.92977400001837 614.3810760000074 308.24174838809995 638.8334284207384 English 0
449.13804038566013 334.24475205378224 449.97556800000893 318.26668699997333 478.7265959044453 319.7736012173422 477.8891269511223 335.75161024753817 English 0
630.1884830506606 333.0513507611697 628.850081890414 352.2296593571331 566.147082000025 347.8538490000311 567.485624001929 328.67569307289506 English 0
464.54434975777986 381.3676985047536 486.9151760505338 384.4580061280007 485.0335630000336 398.07752500000083 462.6627379591082 394.98722353241646 English 0
573.2345190000342 609.9172589999681 574.8037969449797 600.6021649436382 620.8454433298903 608.3563093965781 619.2762763850624 617.6713049332202 English 0
485.6645528513036 401.3149785722842 486.5020999999979 385.3369220000259 508.8640563010267 386.50896056234603 508.0265641302685 402.48696467088905 English 0
532.6556026776962 390.9600099321789 529.2402274111373 408.3142012561868 507.0457974271267 403.94669935967056 510.4612160000397 386.59256599999645 English 0
508.54841897853476 10.510382057824362 508.7223459474626 26.223790345046467 486.89065200000186 26.465435999995414 486.71672740849317 10.752030148546883 English 0
509.3641429999843 25.506960999998185 511.2712901307532 9.549553747238342 543.1051219959045 13.354167137320648 541.1979789748148 29.311570577919742 English 0
544 13 589 13 589 33 544 33 English 0
590 14 607 14 607 34 590 34 English 0
608 16 629 16 629 32 608 32 English 0
487 29 528 29 528 48 487 48 English 0
530 32 581 32 581 51 530 51 English 0
585 37 640 37 640 55 585 55 English 0
482 43 504 43 504 61 482 61 English 0
506 40 544 40 544 63 506 63 English 0
540 47 577 47 577 67 540 67 English 0
581 51 617 51 617 70 581 70 English 0
486 59 517 59 517 81 486 81 English 0
520 60 565 60 565 85 520 85 English 0
566 63 585 63 585 85 566 85 English 0
484 120 495 120 495 136 484 136 English 0
497 119 533 119 533 139 497 139 English 0
533 120 563 120 563 141 533 141 English 0
564 120 590 120 590 144 564 144 English 0
590 123 624 123 624 145 590 145 English 0
483 165 520 165 520 186 483 186 English 0
525 164 557 164 557 185 525 185 English 0
585 168 601 168 601 193 585 193 English 0
624 173 640 173 640 194 624 194 English 0
575 608 599 608 599 623 575 623 English 0
559 622 590 622 590 634 559 634 English 0
571 634 620 634 620 640 571 640 English 0
603 615 622 615 622 631 603 631 English 0