365.5951304396149 174.3366294237214 335.2160386341711 252.9028976781592 86.5424248448835 156.74816477836887 116.92203700004029 78.18317699997348 English 0
575.9835016771103 253.30735647299042 549.3513742957293 322.75786883636874 327.33303142216755 237.62174046807172 353.96577999999863 168.17273400001432 English 0
266.0828666941961 374.81456470873 277.6285040000221 328.20639400001704 353.8399209034833 347.08339243908097 342.29485381249106 393.6910703077732 English 0
340.74382634040376 392.3283186316195 351.52884399998584 351.1531040000003 445.106982178404 375.66113681858167 434.3226265296835 416.83578165413155 English 0
263.7812665202364 424.9244123750663 272.83024999996996 378.8182840000052 345.5265997815877 393.0841573189141 336.4782094668044 439.18976407143975 English 0
262.0356142826495 477.5990030928647 270.17191599996295 429.542325000028 369.7466927106143 446.3979838373897 361.61133159890596 494.45382644251396 English 0
262.00287727559044 529.8241301225039 269.3876679999812 485.45091699997846 341.91212975500093 497.5182949185521 334.5280406487291 541.8908842662604 English 0
336.2324966257438 547.9092210698279 341.67975500000466 498.14067199998755 434.0859780192841 508.2522987555515 428.6397118411696 558.0199383393885 English 0
259.0618430000177 584.756359999984 264.36921480584715 539.1620215498588 359.88658670110453 550.2775789408956 354.58023004168354 595.870990376015 English 0
453.4442409280746 563.4266573007412 450.0457930000266 607.9975339999739 357.4023709703033 600.9340662762354 360.80163899998297 556.3640849999824 English 0
363.34832823420584 336.90559967509785 374.15976900003443 301.47578399998315 434.06418763828697 319.7541931934951 423.2530646851228 355.1837377560946 English 0
473.6863795869431 333.2004064482944 463.33037099997455 365.4266490000154 421.49732324403885 351.98445089898036 431.8534280000313 319.75838799998866 English 0
157.49664355294954 270.88921536665805 169.5116550000239 234.80093799997474 293.37240521570493 276.035773620567 281.35795840069477 312.12357048312816 English 0
285.1920470000914 315.37666400002917 295.25636688194936 278.26470460154036 369.7057839662011 298.4530275249147 359.6418459515553 335.5646583143015 English 0
343.67367822684173 255.37263564257444 368.5175340391288 259.38797265323626 361.29111499998544 304.09704200000357 336.44726369166165 300.08172388146255 English 0
363.16778130036255 295.0268419473475 374.08005800003593 262.0525049999693 414.31099434543285 275.3654523222782 403.3988924824371 308.339640326549 English 0
403.0747938188142 307.55814075408966 415.4341170000407 278.20720299998993 461.6848457859305 297.68152642713784 449.32571817298594 327.03229832711565 English 0
261.505505010864 267.419315815064 273.4728100000211 230.07664000002276 341.43318256195926 251.85496513835406 329.46618010326347 289.1973833602462 English 0
412.80929954860767 158.42984953180002 401.3922163085954 184.85530349342852 317.64611784885346 148.67330375926574 329.06324399998994 122.24798700001726 Manipuri 0
203.2901208378462 408.30175282663185 193.2921460000216 431.68508499997563 142.26562547199137 409.87021577654934 152.2636639999837 386.4870809999988 English 0
138.1110872656427 421.8079784609998 149.65714178819326 404.68426894051424 203.45467653976812 440.9534977705654 191.90882286005944 458.0770289260739 English 0