156 180 250 180 250 249 156 249 English 0
382 178 492 178 492 231 382 231 English 0
365 243 432 243 432 259 365 259 English 0
436 244 454 244 454 258 436 258 English 0
370 263 455 263 455 283 370 283 English 0
352 377 413 377 413 394 352 394 English 0
417 374 508 374 508 390 417 390 English 0
146 309 212 309 212 334 146 334 English 0
219 312 255 312 255 328 219 328 English 0
65 386 121 386 121 404 65 404 Manipuri 0
121 383 215 383 215 402 121 402 Manipuri 0
193 435 203 435 203 440 193 440 English 0
189 436 193 436 193 440 189 440 English 0
189 443 202 443 202 448 189 448 English 0
187 450 197 450 197 456 187 456 English 0
199 449 213 449 213 455 199 455 English 0
179 473 193 473 193 475 179 475 English 0
194 471 198 471 198 474 194 474 English 0
198 471 207 471 207 474 198 474 English 0
208 470 214 470 214 473 208 473 English 0