138.44917957074358 330.34955396137866 155.93195595225552 367.080286890185 100.82599900000787 393.3061849999783 83.34357510662812 356.5757516670613 Manipuri 0
212.3449394803174 293.49064425201584 224.83816337691678 337.81306413917196 142.24566999997478 361.09098000000694 129.75298415891302 316.7690190452925 Manipuri 0
378.94562633628084 206.7071233973785 395.0969567883294 236.51033919125206 224.8329274768912 328.77564300030315 208.68226427592163 298.97300082436414 Manipuri 0
24.562891000023228 485.821314000014 3.7163461800082587 440.6673466978861 90.72595400000864 400.502703999995 111.57267917937133 445.6559580201473 English 0
102.76707500001066 450.36937199997914 81.56245145262801 402.36887829723867 233.5134939999989 335.24990500002133 254.71846854801697 383.24924662135334 English 0
32.47664597489347 468.92423132841327 92.99079500000516 464.0075330000024 100.22021462369594 552.9699389263392 39.70607576673501 557.8865538687576 English 0
107.2079279999889 530.8204589999712 80.22975827334449 457.0378022916524 260.4253299999982 391.1594379999963 287.4045877248136 464.9396577625897 English 0
275.61527099998784 458.88395399997415 255.93215224645974 386.338826275908 367.9086410000309 355.96040400001704 387.5925584675133 428.5042685577844 English 0
411.90694001925294 430.49930406502773 441.31067149035516 511.03120408049756 99.18170725126402 635.9090002689458 69.7848131761566 555.3828867407467 English 0
269.9585885779379 639.9999381357044 168.64674787706463 646.6563982990998 166.09356336586643 607.7941211907596 267.40356399997836 601.1377219999998 English 0
291.0396771007072 648.9319524813627 277.7941220544744 589.8430133685566 419.7791309999593 558.0229729999805 433.02603764706873 617.1099440640501 English 0