127 221 153 221 153 239 127 239 English 0
127.66858200004208 352.3513909999638 131.97887512549642 293.7494924421435 306.36511987839185 306.5738045612041 302.0561653531331 365.1744441340612 English 0
189 373 239 373 239 389 189 389 English 0
241 376 332 376 332 394 241 394 English 0
336 380 377 380 377 397 336 397 English 0
383 383 403 383 403 401 383 401 English 0
411 387 444 387 444 403 411 403 English 0
451 389 495 389 495 407 451 407 English 0
170 404 240 404 240 424 170 424 English 0
248 406 269 406 269 426 248 426 English 0
290 410 362 410 362 431 290 431 English 0
370 413 384 413 384 433 370 433 English 0
514.499346878365 421.87062336305536 513.3021830825601 440.9345303541789 388.8811224175879 433.1208641981327 390.0786379999772 414.05733499999195 English 0
306.4545973285567 295.4391028416943 310.15608699999575 255.75216500000062 497.50944716965023 273.2236626314169 493.80881054821657 312.90981119261795 Manipuri 0
470 250 492 250 492 266 470 266 English 0
549.4951928225782 326.7794941776334 544.3931229999725 386.8118320000151 303.9862325919239 366.37714263692135 309.0899899999931 306.34666799998087 English 0
302.48770153055375 264.760182734333 299.9913689999812 295.45250700003 181.79331907296728 285.83862040181776 184.28999000003387 255.146667999995 Manipuri 0