415.8326738901087 243.00159921023067 401.09162799592013 285.87721395383915 176.25520690868143 208.57618696468762 190.99671401912929 165.70130628040158 English 0
405.93265357507335 215.2675346441476 400.0513089684682 233.6003450097424 317.52227596116427 207.12479968808861 323.4036870000273 188.79211400000122 Manipuri 0
472.48361956437293 243.10443501041186 466.2525031028781 260.670621123097 393.36460734433786 234.81650103079275 399.59578000001784 217.25043600001288 Manipuri 0
230.49897549062734 279.61657850050454 234.41181700000016 252.84518700000774 330.1344998776767 266.8347278855033 326.2219523069507 293.6058546680222 English 0
324.74286700002267 294.83303499998095 325.2824333983881 269.89643534045615 342.2077767740848 270.262646017402 341.66825573774986 295.1992011210905 English 0
361.82943600091676 277.93737637609263 363.8861120000365 261.76027599997343 392.14473073319823 265.35272807732787 390.08810614766844 281.52978176485044 English 0
392.6837514088402 265.10029070550183 407.1562929452193 265.54562835336117 406.5526420000242 285.16193900000053 392.0801004984969 284.7166022438663 English 0
413.1384529999923 286.61482600002773 414.5404800737015 274.3733877143442 463.3764843206154 279.9662217845567 461.9745267203689 292.2075964640295 English 0
351.130731000012 278.11651000000023 372.99809502073913 277.6439972661296 373.41433613255504 296.9060092584507 351.5469721453701 297.37852101846664 English 0
449.8214284207643 291.3389890791671 445.3801856908103 310.5480058228108 372.0291515989811 293.5895113280052 376.47050300001865 274.38065100000085 English 0
510.0440765350504 305.9104040981578 504.9826365714398 323.9240299574111 439.733071283772 305.5912884771228 444.79459499998484 287.57780099999076 English 0
374.02463259313663 301.7362415604005 371.30641653486236 320.1747769143464 327.7035367653298 313.7471359812088 330.42182900004264 295.30869399998573 English 0
547.9352647342603 258.96130951750524 542.0821279999655 281.6426380000053 502.42836018100206 271.410023791433 508.28155600000173 248.72878700000524 English 0
568.1820690284076 260.17022498564666 566.6116760000295 285.4997309999974 537.4869053928705 283.6940564871667 539.0573679999943 258.3646250000196 English 0
416.13088285805134 303.67287783857523 415.00415700000303 319.6675399999777 371.02846817499085 316.5697929335596 372.1552689999953 300.5752120000251 English 0
411.2503899999865 322.2071609999721 413.5957078474894 302.7694757483089 442.1019356530451 306.2087303445146 439.75668952938577 325.6463502049645 English 0
433.5592793390242 324.9365715014665 436.0125259999768 303.51642299999054 462.9483373349649 306.6011488822844 460.49516546067025 328.02122893581236 English 0
37.98497199997655 313.17453999999344 39.959231610337156 287.8193067677353 116.17151792073855 293.75289763178637 114.19749234635674 319.10791138959314 English 0
26.46238871420792 258.18360848991557 29.97205899999244 229.28590100000935 112.35504873897298 239.29079179510754 108.84562248247676 268.1882776124082 Manipuri 0
509.0492772049038 268.7118344462949 501.4849911900819 294.92950669079767 401.46348967420636 266.07240391254254 409.02793599998404 239.85500400002377 English 0
39.963075490741176 330.2772697653164 39.16682099996251 347.37167200001954 9.893943703355035 346.0081753907384 10.690257999958703 328.9138360000194 English 0
115.42410467256559 330.7755782400021 112.60935236350633 353.4737034597417 37.709602317700046 344.1858690705246 40.52453800002695 321.4879590000287 English 0
87.67659802120761 403.6409426976003 51.22417493679677 403.74427907630775 51.149109000034514 377.21600599999994 87.60125084751053 377.1126700203439 English 0