34.28696100003435 355.53283500003374 22.93001861849916 323.23768637704313 107.9021430388093 293.3583972897405 119.25925306488352 325.6531958891799 English 0
116.63566100003663 328.4505650000295 106.02275203462341 297.5746343761114 211.9853351029451 261.1543083584093 222.59843059779087 292.029860951909 English 0
408.482516770091 213.1069716944387 415.4700129485718 232.8905908947094 262.4696331045561 286.9261300542792 255.48248882070766 267.14280955213144 English 0
339.40638835665595 257.52786002786763 346.48441986370017 278.59175539500984 276.8158879999828 302.00054699997634 269.7380457582767 280.93681227703394 English 0
348.72919100002036 275.4911190000088 341.9652401041094 254.41257257214824 398.3923649999633 236.3063239999744 405.15637934207916 257.3847510590333 English 0
424.6590780000406 218.1065690000085 412.39758000840084 193.36241347566192 469.9138096511888 164.86206791553394 482.17532852839213 189.6061108825321 English 0
474.9117010000191 192.8679309999681 464.39895228082605 168.33497563759232 515.3410950000398 146.5059200000084 525.853871578438 171.03878968731618 English 0
517.5211760000093 180.71943900001867 505.1303133876354 153.0957527378471 559.485915999976 128.7144389999855 571.8768057126726 156.33803148925278 English 0
607.580125163513 110.29731504445112 622.0338348958467 146.54639315535627 571.1890719999792 166.81946500002147 556.7354823435016 130.57048840421996 English 0
335.9359940000286 220.27933499999423 331.2615652108798 208.5095255683976 403.6311484466569 179.7683573295547 408.30560361275275 191.53809863592642 English 0
280.8996169999591 240.87583099999057 275.80331774253864 227.37155896486593 331.74069305096054 206.26237417009082 336.83702091293526 219.7665791258504 English 0
82.04648700004327 411.6862740000223 76.85782866145018 394.85629686733375 103.19572000000335 386.73730899997054 108.38441663159756 403.5672171711609 English 0
128.92823874753958 380.50162187145304 133.3781497345626 399.05413182479697 104.61948800002574 405.95113599999956 100.1696697047737 387.39870614043093 English 0
133.96774499997264 396.9829770000263 129.24038226090488 377.4071479466898 170.58099399997445 367.4248279999755 175.3084365370887 387.00053889201104 English 0
79.74397300000419 381.811997999998 74.39629893997335 360.36240838793947 126.12516400004097 347.46686900003397 131.47294066220638 368.9163035634307 English 0
131.95452699997986 363.82299399999886 126.62374673236627 342.4410140878976 179.12560500000836 329.35275899998646 184.45648376538884 350.7345890679526 English 0
429.2532499999652 257.3375479999774 420.5172738344845 227.82870395139182 533.4522090000246 194.39565299999066 542.1883550308848 223.90420450617177 English 0
534.4642469999962 221.23443200002328 526.1063167322573 195.54551178139835 597.1773450000182 172.4229919999978 605.5353493870643 198.11177218879868 English 0
61.06411799999478 437.6887730000225 55.8811327823787 417.15786015922566 104.45262399996864 404.897601999976 109.63571492553456 425.4283537605573 English 0
436.77733600001375 206.46756000000505 464.38270220853155 198.36338368541308 469.23021981478087 214.87502830446778 441.6248582114349 222.97919369936054 English 0
466.2337989999651 214.7616679999855 461.2878459588683 199.623726163628 501.4341369999602 186.50726399997416 506.3801150170184 201.64515812537107 English 0
502.19045099998766 201.5069549999687 496.7734137728985 188.36234332072894 544.6954093191744 168.61362070244522 550.1124633386644 181.7581857207675 English 0
544.4661990000168 187.2513949999765 538.6882982849784 172.60817974037693 572.9837793170009 159.07619499845734 578.7616937616258 173.71937572787274 English 0
575.3942310000275 178.0330239999992 569.4031031081249 158.77254170108336 613.8765509999939 144.93895400003038 619.8677087077522 164.19938247362484 English 0
159.70024652953725 390.74726167483556 165.43620321666822 409.5154849307267 130.36289299998316 420.2331490000113 124.62705796824594 401.4650294555404 English 0
97.87131500001124 403.78005299999955 128.84580753787304 396.1753816976571 135.48236584669212 423.2033206524872 104.50788494519657 430.8079593967867 English 0
186.05584383782116 383.3330336655981 189.79279854735069 414.0778700104227 160.49152810192027 417.63879918422356 156.75472199996875 386.89409799996713 English 0
253.52999999995518 374.8062879999792 250.22024905520084 355.94990556969583 316.7101150000235 344.2802490000025 320.01999861808144 363.1364605536657 English 0
363.72512393856596 329.27381532267356 368.8326282775961 348.5238500263107 324.1192520000186 360.3861609999665 319.0118804748636 341.13624036993207 English 0
279.7777900001529 299.3715020000052 341.90509628453583 279.11611385238484 347.9320751947671 297.60090710337874 285.80478919706366 317.8562515220595 English 0
342.1316540000407 300.2952480000031 335.3424831549637 280.85610985347034 383.837058782301 263.92017692868603 390.62628024461446 283.35921097614215 English 0
299.35530243739777 311.39014791921085 303.67875632182404 331.3787722501685 285.02384123086813 335.41338847071535 280.7004400000005 315.4248099999715 English 0
327.7713976265659 326.54743920769187 308.8448170000629 330.40650899999326 304.62307207526464 309.7025303911482 323.54956111674255 305.84347021580174 English 0
353.03418383533426 318.0081094744875 323.80824299994856 322.6367220000049 320.30417164241953 300.5124159901179 349.52996500178415 295.88381534285867 English 0
448.054534000039 273.799047000027 440.5982356630557 249.82881293998628 488.07219800000894 235.06198800003133 495.5285585909587 259.0321094733136 English 0
541.2394056897028 218.00114163347882 550.0741785979335 242.29788812243658 496.36008300003596 261.828347999996 487.52545598661527 237.5317251363944 English 0
621.051515304207 190.2403964044754 629.9155714770313 219.03946867527455 550.1504120000027 243.5891320000029 541.2865822570893 214.79025207737885 English 0
49.71740499997395 366.0484460000048 45.47124590499152 347.4796378923851 94.39638800002285 336.292771000007 98.64263185474556 354.8614576241511 English 0
104.34204999997746 353.07690099998104 97.05455543444259 332.2777976075341 151.46869900003367 313.21388900003365 158.75626459164778 334.0128439812728 English 0
501.2010431926319 139.02553326875184 507.6070266005263 159.0780209820522 429.34672931754903 184.0784060175525 422.94086199093726 164.0260169968755 Manipuri 0
507.65351800000644 154.2032900000318 501.02365188562544 132.13894005689332 551.1644569999771 117.07287500001297 557.7943562746077 139.13716599466932 Manipuri 0
606.0339210450184 95.42273058503257 612.7515369660978 111.12276663927148 558.7404579999566 134.23232299997838 552.0228882521769 118.53232601900741 Manipuri 0
90.30280500002846 300.2223960000148 85.97354329322116 278.32297668679456 143.33682199998293 266.98348900001344 147.6661846213392 288.8827732142588 Manipuri 0
429.0299955037335 307.05088263322205 433.3089442425262 319.75477415579905 383.60223733310704 336.49560274633393 379.32338237071235 323.7917908553873 English 0
288.15174499999557 353.12330099999895 282.40232443335117 336.0529140034785 332.95316199997615 319.02838399996995 338.70263994198467 336.0986573827913 English 0
350.16381499997806 315.2225210000164 345.1931493736629 296.78911429298586 385.98717699998815 285.78947600003215 390.9578971877636 304.2227957630196 English 0
367.6746940582234 328.6485022741017 335.72440248906787 338.41722015749724 330.6849783936923 321.9359906239263 362.6351459999569 312.16729300000753 English 0
203.03574826495606 346.4886382538669 186.41231000001426 349.7979139999968 181.74885210755747 326.3737758727085 198.37219399996684 323.0645100000031 English 0
484.28855697209656 313.4183413342568 489.27222400088795 330.60209455324116 448.2424834933772 342.5005129844841 443.2589210000151 325.31684900001375 English 0
527.5210761764174 300.09118788396825 532.1536473070591 325.2756881555566 489.8286889999872 333.06040199999677 485.19626233144663 307.87602882157796 English 0
557.8261005647801 292.0515525339183 562.4431084362004 316.27996995571266 528.8604137139191 322.6789578679046 524.2435129999649 298.4506339999898 English 0
560.8296720000362 311.0153230000337 554.2147224584187 286.19438243893705 624.1365171040525 267.5607526342212 630.7515885689645 292.38149913613677 English 0
294.0590909828461 359.7472723204098 297.39681261751684 380.81799265697356 269.87912951495673 385.1764060216743 266.5414990000136 364.10576700001786 English 0
416.79838544550876 328.390473772846 420.3186209999694 344.0697149999884 387.0824868978525 351.53099681674064 383.5623289999785 335.8518230000318 English 0
344.70074800003204 362.52618700002523 342.969055701833 341.38412309269916 385.33357339496433 337.91441720630195 387.0653720411792 359.0563636234267 English 0
348.4054903382639 370.5791035598864 301.54008125195105 381.0324320461553 295.9557230571954 355.99782543253525 342.820819999979 345.5445329999991 English 0
372.96083230183285 183.09587689714414 378.43280178560235 196.9452499709243 308.2899439999892 224.65803900002086 302.818067670014 210.80874474116314 Manipuri 0