272.7122870000312 338.88436600003195 270.353800446901 294.0157992960902 498.31669626066287 282.0315971632645 500.67630212673976 326.89896478904325 English 0
61.89032179005153 144.11723880302912 87.44671899999958 145.4565629999994 85.04625093439245 191.260337357329 59.489853999984916 189.92101699999924 English 0
99.15151273846277 138.61441317639094 117.2754200000054 141.67916600000595 110.11749729957955 184.0079059108581 91.9935919999989 180.94316099999594 English 0
110.80884700000752 173.38418199997207 110.48153383104363 137.4820974757613 169.57761199999368 136.9432950000149 169.90504655324912 172.84525746644974 English 0
166.76927399996202 175.24881400001888 166.13256204036588 128.31584839358328 248.56978099996923 127.197401999967 249.20670839470404 174.13014993831246 English 0
90.01010699998005 142.3865129999938 90.13195211577113 123.35410050544871 117.42580899997847 123.5288289999943 117.30398980020254 142.56121559951032 Manipuri 0
174.29325938705006 116.53978678288722 176.51527220739808 132.75276983187217 120.91325316636357 140.37291789252495 118.69128852893482 124.15997828883805 Manipuri 0
172.4468760000309 131.3969699999741 171.65758502967947 114.48482630840978 224.18094900000142 112.03354099999044 224.97027824792895 128.94564437786283 Manipuri 0
57.49703599998611 205.8385349999698 55.43876408781216 191.03311694344413 103.2624353585561 184.38472518717688 105.3207504722377 199.19009140948614 English 0
115.6067828326195 204.23101547977848 100.38875300000655 202.38969900000228 102.56913053432072 184.37010692400082 117.7871210000012 186.2114210000004 English 0
145.84537003283913 180.56094687636715 147.4912172860786 198.3073557145116 118.05493007246696 201.03722666860864 116.4091229999758 183.29085499997598 English 0
144.1736690000107 181.897585 158.58446968464705 181.75292629301288 158.75611847513937 198.85201047011014 144.3453177937772 198.99666900207035 English 0
178.43493814107205 180.13267707570364 178.8987315135455 196.29148770452997 158.33723000003374 196.88160599998145 157.8734605547652 180.7228186775613 English 0
178.7182380000013 195.10138199997724 177.07716265205818 175.51455714516604 243.03303000000597 169.98849599999295 244.6741851036495 189.5752329273853 English 0
100.58622308890335 208.8087805604992 101.95379878663516 226.44565745361948 78.20995200003381 228.286663999999 76.84241272138024 210.64982111543048 English 0
114.71258858124202 224.50298992136447 99.80467490517185 223.72172570088767 100.73511673319445 205.9683118944309 115.64298800003598 206.74957500000133 English 0
113.79658799996832 221.60663600002056 113.22769912811054 203.9012775098907 148.41863399997237 202.77057700002246 148.9875704797305 220.47588608339396 English 0
156.7255219999788 217.44766300002345 156.10742006880173 201.93074131391995 212.11213299997326 199.69982900000005 212.73029955948004 215.21668322570218 English 0
125.53276027691027 242.16013832036316 96.78177228248387 240.65342269115163 97.7866733494011 221.47973588077465 126.53756600004272 222.98644900000136 English 0
124.96897898170573 217.88572870539414 157.8275880000001 216.7933329999997 158.57488900379394 239.27085038841147 125.71628010184213 240.3632440033477 English 0
154.2350460000307 234.40723100000497 154.31639805559826 217.33461861327294 184.48604299999715 217.47835600003182 184.40473443755764 234.5509251419682 English 0
89.3073110000114 322.15164799998615 88.30337348357716 289.5686391327942 142.35535799998615 287.90325400001126 143.359489051727 320.48606281432177 English 0
143.3799480000016 319.28877899997764 141.79319635564752 288.3173915569626 228.52234800004226 283.8740310000216 230.10938472601993 314.84511696016904 English 0
132.81727464789583 327.2800198360434 132.99809365489637 359.12917834656844 92.6962910000293 359.3577819999956 92.51563676414662 327.5087874604202 Manipuri 0
216.66844324514386 326.6893789611003 218.11464259939385 351.80132425134724 141.44467999998596 356.21587999997615 139.99873841290537 331.1041799263048 Manipuri 0
0 352.99168200000474 -0.11631592220510356 328.4172066668688 42.00732899997092 328.2178059999718 42.12377541982278 352.79214979103466 English 0
117.50908728819923 242.45139683634454 118.97281582685537 254.5471048306611 60.983233000006294 261.5640249999887 59.51957718250924 249.46838302361076 English 0
142.56929464900168 255.3032116035963 115.13030300004175 257.28088299999945 114.02856910768605 241.9951327209372 141.4674832484161 240.01746412947372 English 0
140.701126715212 237.97046999575971 169.12185411834798 238.3936650986447 168.90994539098756 252.62429955390073 140.48921800000244 252.20110499999961 English 0
168.1380899999931 254.36220700000592 167.4596583276434 236.6704147803577 192.6068479999958 235.70612499997267 193.2853186277498 253.39787651712402 English 0