346.4565169566049 147.78383597687207 432.97044797596755 149.7015201117075 432.42560692880943 174.2808973156034 345.91167600003246 172.3632160000002 English 0
405.07971500002895 147.55899600001652 405.33289396524196 113.40766032944968 446.57464700001583 113.71339199996697 446.3215370127 147.8646593456495 English 0
113.10296567629848 300.8280024004704 111.2436127057299 322.0801944309022 75.3925850000087 318.9437069999807 77.25201731198467 297.69160345595145 English 0
111.85439100023359 324.2751829999859 114.12498568635783 302.012996109567 262.12270166659437 317.1055649344998 259.85253615166584 339.3673569085013 English 0
74.2099369999778 369.16507199996636 77.61113697000837 349.2542736693841 129.0239083772758 358.03574439148434 125.62286683081766 377.9464022667134 English 0
174.97408467155765 368.3811302933014 172.15069382516958 382.7052661514912 122.96568441153795 373.01132992941484 125.78914899997471 358.68729300002343 English 0
172.34872900000482 385.24629300001317 174.8119264451816 369.36520995132014 190.65271707200736 371.8219007575482 188.18955975009885 387.70294795354437 English 0
192.38397937333502 388.04557797791506 194.56650400003127 371.12897900001684 246.7509580598562 377.86080296953673 244.56857353667147 394.7772748997523 English 0
142.03569648358098 327.9859431912314 140.47022995328007 342.8642752947693 78.68526799997198 336.3636369999772 80.2508347571711 321.4854189379796 English 0
147.68450628660503 341.2461646121613 150.65373500001442 322.3159810000204 213.62589326963644 332.1922830581482 210.65683405802702 351.12231518156756 English 0
207.37717600000906 351.9056849999721 207.9738136321248 336.17887309255593 251.18090549382032 337.8178224292628 250.58435821469175 353.54454724295977 English 0
153.81417496319045 285.1163118156812 152.047824169058 305.3060797217915 110.61984270447283 301.68174647139506 112.38627600003383 281.49206999999734 Manipuri 0
147.36062500000116 303.8252700000045 149.53816216089763 284.7112178308523 230.61433866081643 293.9468178604513 228.43699126708088 313.0606965997888 Manipuri 0
80.1845850762038 401.8100239617754 57.988656525849365 398.66508213477175 60.086925868090475 383.8582770301472 82.28275900000881 387.003212000002 English 0
93.44941346818814 406.18276978965355 77.7406243247242 403.48041131242746 81.00744243245572 384.4928771085555 96.71614499995485 387.19522799999595 English 0
89.84102351081674 399.8960345904959 94.86755500001891 381.679791999972 120.87609198220889 388.85567826310995 115.84964463814686 407.0718486723211 English 0
159.75904698731028 400.29567253730477 155.6441520000226 420.19002999996997 110.02568901232735 410.7553775627953 114.14068600002793 390.8611599999693 English 0
177.9515308237751 422.1416860191531 149.08931736950763 413.4482671371853 154.74625812115846 394.6698429650556 183.60831099991628 403.36323599999275 English 0
194.66912792420771 405.40163772473886 193.36747900000773 420.2781699999926 179.82374792110932 419.0932593304 181.12542478040268 404.21675808264513 English 0
226.80854524325696 425.3453706818435 201.47951578779612 421.4315919043759 203.329872133545 409.45840658384316 228.65880800003652 413.3721779999986 English 0
246.3186182037316 416.43110804075803 243.9151739999943 428.62657100002536 226.83990301651647 425.26183576128335 229.24337199998263 413.06640599998326 English 0
244.7118639999826 428.69627300003503 247.20696698022948 416.662383361549 256.1431319269468 418.51496270331995 253.6480487483641 430.54883503655054 English 0
378.1618267829617 194.10116166505108 348.6098733333347 194.4030987948324 348.44200761566753 177.97037878756058 377.9938939999556 177.66844200000014 English 0
382.22055599995656 190.53020700003043 382.9952636260714 178.45695322871887 413.5969910889253 180.42051359262518 412.8223104821518 192.49374182480568 English 0