216.96912682593393 435.0582968526073 220.53785622912983 447.7752316880865 174.21767260217166 460.77179850418497 170.64906213097856 448.0549654642647 Manipuri 0
286.0212606524874 415.25561942816415 290.88404020330927 431.13043759929263 217.81201661273371 453.5102117691196 212.94946653142688 437.6355890084209 Manipuri 0
314.22597688921087 292.07300481179595 320.5258763771417 308.05064422429336 269.6129530000326 328.1237060000106 263.3131724203122 312.14616733089673 Manipuri 0
461.8052689999604 379.4644009999754 449.4363162621448 333.23125868265504 542.2190810000029 308.4105940000215 554.5883919907646 354.6431676396042 English 0
451.7531710000185 395.47583599999626 448.9524720925692 384.41178801657344 506.6752041235304 369.80154004396246 509.4759643895668 380.8654943950609 English 0
510.2449969999725 381.3289560000103 507.15583183438866 367.2553765300674 551.5521979999903 357.51122399998485 554.6414256050048 371.5847156279486 English 0
555.9802079999645 372.3485259999793 552.0600611638656 357.7108680556968 568.5802749999857 353.28697999998906 572.5004430818808 367.92460415468605 English 0
588.6386250000214 325.7901839999802 584.2126547142107 308.22880665615094 639.0601420000166 294.4065130000012 643.48618805976 311.9677772052114 English 0
268.0138869555958 374.7911579844453 273.10910381791473 390.55315444745275 201.38428728670988 413.73574734314536 196.28927499819838 397.9739248116854 English 0
259.3815795725095 399.3482726148906 264.65888857761456 416.57862038550934 202.09143414678692 435.73888691616673 196.81433022909914 418.50871385416275 English 0
159.79281821433688 429.639558407238 166.42596875746676 454.2745470518153 107.84918629498861 470.043967694627 101.21632684640645 445.40922883659306 English 0
100.97152800000913 483.94517499996766 98.65727863398206 475.58139609744114 128.2652794229216 467.3902159240305 130.57955666750786 475.75394939748173 English 0
151.33934297424275 460.3976936936019 153.71759991408908 469.72513111213436 128.98055493576976 476.03133438714843 126.60234611408669 466.70393839480505 English 0
261.8047041992395 317.67946529143495 266.074622745582 332.72148914420666 241.73689299997932 339.6295229999802 237.467028752435 324.5875455961505 English 0
238.8722104937915 325.96252843027605 243.47254509288177 339.217110000061 205.12638300002436 352.5248389999997 200.52612833605963 339.27032527652386 English 0
328.44581723627925 316.2302313370206 332.87951839345624 327.56771387628044 271.1163119963021 351.718920044935 266.68272099341266 340.3815308447423 English 0
332.5019969999994 328.66118999998525 327.9806685751828 317.0651975452069 388.0061050700897 293.66255502661 392.5274681566225 305.2584611299263 English 0
258.94380753758014 263.7901125432033 271.1064054689632 290.184963342649 176.8638557948725 333.60790936976366 164.7016153408913 307.2133623582823 English 0
123.59704599999532 350.16425800002264 114.29273456356896 324.8617147642465 173.013901000013 303.27023800000904 182.31829791249766 328.57258896896775 English 0
162.97453699997277 367.4855389999919 158.53803459453047 352.75036335482804 195.3976479999983 341.6535709999976 199.83419300398964 356.3886717674529 English 0
156.8848342221463 470.7805627374825 149.1300699999556 470.124344999997 150.04412468384544 459.3245714919326 157.79885999996623 459.98078799999774 English 0