53 195 141 195 141 225 53 225 English 0
15 231 116 231 116 261 15 261 English 0
80 183 130 183 130 204 80 204 Manipuri 0
248 244 402 244 402 305 248 305 English 0
285 225 301 225 301 247 285 247 English 0
303 229 315 229 315 249 303 249 English 0
317 233 377 233 377 260 317 260 English 0
303 211 331 211 331 227 303 227 Manipuri 0
329 215 364 215 364 233 329 233 Manipuri 0
236 134 317 134 317 175 236 175 English 0
313 149 390 149 390 187 313 187 English 0
392 164 403 164 403 193 392 193 English 0
236 168 265 168 265 182 236 182 English 0
266 172 299 172 299 189 266 189 English 0
299 180 322 180 322 194 299 194 English 0
326 184 355 184 355 198 326 198 English 0
354 188 373 188 373 201 354 201 English 0
259 368 316 368 316 404 259 404 English 0
316 373 401 373 401 413 316 413 English 0
279 399 307 399 307 415 279 415 English 0
307 403 328 403 328 417 307 417 English 0
328 406 354 406 354 422 328 422 English 0
355 410 371 410 371 422 355 422 English 0
289 413 317 413 317 426 289 426 English 0
316 416 328 416 328 427 316 427 English 0
320 140 352 140 352 152 320 152 Manipuri 0
298 136 319 136 319 145 298 145 Manipuri 0
326 441 341 441 341 451 326 451 English 0
291 425 312 425 312 437 291 437 English 0
265 354 284 354 284 368 265 368 Manipuri 0
286 357 306 357 306 371 286 371 Manipuri 0
309 359 334 359 334 375 309 375 Manipuri 0
336 361 369 361 369 380 336 380 Manipuri 0