188 187 223 187 223 214 188 214 Manipuri 0
227 201 258 201 258 225 227 225 Manipuri 0
258.566565000001 230.24758900001146 264.03446034077206 212.04817594741795 374.4897265922191 245.23201000858631 369.0220489141211 263.4312371229607 Manipuri 0
171.4072466201469 206.19758658290215 209.5274189664633 218.45635027002692 194.8314039863908 264.1536002255198 156.71125500004564 251.8948880000087 English 0
204.58031353438855 266.20360852242794 217.99361999997927 222.86096899999944 389.6655439058668 275.9849093682286 376.2531602627132 319.3267612148701 English 0
219.22332201502286 291.88642470135625 223.18348900000274 276.5103610000126 258.75508294157044 285.67138043152164 254.7949865393457 301.04738327058675 English 0
259.94446283279103 290.01671134745953 292.64997057682194 300.4762866773132 289.2387888168014 311.1418092401423 256.53328700049315 300.68224700000474 English 0
237.09922700007155 314.25282900000707 240.7996767705481 300.1095846049459 274.9155972513108 309.0350322379378 271.2152146943117 323.1782188307994 English 0
273.9981855904625 321.43697464518704 277.31959099997766 310.6979609999849 302.3920931280736 318.4518846568687 299.0707270611165 329.19086476851163 English 0
320.7709690830234 319.5009838301572 291.82396992546273 311.77476602349464 294.7758232847991 300.7163113816063 323.7227499999426 308.4425189999952 English 0
442.22525966331887 222.82903989287942 453.28941300002043 183.60847499998098 510.29761225290713 199.690013955978 499.23367253577453 238.91039553031422 English 0
355.8363616358838 230.36486150266376 368.1598230000236 193.49739399999393 502.4402531733358 238.38036101448063 490.117329973873 275.24736934216224 English 0
485.5543995019252 274.7079023045105 495.0714819999848 242.73333700001857 581.1263319455611 268.3456340366247 571.6095894209866 300.31990871164004 English 0
442 331 460 331 460 342 442 342 English 0
461 337 472 337 472 344 461 344 English 0
473 340 502 340 502 351 473 351 English 0
455 346 468 346 468 353 455 353 English 0
469 349 477 349 477 355 469 355 English 0
477 351 481 351 481 355 477 355 English 0
480 352 489 352 489 358 480 358 English 0
483 328 492 328 492 334 483 334 English 0
462 306 501 306 501 329 462 329 English 0
429 374 440 374 440 379 429 379 English 0
440 377 446 377 446 380 440 380 English 0
446 379 452 379 452 382 446 382 English 0
452 380 461 380 461 384 452 384 English 0
463 383 470 383 470 386 463 386 English 0
471 384 481 384 481 388 471 388 English 0
481 387 492 387 492 392 481 392 English 0
493 389 501 389 501 393 493 393 English 0
502 392 511 392 511 396 502 396 English 0
454 392 460 392 460 399 454 399 English 0
460 393 488 393 488 404 460 404 English 0
426 392 432 392 432 396 426 396 English 0
432 394 438 394 438 397 432 397 English 0
439 395 445 395 445 399 439 399 English 0
444 396 449 396 449 400 444 400 English 0
449 397 453 397 453 401 449 401 English 0
452 398 458 398 458 402 452 402 English 0
459 399 463 399 463 403 459 403 English 0
464 401 470 401 470 404 464 404 English 0
470 402 475 402 475 406 470 406 English 0
474 403 482 403 482 408 474 408 English 0
430 287 443 287 443 297 430 297 Manipuri 0
526 214 536 214 536 227 526 227 Manipuri 0
535.3361859293364 228.77599037798606 539.0508930000215 217.38453900002182 567.0703527305159 226.52121385323017 563.3556791338924 237.9126367215075 Manipuri 0