159 368 228 368 228 404 159 404 English 0
231 368 262 368 262 402 231 402 English 0
268 368 305 368 305 401 268 401 English 0
309 367 406 367 406 405 309 405 English 0
181 412 206 412 206 423 181 423 English 0
212 415 227 415 227 423 212 423 English 0
229 413 241 413 241 425 229 425 English 0
244 416 254 416 254 424 244 424 English 0
256 413 262 413 262 422 256 422 English 0
278 414 299 414 299 423 278 423 English 0
304 411 344 411 344 424 304 424 English 0
350 412 369 412 369 423 350 423 English 0
371 414 384 414 384 423 371 423 English 0
157 431 187 431 187 448 157 448 English 0
189 431 220 431 220 446 189 446 English 0
226 433 254 433 254 448 226 448 English 0
257 433 284 433 284 446 257 446 English 0
287 433 313 433 313 446 287 446 English 0
318 432 358 432 358 449 318 449 English 0
361 431 382 431 382 447 361 447 English 0
386 433 407 433 407 447 386 447 English 0
208 449 244 449 244 466 208 466 English 0
244 449 268 449 268 464 244 464 English 0
315 450 353 450 353 466 315 466 English 0
216 339 242 339 242 356 216 356 Manipuri 0
246 338 267 338 267 356 246 356 Manipuri 0
273 342 290 342 290 361 273 361 Manipuri 0
298 340 349 340 349 357 298 357 Manipuri 0