274.5381120000093 342.93390100002 268.27772973018 298.44168039862444 494.3288683692663 266.6345290311632 500.5902082985267 311.12558190584286 English 0
47.54332085060014 167.28221006781575 73.11919200001284 166.38910699999911 74.71991036829422 212.22786195598025 49.14403938608302 213.1209621261977 English 0
84.1831229111267 158.55283015805952 102.50516400003107 160.02634200000148 99.06366358023661 202.817889581416 80.74162299999443 201.3443820000008 English 0
98.82647200000065 192.17430999998808 95.37127100535145 156.43736980311797 154.195572000026 150.75005600001577 157.65089291635377 186.48686198273768 English 0
154.7364660000312 189.15457399998442 150.01162801389 142.45569888407627 232.03774100002192 134.15662800001996 236.76278446175274 180.85527192381792 English 0
75.40525199998228 163.10732600001717 73.86782384768594 144.13671745306127 101.07307400001446 141.93196499998726 102.6105289014231 160.90254396940065 Manipuri 0
157.11498929165828 130.0131822797732 160.74163351891912 145.97081258753428 106.01530887193803 158.40800898210253 102.38871994588408 142.45042667229728 Manipuri 0
156.57052399998065 144.9747640000325 154.31022772041615 128.1957616793225 206.42009800001688 121.17609599999767 208.6804309173749 137.95505460571937 Manipuri 0
48.54611199996725 229.15159499997282 45.20524377556285 214.58191550055335 92.26753517046745 203.7907141289367 95.60844274499686 218.36033704386122 English 0
106.29463096505788 222.485628890303 90.97402699997474 221.97762299999997 91.57559996499913 203.8365358373528 106.89616000003298 204.34454100000065 English 0
134.3551667261636 196.27012644653757 137.54150899723754 213.8055540915388 108.4551569289033 219.09057565933946 105.2688599999965 201.55518799998634 English 0
132.80632299996796 197.74738100000295 147.14968158288684 196.34732965941936 148.8109581945173 213.36638869546505 134.46759988422855 214.76643820651745 English 0
166.7833953974332 193.00312107278674 168.65380165327224 209.0600181250163 148.2219299999997 211.43994700002077 146.35155096257222 195.38307478560796 English 0
168.37022600004275 207.89017600003558 165.02824272603903 188.5209188661367 230.25154800001474 177.26744899999085 233.59360327842296 196.636614423004 English 0
91.73020519941929 228.35506403588948 94.62980610427621 245.805628630268 71.13669200000004 249.7090520000108 68.23713260193472 232.25852422026801 English 0
107.17066055280156 242.75836124739004 92.25137778405042 243.27933367618255 91.63096644144389 225.5123856204884 106.55020300000615 224.99141399999922 English 0
106.00570800001151 239.95286400000325 103.89580003640731 222.36446651983937 138.85433499999635 218.17097199998966 140.96428831428057 235.7593165197808 English 0
148.40880499999912 232.06821399997892 146.440617840708 216.66421177562142 202.0378279999568 209.56065500002893 204.00607529889385 224.96458633250498 English 0
119.48858279247361 259.40527922636716 90.71567199833225 260.4100064872869 90.04565331633785 241.22170245485196 118.81846100004623 240.21697699999947 English 0
116.81127101328457 235.27224057477014 149.44964899994375 231.32032200000427 152.15314648092317 253.64719351289176 119.51476999260194 257.5991039974128 English 0
147.40593100003025 249.18030499998628 145.99893588761915 232.1655747124526 176.06636500000604 229.6793020000336 177.47340158879524 246.6939866241408 English 0
90.3726949999691 342.2496530000171 86.53255882010853 309.878163200252 140.23393399998895 303.50814300001707 144.07425114055513 335.8794224481133 English 0
143.9900530000159 334.6849370000149 139.70980640107882 303.96973431001595 225.72186299999885 291.98430399999677 230.00236825551838 322.6991960888651 English 0
134.1640564075351 343.56636064425624 137.12029278372938 375.27856249399264 96.99150699998427 379.0188369999877 94.03545610635774 347.3068069360387 Manipuri 0
217.64466689841356 335.66985338584584 221.2742205003451 360.5601954219345 145.28055900002073 371.64018900002867 141.6512855723704 346.7500986323207 Manipuri 0
2.63084300000628 380.8908949999817 0.3729605166881811 356.4200695228902 43.78140399996482 352.41519200000033 46.03941662222496 376.88587163328873 English 0
111.52081693144282 260.3947200175652 114.03325668346952 272.3168252697355 56.87583899998572 284.36119099998615 54.36347998940619 272.4391561112296 English 0
137.60579987094388 271.0136388431314 110.443563000008 275.3751190000035 108.0137777767959 260.2435415310754 135.17593394048163 255.88206798020352 English 0
134.23406900001282 253.9095439999993 162.5835420207295 251.8542242893075 163.612718308068 266.0491782171696 135.2632455949788 268.10449510186294 English 0
162.99526000002516 267.8476169999823 160.77738958847476 250.2822888102432 185.7449220000126 247.12993299997822 187.96282840936328 264.69521872919637 English 0