153.37679830059642 377.4073015247393 109.41173951156088 379.8340342167701 105.25493500004814 304.5240419999988 149.21915633764002 302.09733244290936 English 0
163.60444488658686 300.48986199284496 192.25251600473712 300.5868503508224 191.98935499996878 378.3120909999999 163.34128387992678 378.21510359382836 English 0
191.78360483849247 373.87671382647505 188.77490599996236 303.6414380000036 336.55308783694636 297.31079698071403 339.5630249255919 367.544773944756 English 0
340.3911074556527 367.8365219573385 338.6179319999792 304.0945929999906 488.0567291202897 299.93705378648417 489.8310541545652 363.67779577109167 English 0
597.6096275913733 298.5123412330631 598.2694749999791 361.3266999999859 487.7231144419784 362.4866703792079 487.0641289999912 299.67316299999874 English 0
110.63096181831497 274.78647889037194 110.93965664833377 296.645178270273 55.8809779999865 297.42246400000573 55.57241295959102 275.5638928618904 Manipuri 0
165.05378699665016 272.8803544189077 165.553343250358 297.8875299557001 112.69392203255848 298.94319020331073 112.19450900003721 273.9361549999899 Manipuri 0
168.57469300004595 269.7173549999999 273.6250093273702 268.4035584343869 273.990652899156 297.638498504142 168.94033665543247 298.95229101681514 Manipuri 0
378.99192705088353 271.2941793684903 378.5928154040448 296.9291740480659 274.7104763796233 295.31120787322754 275.1098639999691 269.67649299997174 Manipuri 0
376.9121040000027 296.4613229999702 376.4046443828556 269.70644370806514 444.56839400001627 268.4135139999956 445.0760414891556 295.16820135556475 Manipuri 0
202.88558965425182 390.24843709825313 203.44781200001307 405.8627039999641 147.20142951038724 407.88742450686107 146.63934200005315 392.27328800001953 English 0
205.13575171607954 409.27505800567866 204.33277099997213 391.50873200003366 255.1909489773243 389.210253375272 255.99405751134327 406.9764450148157 English 0
304.48383701601415 388.5628374221959 304.6984309999971 406.99800600001925 256.25244730232225 407.5616295245619 256.0379870000179 389.12659300003463 English 0
357.7558408748155 402.6768383123174 303.43375826581905 405.56918059625286 302.41817337140674 386.4950126742903 356.7399535392906 383.60267843645477 English 0
357.5278779999644 405.23133899996526 356.3921796406066 382.39992215349116 432.05986969049263 378.6361429268055 433.1958069206303 401.4673070629879 English 0
431.4374476523517 399.9763470338206 431.6571180000028 382.3278389999711 476.68448853211885 382.8881405593769 476.4649352766719 400.5365329131738 English 0
520.0280018024205 379.6257410105241 521.9472590000078 406.55070999999504 475.9210494854051 409.83089527224075 474.00198600000294 382.9061079999898 English 0