238 132 333 132 333 167 238 167 Manipuri 0
338 120 413 120 413 157 338 157 Manipuri 0
417.6198304996069 119.8846478947334 519.5710490000056 106.06830199999771 523.2888166881457 133.50154643531994 421.33760198070377 147.3178742685641 Manipuri 0
81 179 260 179 260 222 81 222 English 0
271 169 348 169 348 204 271 204 English 0
355 161 411 161 411 191 355 191 English 0
170 215 271 215 271 244 170 244 English 0
274 210 330 210 330 232 274 232 English 0
333 198 414 198 414 225 333 225 English 0
417 189 484 189 484 214 417 214 English 0
487 184 524 184 524 204 487 204 English 0
527 171 612 171 612 201 527 201 English 0
533 203 594 203 594 225 533 225 English 0
509 212 531 212 531 225 509 225 English 0
493 212 507 212 507 229 493 229 English 0
466 217 490 217 490 234 466 234 English 0
450 217 465 217 465 235 450 235 English 0
374 222 448 222 448 244 374 244 English 0
347 230 372 230 372 248 347 248 English 0
296 235 342 235 342 256 296 256 English 0
271 243 294 243 294 257 271 257 English 0
254 243 268 243 268 260 254 260 English 0
190 244 252 244 252 266 190 266 English 0
124 276 180 276 180 301 124 301 English 0
185 269 241 269 241 292 185 292 English 0
244 266 272 266 272 286 244 286 English 0
277 253 377 253 377 278 277 278 English 0
266 287 319 287 319 311 266 311 English 0
321 281 375 281 375 305 321 305 English 0
379 272 424 272 424 294 379 294 English 0
380 248 423 248 423 268 380 268 English 0
424 241 461 241 461 261 424 261 English 0
466 239 492 239 492 256 466 256 English 0
496 230 538 230 538 251 496 251 English 0
541 224 590 224 590 246 541 246 English 0
594 219 633 219 633 241 594 241 English 0
178 332 205 332 205 360 178 360 English 0
207 325 250 325 250 352 207 352 English 0
251 321 269 321 269 344 251 344 English 0
199 366 214 366 214 385 199 385 English 0
216 366 238 366 238 384 216 384 English 0
239 361 268 361 268 380 239 380 English 0
11 395 34 395 34 417 11 417 English 0
33 395 42 395 42 411 33 411 English 0
43 391 65 391 65 413 43 413 English 0
87 388 110 388 110 407 87 407 English 0
81 420 115 420 115 443 81 443 English 0
51 451 90 451 90 473 51 473 English 0
14 428 47 428 47 449 14 449 English 0
16 454 52 454 52 479 16 479 English 0
61 421 81 421 81 444 61 444 English 0
202 392 223 392 223 413 202 413 English 0
206 416 238 416 238 437 206 437 English 0
208 443 247 443 247 462 208 462 English 0
230 467 262 467 262 487 230 487 English 0
264 460 312 460 312 481 264 481 English 0
312 452 352 452 352 473 312 473 English 0
372 419 408 419 408 440 372 440 English 0
408 415 435 415 435 435 408 435 English 0
436 411 462 411 462 429 436 429 English 0
400 391 421 391 421 412 400 412 English 0
357 397 381 397 381 414 357 414 English 0
361 423 373 423 373 444 361 444 English 0
322 432 340 432 340 448 322 448 English 0
307 431 321 431 321 449 307 449 English 0
267 435 297 435 297 454 267 454 English 0
248 439 267 439 267 457 248 457 English 0
239 414 266 414 266 432 239 432 English 0
267 411 276 411 276 429 267 429 English 0
278 409 297 409 297 428 278 428 English 0
298 405 323 405 323 425 298 425 English 0
324 400 355 400 355 420 324 420 English 0
223 388 264 388 264 409 223 409 English 0
275 381 303 381 303 403 275 403 English 0
267 359 290 359 290 376 267 376 English 0
290 355 299 355 299 374 290 374 English 0
300 355 315 355 315 371 300 371 English 0
316 349 349 349 349 369 316 369 English 0
351 346 374 346 374 364 351 364 English 0
375 340 394 340 394 365 375 365 English 0
395 341 421 341 421 359 395 359 English 0
456 331 483 331 483 350 456 350 English 0
445 335 454 335 454 353 445 353 English 0
422 338 443 338 443 355 422 355 English 0
455 358 485 358 485 381 455 381 English 0
485 355 494 355 494 373 485 373 English 0
494 353 507 353 507 371 494 371 English 0
508 349 546 349 546 367 508 367 English 0
382 368 412 368 412 386 382 386 English 0
343 373 381 373 381 392 343 392 English 0
328 377 343 377 343 393 328 393 English 0
314 380 329 380 329 396 314 396 English 0
303 381 312 381 312 398 303 398 English 0