165 201 257 201 257 239 165 239 English 0
262 212 450 212 450 260 262 260 English 0
239 127 279 127 279 149 239 149 Manipuri 0
286 130 330 130 330 150 286 150 Manipuri 0
334 135 370 135 370 154 334 154 Manipuri 0
373 140 439 140 439 160 373 160 Manipuri 0
168 111 387 111 387 213 168 213 English 0
160 250 174 250 174 262 160 262 English 0
177 252 199 252 199 264 177 264 English 0
202 253 207 253 207 263 202 263 English 0
209 254 241 254 241 267 209 267 English 0
243 257 268 257 268 269 243 269 English 0
269 258 293 258 293 270 269 270 English 0
297 259 334 259 334 272 297 272 English 0
335 261 358 261 358 274 335 274 English 0
361 264 382 264 382 277 361 277 English 0
384 264 410 264 410 280 384 280 English 0
418 266 437 266 437 280 418 280 English 0
440 271 449 271 449 278 440 278 English 0
16 318 70 318 70 341 16 341 English 0
74 320 99 320 99 342 74 342 English 0