186 190 220 190 220 216 186 216 Manipuri 0
225 203 256 203 256 226 225 226 Manipuri 0
257.00952599996526 231.33342000001915 262.158956708372 213.04134916783678 373.17653286816494 244.2924225677097 368.02732026480953 262.58430645336983 Manipuri 0
169.44375511840917 208.80822149486502 207.7720590496756 220.3998426088327 193.875809815072 266.346613954853 155.547527000017 254.75504200000142 English 0
203.65903421479743 268.2261591286435 216.31384599997546 224.6560199999845 388.886722729294 274.7757844194613 376.2328371588228 318.34513050562424 English 0
218.74803354396136 293.6495054844352 222.43923599999107 278.2066659999898 258.16528099290736 286.74547650001693 254.47414942354953 302.1882545566849 English 0
259.43032912422495 291.0693915339578 292.31339230835147 300.9566112590255 289.0888698647177 311.68004331886095 256.20581199997105 301.792836 English 0
237.01155100003234 315.7005219999744 240.46459010642138 301.4948471997907 274.7310842539446 309.82353038407996 271.27811258047586 324.0291469184752 English 0
274.0302810049616 322.23960127935743 277.16374800002086 311.44425399997823 302.3677444609348 318.75941773672605 299.2343169637752 329.55473124806656 English 0
320.76214358261495 319.487604338508 291.68471852121 312.26772827121385 294.4431252701179 301.1594414597031 323.5204769999109 308.37930799999486 English 0
440.5108065182867 220.7107221491587 450.88875200002803 181.30302699999388 508.1689001357154 196.38717198858288 497.7911656886863 235.79468527698435 English 0
354.2665804106218 229.7530915702636 365.94471299998986 192.67615600000926 500.9879765335063 235.20874870973154 489.31037957365334 272.2852260792737 English 0
484.7387682303088 271.82548985219745 493.69632800000545 239.6896860000247 580.1850279915379 263.79619220241585 571.2278040755336 295.93170793902897 English 0
443 329 461 329 461 339 443 339 English 0
461 334 472 334 472 341 461 341 English 0
473 337 502 337 502 348 473 348 English 0
456 344 469 344 469 351 456 351 English 0
469 346 477 346 477 352 469 352 English 0
477 349 481 349 481 353 477 353 English 0
480 349 489 349 489 355 480 355 English 0
483 326 492 326 492 332 483 332 English 0
462 304 501 304 501 327 462 327 English 0
430 372 441 372 441 377 430 377 English 0
441 375 447 375 447 378 441 378 English 0
447 376 453 376 453 379 447 379 English 0
453 378 462 378 462 382 453 382 English 0
464 380 471 380 471 383 464 383 English 0
472 382 482 382 482 386 472 386 English 0
482 384 493 384 493 389 482 389 English 0
495 386 503 386 503 390 495 390 English 0
503 388 512 388 512 392 503 392 English 0
456 389 462 389 462 396 456 396 English 0
462 391 490 391 490 401 462 401 English 0
427 390 433 390 433 394 427 394 English 0
434 392 440 392 440 395 434 395 English 0
440 393 446 393 446 397 440 397 English 0
445 394 450 394 450 398 445 398 English 0
450 395 453 395 453 399 450 399 English 0
454 396 460 396 460 400 454 400 English 0
460 397 464 397 464 401 460 401 English 0
465 399 471 399 471 402 465 402 English 0
471 399 476 399 476 403 471 403 English 0
476 400 484 400 484 405 476 405 English 0
429 285 442 285 442 295 429 295 Manipuri 0
524 210 534 210 534 223 524 223 Manipuri 0
533.7113216199214 225.0317525214029 537.2266440000385 213.5772019999706 565.4012826646067 222.22347390467854 561.8859932681517 233.67799626201347 Manipuri 0