93 217 174 217 174 247 93 247 Manipuri 0
182 204 288 204 288 231 182 231 Manipuri 0
300 198 355 198 355 224 300 224 Manipuri 0
367 191 421 191 421 216 367 216 Manipuri 0
451 206 566 206 566 257 451 257 English 0
358 224 438 224 438 267 358 267 English 0
143 238 349 238 349 287 143 287 English 0
2 249 136 249 136 302 2 302 English 0
417 398 469 398 469 417 417 417 English 0
472 393 525 393 525 412 472 412 English 0
528 387 574 387 574 407 528 407 English 0
579 382 616 382 616 401 579 401 English 0
619 377 640 377 640 395 619 395 English 0