200.238524979286 417.52415845094345 201.773654908975 430.64283402338987 153.99093538238958 436.2333036631151 152.45591529048397 423.11472812517707 Manipuri 0
271.53833169264544 408.76740062458146 273.85755437288026 425.20754362274005 198.18443412332272 435.8808221793215 195.86543049663305 419.4408758719768 Manipuri 0
318.6658054561849 291.5135597955665 322.3885422189778 308.28002825727856 268.96247399999993 320.1414190000316 265.2398572023958 303.3750547670686 Manipuri 0
450.757128999976 400.9155269999753 445.7735882907582 353.3163295376563 541.2961770000402 343.31600200003044 546.2802745800582 390.9145657130092 English 0
438.32404900000256 415.15733999998554 437.28881721021025 403.79136363824625 496.58625222458795 398.3908985623034 497.62157580531493 409.7567726453781 English 0
498.3088019999559 410.33476899999613 497.4594855300529 395.951140999042 542.833357999989 393.272143000013 543.6827658966649 407.65567333685686 English 0
544.8857870000211 408.6194669999752 543.3039309826563 393.54874358182 560.312608000022 391.7636850000026 561.8944977251522 406.8343700453937 English 0
584.4254540000111 367.7432360000005 582.8013556478982 349.7055803467364 639.1356860000087 344.63361400002293 640.7599057615153 362.67113418620715 English 0
260.08269506375655 365.9841552358055 262.64919831570296 382.3492176218697 188.18113022018224 394.0261639330939 185.61482216558943 377.66127552453315 English 0
247.71508625497518 388.8885434769617 250.23167317223852 406.7323660543912 185.43749569791544 415.8690338369874 182.9211028203281 398.02538554444254 English 0
144.6138292607793 403.2277937721582 147.31096253337455 428.5971900496161 86.98905077850213 435.00902549627375 84.2921787454543 409.6398688391782 English 0
78.02145599998767 447.66313600000274 77.04431716447289 439.04027555515984 107.56894444733916 435.5816826309296 108.54612102630199 444.2044995903981 English 0
131.45279750358895 432.2848264579847 132.34239629477088 441.86948895337906 106.92363613859925 444.2283128995299 106.03408040347858 434.64369023767176 English 0
262.88419595905 308.60428303156755 264.7482706879964 324.12909007398804 239.62970799999312 327.14480400000843 237.76568424327706 311.62004332845186 English 0
238.938283076277 313.19793450098933 241.40833321587706 327.00900045878745 201.4526620000106 334.15421199999787 198.98268820914382 320.34321349538124 English 0
328.93155120065785 317.59783511680604 331.53698197667836 329.4893687981917 266.7562226969312 343.68135207005867 264.15090331101965 331.78991530673534 English 0
330.9931679999863 330.5102999999982 328.34164140171197 318.3497543232685 391.28893691558915 304.6253532045818 393.94052948235185 316.7858064362455 English 0
268.48866795036884 254.93083605624258 276.3722414242511 282.9034587170667 176.4973526183894 311.04902547654325 168.61413557940978 283.07670781276227 English 0
121.29636199999368 319.0686950000307 116.06515039718943 292.62206397567815 177.44065600003523 280.48251700000543 182.6720050493168 306.9289636046117 English 0
157.479405999984 342.33671899999797 155.40284502225404 327.0888953900663 193.54434499997296 321.8948769999742 195.62096660964016 337.14262802949753 English 0
135.30580794460548 443.40722239689296 127.74914100002206 441.5461190000045 130.34136350936024 431.02244388168083 137.8980049999518 432.88354399999156 English 0