361.93724452343304 222.68960603317174 352.5349479965371 221.20047985040972 354.75219399995694 207.20141599999607 364.1544695926859 208.6905404922257 Manipuri 0
406.8667915448168 233.93646770336144 401.68721617548726 243.6667536816729 363.3854450239596 223.27887917201107 368.56502399998135 213.54862899997863 Manipuri 0
204.24166112461535 267.81947396147746 200.21838612541615 278.2342281758061 177.95316486633965 269.6334834227901 181.97645000000193 259.2187539999731 Manipuri 0
74.13329802679073 220.99096557262345 9.387248838102096 190.97009375580177 23.284512999962317 160.99902099998675 88.03030214687169 191.01982222815934 Manipuri 0
224.0333650978573 188.73990405047377 244.4326639999781 145.6213599999887 328.39586162226624 185.34319719748396 307.99689186009346 228.4614604705912 English 0
75.91614799996023 167.03460399999574 94.18010583765863 126.33550805542227 308.717481941203 222.60721986058843 290.45434990497597 263.305612307986 English 0
289.69984350966115 266.8614699456864 302.6507809999748 230.6979420000289 420.1091300678672 272.75978947427893 407.1587269889278 308.9228636595188 English 0
231.5033302512893 313.94202657912115 237.9425430000265 293.7035229999709 297.4722153240873 312.6424049749957 291.0331757031963 332.8807610976434 English 0
266.83369202248286 333.6138660258186 268.4038690000307 328.1395830000073 281.48534843443485 331.8914038098478 279.9151822343265 337.3656776152621 English 0
226.10155062342528 333.19025132949344 223.702157000007 340.7233869999907 193.6557186004211 331.1539603297732 196.05512800000724 323.62085400000876 English 0
227.21996600004786 341.5118930000092 229.06232829052897 334.85133724750153 246.67758881259942 339.72342995648495 244.8352445186174 346.3839702776832 English 0
295.03763005064684 355.9008894931776 292.5015750378225 363.4623166803957 247.05485399070312 348.22103475443726 249.5909329999995 340.65965500003415 English 0
238.65071339620044 352.5758442001004 236.64122049420257 358.8109579765785 214.05454982341325 351.5322124002388 216.06405300000915 345.29711800001314 English 0
238.77239099994767 358.3786870000297 240.73356830704142 352.17168541217296 253.94919967468013 356.3469254831032 251.98803579703963 362.5539156320257 English 0
204 413 215 413 215 423 204 423 English 0
253 358 259 358 259 365 253 365 English 0
259 360 273 360 273 368 259 368 English 0
148 409 161 409 161 417 148 417 English 0
160 412 173 412 173 419 160 419 English 0
174 415 185 415 185 422 174 422 English 0
185 419 193 419 193 425 185 425 English 0
194 421 199 421 199 427 194 427 English 0
199 422 211 422 211 429 199 429 English 0
211 425 219 425 219 431 211 431 English 0
220 427 232 427 232 434 220 434 English 0
231 430 240 430 240 436 231 436 English 0
240 432 254 432 254 440 240 440 English 0
265 439 277 439 277 446 265 446 English 0
277 441 282 441 282 446 277 446 English 0
214.74106739529816 424.25171247404137 216.7835560000094 415.5584089999717 263.54323120256595 426.54298231324776 261.50081888808927 435.2362197025518 English 0
289.2432072066731 422.07127337285624 290.27296499996737 417.8886700000178 305.22979071676673 421.57054666430895 304.2000446318707 425.75313992762926 English 0
275.3358182396187 417.6082728868186 276.38443700001517 413.9548550000149 289.97578402828367 417.8553847401372 288.927174652199 421.508794599977 English 0
273.759872635419 413.39488987759836 272.59651599997596 417.46195999997235 253.70322504459182 412.0583218583646 254.86658900001203 407.99126399997164 English 0
236.3625643109117 407.20117477910713 237.43593088220223 403.37470096543007 254.28986915569112 408.1018129833267 253.21651444137387 411.9282766410148 English 0
223 399 235 399 235 406 223 406 English 0
203 395 220 395 220 403 203 403 English 0
192 391 203 391 203 398 192 398 English 0
181 388 192 388 192 395 181 395 English 0
179.89419269375503 387.3682579747325 178.81594600003154 391.5651700000092 159.22460939393204 386.53240481253147 160.30286400004115 382.33550499998694 English 0
104.15291431163496 234.5812208560184 80.93003998583299 296.598463296723 6.937199000021792 268.89212200000685 30.160278083130834 206.8753337413335 English 0