353.4584993468161 204.32458826431883 347.516781000013 228.3599830000055 223.86669363935653 197.79306027605742 229.8085639999772 173.75789300002995 English 0
351.4435990987113 233.58121712561694 359.3520646158868 204.23314088375065 490.254780394971 239.50579115529226 482.34672348131426 268.853515746782 English 0
227.73829648875108 208.34693213300005 232.35427902858646 193.0239527053862 337.05280473870516 224.56255706755033 332.43698054080596 239.88540115333404 English 0
407.30762901861453 248.02926723909493 402.083037565244 262.8744847987641 331.7997930364072 238.13999989011762 337.02443199996196 223.29488200002908 English 0
275.3132273904339 246.19532685225585 273.69747761775216 271.7104067439382 206.88176900002873 267.4791890000325 208.49767023319146 241.96427104445536 English 0
272.8223410399369 268.8029023315424 277.8591289999895 245.1399239999883 308.2721978426707 251.61318296524206 303.23549161206756 275.2760898976805 English 0
227.37051632640942 190.6494587357817 233.03905818989733 210.42664728359557 179.73606305444264 225.7037127020962 174.0676203359908 205.92660889658166 English 0
266.2409336886776 163.0798164751085 264.33523680963845 178.58686980105313 223.64343513647327 173.58619574737668 225.5491659999825 158.07918199997692 Manipuri 0
295.8307219541166 170.28881068665743 291.35310199999367 187.43411100001194 266.0626483051601 180.82944317260413 270.54028699996707 163.68417200002224 Manipuri 0
294.7188379996078 186.47093600001912 298.9768277342955 171.7510256670265 342.43524537741905 184.32178213063779 338.1773094898381 199.04164630310984 Manipuri 0
176.22614500003692 248.09073100003218 174.267626360961 224.57844199035887 205.19722199998796 222.00216599997376 207.15579852861993 245.51439170881935 English 0
245.42125135485549 215.44745347168094 244.9567018586822 242.5781503881046 203.48206399998162 241.8679049999953 203.94670746703923 214.7373039929209 English 0
248.5898889999953 238.87210199999882 252.33606477566354 219.92046364679322 277.48048111447133 224.89056944465722 273.7343531192164 243.84216586885088 English 0
314.04299783076567 233.27918723711778 309.7682029999851 251.7787519999938 274.8527524936799 243.71091212692 279.1275879999739 225.21140600000282 English 0
319.7135991451796 255.08960883802044 326.3021905930509 240.4892261589427 384.8610007125535 266.9131742965477 378.2725165830925 281.51346576720937 English 0
237.24049199998262 288.98021999999617 239.02280202848488 267.0458484471718 287.46351722867985 270.98168592654565 285.6813262525975 292.91594611748917 English 0
392.19554872346635 291.32706388161006 395.3982150000229 274.58475799998905 467.00609859071847 288.2817362790067 463.80358213733416 305.02391015200186 English 0
494.816300380553 297.78122516247805 489.9382460000197 314.4411789999791 457.65022495470475 304.98776793680514 462.52831600002537 288.3278769999967 English 0
454.13886344125785 306.5881666903743 451.23228199998266 325.51770199999487 392.0868871536368 316.43648187209453 394.9935749999713 297.5070779999817 English 0
447.57408224650135 325.0457339822759 455.31321349226346 307.2733560541858 501.4400538341579 327.35807082380495 493.7010505456419 345.130340126849 English 0
446.0132288971363 325.33332429131116 443.9405529999931 346.75400299997114 407.2815359742526 343.2070142462384 409.3542989999696 321.7864330000077 English 0
437.25039591721725 342.90917285618406 448.40774307034735 325.53081810493074 487.1393149553478 350.3952871919148 475.98208510775294 367.773538729054 English 0
175.86508300002606 300.46125800002244 174.24864980355778 274.73744233248846 236.01891199999955 270.8560480000172 237.63550279116316 296.579693604859 English 0
173.29024700004084 272.8116039999819 170.95937312791648 251.34048392181742 204.27422499997192 247.72403300002668 206.605159804094 269.1950833518225 English 0
126.27142999983334 354.5297920000121 169.9232692943042 334.57827573291763 179.39432435414346 355.2981127790588 135.74252221202187 375.24956895835635 English 0
219.54918384384655 165.85304136682288 222.60901753434155 191.8083454548614 189.2637074780214 195.73920779589855 186.20393800003512 169.78396200002118 English 0