343 462 370 462 370 502 343 502 English 0
45.471750734432135 222.39019859917056 52.966629000002285 187.399522999999 156.6331257577258 209.603537214357 149.13858987682033 244.59391387262716 English 0
538.7663893363788 416.7844237026165 529.3327382347343 493.3923781099771 169.97325154647115 449.1335457110465 179.4107090000034 372.53001499996503 English 0
191.97528065546067 494.66656219306014 193.67679999995744 454.6888779999956 341.8312131782295 460.9921713794564 340.13079043907055 500.96879862585575 English 0
485.96175098420645 473.956157871161 483.7971169999946 509.0456729999735 370.5763775479136 502.06091646458924 372.74168500000087 466.97212200001496 English 0
540.6599966526119 480.31883182898974 538.506533999971 509.3052209999738 479.31912325919257 504.9083888923963 481.47287500003586 475.92231500001424 English 0
400.9346052100591 301.94472245758396 396.36875120704644 325.13096642495134 297.2981447312486 305.6225798247235 301.8641960000241 282.43659999999034 English 0
456.26606677979 316.8718486196126 450.6723012274597 339.8532328618004 388.38989360308915 324.6942891136385 393.9837769999576 301.7130800000315 English 0
409.3737755813345 375.4829883003711 406.7535032966407 394.4855469646408 330.440803360907 383.9633819306814 333.0612480000127 364.9610300000045 Manipuri 0
275 236 307 236 307 275 275 275 Manipuri 0
391.34389818427735 256.70523284948194 383.51195900002494 295.51013899999595 307.4102296005003 280.151040531337 315.2423909999925 241.34643399998114 Manipuri 0
228 176 261 176 261 223 228 223 English 0
395.0611951117753 223.95600206666825 385.97917115330347 257.1838336983259 253.88198116874264 221.0787260409819 262.9642379999859 187.85127000001847 English 0
24.346536891680444 37.6377559044842 157.10223226291419 86.12797178891333 130.4909729999781 158.98329800000158 -2.2646811019512825 110.49321463679686 English 0
585.9372693107434 344.66768191005815 582.4128321676108 359.7380770939025 537.7189796351013 349.28652789487506 541.2434780000331 334.2162219999952 Manipuri 0
592.8166485843394 400.25126322896665 596.4436009999918 370.6981219999907 643.626706963696 376.48801054703426 639.9999773529271 406.04095054198876 English 0
579.2274299214478 424.3863755542969 581.6738549999718 404.40989199998694 627.0954055120819 409.97166315278537 624.6491365515976 429.9480046463779 English 0
627.6974717085977 438.8669987496046 626.7736990000412 453.56002799996486 598.4777190671593 451.78118225531927 599.4015560000116 437.08822199998724 English 0
625.225241376902 453.83805339357536 625.6437929999811 440.28549800001883 640.4185169460834 440.7417248799994 639.9999996305269 454.2942469648358 English 0