155.99734822848404 359.6683036237231 141.20445700005803 359.92649299999954 140.46920562708692 317.7995560078402 155.2619400000549 317.5413679999996 English 0
274.095921681801 274.9261563991339 286.52551301514904 309.6494977041909 165.01445695321308 353.14139326027805 152.58548188423447 318.41857436825825 English 0
279.9175439999817 310.5647649999844 267.4762134975026 276.7582291530687 340.84493599999405 249.75884099997307 353.28638867737027 283.5651016496576 English 0
373.2668640000338 274.2633990000058 361.21458599132893 240.4572335421736 446.5323840000201 210.04162500001524 458.5847905580158 243.84751479425302 English 0
179.67931899998803 387.5258849999989 167.61973189109995 354.19768315323427 301.74355848408595 305.6694265447507 313.8034240818524 338.9970145541316 English 0
308.47172699999646 342.6046390000284 296.3150882627815 306.49247252153936 404.786357999983 269.9793230000133 416.9432336965838 306.0910180734124 English 0
188.47556006636296 410.30915001814355 157.58399735408602 419.6789402380771 152.91626481288404 404.29139542887583 183.80768700000772 394.92162800000085 English 0
245.02388549713942 373.58284869284745 250.51545093047025 388.9247504057978 189.02270179372863 410.93294370737226 183.53130848074215 395.5911878996005 English 0
293.9208371638233 356.72709728088995 298.74724379042163 373.9170649218489 248.8736280000012 387.91833799999483 244.04736529329966 370.7284935872682 English 0
299.37901899997087 371.5677400000138 293.5342416240019 351.8371406867837 337.201888999989 338.90266499997546 343.04673509257555 358.6331454648421 English 0
343.0690989999857 354.2692749999853 338.54499947054137 337.6140043392943 365.04866800001764 330.41537899998303 369.5728037842491 347.0705913984292 English 0
368.5635840000032 348.4901209999663 362.2762154812517 329.3019809364621 429.0357580000273 307.4284820000206 435.32321234379197 326.6164579173465 English 0
300.6339568851399 374.7453525219937 305.81413279665867 390.0029103927999 221.8342659668997 418.51144362796197 216.65432492132823 403.25408519286134 English 0
138.38938200002303 473.5929350000169 134.0182116721553 454.8714451919537 177.87663000002794 444.6327100000269 182.24789933199645 463.3540559167838 English 0
178.87610480298463 439.4033291890786 194.16627500002505 438.48081400000024 195.44506342383102 459.6728682949704 180.1548935284518 460.5953802094527 English 0
199.59644800001115 451.721393999998 195.00359423211194 431.30263896265944 229.8974730000191 423.4549299999972 234.49041018473508 443.87356600927865 English 0
365.57021538763365 383.21384135219216 370.5516828569671 400.77862039828926 310.475708148806 417.8141041483153 305.49443141419033 400.2494882590926 English 0
451.3975252164528 351.3106700303047 457.49746668901935 369.3796400915294 370.8227618542878 398.6366669082021 364.7230916823173 380.56792733002465 English 0
268.56689488718985 416.3787565695376 271.79689465861884 436.6558948508526 234.6304219999729 442.5752399999832 231.40055877302075 422.2982231645938 English 0
307.4127419326396 396.4977715444386 313.4629919926374 419.3861729563441 274.7967139999673 429.60560000001817 268.7466274641338 406.7173390409273 English 0
249.43242691326304 442.8498569204185 254.0670387449063 460.31174428112257 200.87287820751953 474.4276252029254 196.2384571036091 456.9659016727521 English 0
307.4968697418808 424.2335989293343 313.846265271859 446.3044384641879 254.48723325214814 463.3780718905524 248.13810041589022 441.30745676966177 English 0
309.00358799997775 441.81046599999047 303.4987983618339 421.1761623632412 361.5634200000204 405.68766900002413 367.0683329198073 426.32177720076703 English 0
386.16960202190967 425.0460453590501 362.28900500005693 424.3445140000007 363.1216670023423 396.00747468830855 387.0020569999906 396.7090030000006 English 0
144.77391200001875 312.39029099999476 139.48445937821816 293.28567231874445 168.2968560000154 285.30896799998806 173.5863475039514 304.41352293848615 Manipuri 0
208.407247121213 269.13965161661855 215.04159796459135 289.63823534225736 172.61138299996674 303.3697530000329 165.97714643692598 282.87126644025716 Manipuri 0
252.49713047327532 251.83420979384385 259.28148988168687 271.65281147574655 213.92124500001955 287.17966400001325 207.13699771666143 267.36115753093156 Manipuri 0
254.81268499999715 269.9300500000011 249.61370656179497 250.31584806336028 290.6737559999601 239.43287599998825 295.8727844689565 259.04699895477575 Manipuri 0
329.59404276400164 223.81779609897404 337.39010324330593 242.01127738660293 293.48839876882266 260.8225806464203 285.6924306268047 242.62917768581326 Manipuri 0
393.87847740559664 194.9579665322045 404.2782139776682 219.90391435244834 334.9490730394609 248.80525853017912 324.54951802843425 223.85946431009583 Manipuri 0
449.1536810489197 176.92395870811748 456.16017782784184 202.75689552224807 398.68601299996953 218.34459000000987 391.67964762134943 192.5117656253283 Manipuri 0