128 157 150 157 150 177 128 177 English 0
156 163 165 163 165 177 156 177 English 0
171 159 223 159 223 182 171 182 English 0
230 164 270 164 270 186 230 186 English 0
273 169 358 169 358 194 273 194 English 0
272 262 322 262 322 281 272 281 English 0
249 293 284 293 284 306 249 306 English 0
283 317 310 317 310 332 283 332 English 0
287 295 322 295 322 310 287 310 English 0
325 296 356 296 356 311 325 311 English 0
359 297 378 297 378 310 359 310 English 0
381 296 431 296 431 314 381 314 English 0
436 298 471 298 471 314 436 314 English 0
402 322 425 322 425 336 402 336 English 0
372 320 396 320 396 334 372 334 English 0
435 322 474 322 474 337 435 337 English 0
475 321 494 321 494 335 475 335 English 0
421 267 455 267 455 282 421 282 English 0
333 264 399 264 399 287 333 287 English 0
403 267 417 267 417 280 403 280 English 0
409 205 494 205 494 263 409 263 English 0
369 162 427 162 427 195 369 195 English 0
433 165 507 165 507 203 433 203 English 0
368 132 427 132 427 159 368 159 Manipuri 0
432 133 481 133 481 162 432 162 Manipuri 0
486 136 553 136 553 163 486 163 Manipuri 0
109.73155898420373 150.90273907388413 112.58362200002011 107.26299799997471 359.523903914378 123.40028274715765 356.67242491857905 167.03947290647716 Manipuri 0
218.3359599999676 241.85297400001375 220.21551978803473 197.54616300084865 402.5829310382687 205.28117966866716 400.70407175480796 249.58731366630616 Manipuri 0
264 392 286 392 286 406 264 406 English 0
242 392 258 392 258 405 242 405 English 0
294 392 316 392 316 405 294 405 English 0
195 393 210 393 210 406 195 406 English 0