110 179 134 179 134 201 110 201 English 0
138 183 148 183 148 198 138 198 English 0
153 172 207 172 207 201 153 201 English 0
212 172 255 172 255 198 212 198 English 0
255 165 342 165 342 200 255 200 English 0
266 262 318 262 318 287 266 287 English 0
246 297 282 297 282 314 246 314 English 0
283 318 312 318 312 336 283 336 English 0
284 295 321 295 321 314 284 314 English 0
322 291 355 291 355 310 322 310 English 0
356 290 377 290 377 306 356 306 English 0
377 283 429 283 429 307 377 307 English 0
432 280 468 280 468 300 432 300 English 0
402 309 426 309 426 326 402 326 English 0
372 311 397 311 397 328 372 328 English 0
435 303 475 303 475 322 435 322 English 0
474 300 494 300 494 316 474 316 English 0
414 251 450 251 450 270 414 270 English 0
327 256 395 256 395 286 327 286 English 0
396 255 411 255 411 270 396 270 English 0
395 185 486 185 486 253 395 253 English 0
349 150 410 150 410 190 349 190 English 0
414 143 491 143 491 190 414 190 English 0
344 121 406 121 406 155 344 155 Manipuri 0
408 115 460 115 460 150 408 150 Manipuri 0
462 109 532 109 532 144 462 144 Manipuri 0
90.69107995295781 177.78843507130122 88.20355299998482 134.12640500001498 335.26980363749317 120.04924060902579 337.7578928722505 163.71067269919718 Manipuri 0
209.57002199997078 254.82519999998388 206.03573134401813 210.61960119019588 387.986462830595 196.07190706002052 391.5213701981702 240.27682459588272 Manipuri 0
274 396 297 396 297 412 274 412 English 0
251 400 269 400 269 415 251 415 English 0
303 392 326 392 326 407 303 407 English 0
205 406 221 406 221 421 205 421 English 0