222 98 265 98 265 119 222 119 Manipuri 0
269 90 343 90 343 120 269 120 Manipuri 0
276 254 336 254 336 289 276 289 Manipuri 0
341 245 414 245 414 284 341 284 Manipuri 0
281 599 323 599 323 629 281 629 Manipuri 0
327 591 377 591 377 623 327 623 Manipuri 0
382 580 442 580 442 617 382 617 Manipuri 0
446 569 522 569 522 606 446 606 Manipuri 0
108 200 173 200 173 234 108 234 English 0
174 194 247 194 247 228 174 228 English 0
249 190 301 190 301 219 249 219 English 0
312 182 374 182 374 215 312 215 English 0
376 180 415 180 415 205 376 205 English 0
323 280 463 280 463 344 323 344 English 0
290 299 315 299 315 340 290 340 English 0
250 299 283 299 283 345 250 345 English 0
98 116 273 116 273 206 98 206 English 0
272 101 440 101 440 188 272 188 English 0
336 224 353 224 353 238 336 238 English 0
271 228 293 228 293 246 271 246 English 0
440 101 470 101 470 163 440 163 English 0
192.9899490000389 445.27816700001256 185.08356020545762 357.52098454755804 532.9299604996777 326.1789496884676 540.8402965403366 413.9317101340753 English 0