338.9723217098799 215.74983739096464 329.47602017047757 216.4138622441377 328.4873370000423 202.27489399999763 337.9836176687968 201.61086987975517 Manipuri 0
385.28025523221004 216.60148098259126 382.4223530609743 227.2475557728356 340.51603251755296 215.99825474028233 343.37395800001104 205.35221700000517 Manipuri 0
195.47047700711119 295.196809865074 193.8932307225332 306.2496978770617 170.2639084495604 302.87797472225134 171.84117899996636 291.8251159999794 Manipuri 0
58.21292172338872 278.59775734670177 -6.682806483586319 264.9506588266021 0 233.17464500000318 64.89534057574929 246.8217014010477 Manipuri 0
196.96599320588575 213.6919164765263 207.14279100000567 167.08962500000183 297.88925813707465 186.90576592437992 287.71283217654855 233.50773228117006 English 0
47.76227400012431 225.8620169999985 56.40304503693187 182.09757902318307 287.0977225519164 227.64243484320014 278.4579475149076 271.4059887077497 English 0
278.52324893574405 275.03951527744937 283.00684800000454 236.88947300001763 406.9161261665431 251.4507609646592 402.4330386553629 289.6003357552124 English 0
232.40903508354677 334.00473482087193 234.13025000001653 312.83641199996805 296.39417613245314 317.8986032536176 294.6731330293551 339.0667656265599 English 0
271.2588913478976 345.22476482962895 271.5572819999943 339.53756999998603 285.14736038858246 340.25053361160315 284.8489800780226 345.9377185738084 English 0
231.4751910269115 353.9747202740796 230.83201199995528 361.85454900003464 199.4031330384314 359.2893767752423 200.0463419999869 351.40958100000057 English 0
234.43703600001754 361.83151099999895 234.7337568324292 354.92721810263043 252.99351771340298 355.71186725917516 252.69681439684064 362.6161433060167 English 0
303.7532367762469 360.59603613665166 302.9832845002966 368.5341786539999 255.27292617618514 363.90683429145156 256.04292399999395 355.9687429999875 English 0
248.0636615007097 370.04052882700273 247.5083896428987 376.5678890968565 223.86324675564538 374.55659482213827 224.41853800002718 368.029256000016 English 0
249.48757500002102 375.6672800000031 250.00209318335692 369.1781846790709 263.8182311451965 370.2735424733285 263.3037263101869 376.76262531249927 English 0
229 436 239 436 239 445 229 445 English 0
264 372 269 372 269 378 264 378 English 0
270 372 283 372 283 379 270 379 English 0
173 445 186 445 186 452 173 452 English 0
186 445 199 445 199 451 186 451 English 0
200 445 210 445 210 451 200 451 English 0
211 446 219 446 219 451 211 451 English 0
220 446 225 446 225 451 220 451 English 0
226 446 237 446 237 452 226 452 English 0
238 447 246 447 246 452 238 452 English 0
248 446 259 446 259 452 248 452 English 0
259 447 267 447 267 452 259 452 English 0
269 446 282 446 282 453 269 453 English 0
294 447 306 447 306 453 294 453 English 0
307 448 311 448 311 452 307 452 English 0
240.8906340435351 445.25785701021283 240.9249510000518 436.32790100002524 288.95690403900517 436.5123055080813 288.9226576802321 445.4421911563635 English 0
312.99266657013504 426.3739683812685 313.05502700000943 422.0669180000226 328.45662636245834 422.28987011619523 328.3942765508982 426.5969100251413 English 0
298.43774457513064 425.15383869645893 298.637544000012 421.35816499999606 312.7578701229504 422.10133104785825 312.55807956375065 425.8969962866741 English 0
295.9541691806953 421.402941184646 295.7356350000191 425.62748000003177 276.11113548919093 424.61240875934664 276.32968199999596 420.38788299998026 English 0
258.1222764944687 423.7805487475126 258.30726147425594 419.81068704594355 275.79250668488385 420.625327230074 275.6075330886961 424.5951780183935 English 0
244 418 255 418 255 424 244 424 English 0
224 418 240 418 240 425 224 425 English 0
212 417 223 417 223 423 212 423 English 0
200 417 211 417 211 423 200 423 English 0
198.63955190725392 417.15855518193587 198.53314499996486 421.4904609999776 178.31190878576308 420.99378216577657 178.41832900005102 416.6618899999845 English 0
90.4695207637269 285.32535540401517 81.79320354145602 350.9773551867672 3.464206999997259 340.625820999972 12.141032241270295 274.97442335441355 English 0