262.22596397594316 247.5131958038744 261.66784614331846 279.5085742191919 173.71022100000118 277.97382400001226 174.2686087408947 245.9787196060983 Manipuri 0
263 251 361 251 361 285 263 285 Manipuri 0
361 252 422 252 422 285 361 285 Manipuri 0
92 277 128 277 128 372 92 372 English 0
137 277 161 277 161 376 137 376 English 0
161 283 286 283 286 370 161 370 English 0
285 287 408 287 408 375 285 375 English 0
406 291 498 291 498 378 406 378 English 0
0 278 52 278 52 367 0 367 English 0
108 374 312 374 312 420 108 420 English 0
337 375 486 375 486 423 337 423 English 0