316.7674782725953 283.3609783681397 323.0300069999794 198.15609499999493 506.6717359699396 211.65242378961878 500.4107507255685 296.85584312686785 English 0
505.79769566735195 303.9422847294911 513.5576279999805 227.38199500003412 647.7587257596315 240.98295600777206 639.9999292923167 317.54222469989213 English 0
344.3324968811794 362.5654650008406 350.42138700002397 297.3059409999677 646.0852596168843 324.8845789692384 639.9990246086236 390.1417502525865 English 0
220.67937127336336 428.74097170767044 220.60685999997077 358.1050050000339 348.9734323891025 357.9727426568361 349.0472704786225 428.6073766858018 English 0
402.2869318538869 437.29057197001333 407.67176223809656 376.99896266479647 567.999354149506 391.3154205136807 562.6161356695229 451.6055296055349 English 0
549.1765068265522 448.6628293134215 555.105171000032 384.6905429999673 645.9276279737969 393.10627910880316 639.9999504147854 457.07765411890296 English 0
241.33186887665943 488.2471021025518 242.2832809999818 444.18196999998383 332.4346734678693 446.1277731794637 331.4839668109198 490.1922137021527 English 0
494.97258479357697 463.59792941512455 490.6995739490958 511.4309511290571 323.2790304091759 496.47433909843573 327.55333100001735 448.64274999997286 English 0
503.64205140504055 511.59137798017616 506.28082299997914 463.7025050000145 628.9954362428398 470.46235614391117 626.3577942898701 518.3501515300953 English 0
640.0001315465488 519.456108 618.8101346746407 519.456108 618.8103720000072 470.93855199999985 639.9999898886745 470.93855199999985 English 0
178.53229220432695 214.21792247009074 178.73837899998762 175.94124700001043 224.60280914412579 176.18816777985714 224.39685070625274 214.4647155946331 Manipuri 0
218.28443500002322 179.79942799999657 250.99966459500138 173.26157503967943 259.92996199995105 217.94731000000246 227.21473894773226 224.48514091584758 Manipuri 0
249.74585483847477 222.87222186586058 254.32210200000554 185.35935299998656 323.7117439535359 193.82395455159187 319.13572039884457 231.3366198690244 Manipuri 0