85 230 168 230 168 267 85 267 Manipuri 0
172 207 280 207 280 243 172 243 Manipuri 0
289 196 346 196 346 226 289 226 Manipuri 0
356 183 412 183 412 212 356 212 Manipuri 0
441 185 559 185 559 246 441 246 English 0
349 214 432 214 432 264 349 264 English 0
136 236 345 236 345 302 136 302 English 0
0 265 134 265 134 329 0 329 English 0
424 385 477 385 477 408 424 408 English 0
478 375 532 375 532 398 478 398 English 0
533 365 580 365 580 388 533 388 English 0
584 356 622 356 622 378 584 378 English 0
623 349 640 349 640 369 623 369 English 0