312 24 370 24 370 53 312 53 Manipuri 0
375 22 452 22 452 56 375 56 Manipuri 0
283 361 322 361 322 389 283 389 Manipuri 0
330 362 374 362 374 388 330 388 Manipuri 0
385 360 436 360 436 390 385 390 Manipuri 0
445 355 517 355 517 385 445 385 Manipuri 0
353 64 490 64 490 118 353 118 English 0
279 68 309 68 309 109 279 109 English 0
319 68 342 68 342 110 319 110 English 0
214 112 557 112 557 215 214 215 English 0
330 461 388 461 388 482 330 482 English 0
391 459 439 459 439 481 391 481 English 0
446 458 499 458 499 485 446 485 English 0
503 456 536 456 536 477 503 477 English 0
354 486 416 486 416 507 354 507 English 0
421 485 441 485 441 501 421 501 English 0
369 511 406 511 406 529 369 529 English 0
406 386 604 386 604 456 406 456 English 0
282 395 399 395 399 457 282 457 English 0
346 571 499 571 499 631 346 631 English 0
307 537 338 537 338 558 307 558 English 0
448 534 482 534 482 554 448 554 English 0
367 510 411 510 411 530 367 530 English 0