162.44423703283246 292.00517133575335 167.69190557628463 305.66449122810934 128.9619136082183 320.5427079184925 123.71432115971402 306.8834524900836 Manipuri 0
214.13707098829036 273.1625576841611 218.95998050793423 285.9898129402385 162.14790409983834 307.3490017168462 157.32509372952336 294.5218305087619 Manipuri 0
216.83651499995904 287.053121999994 212.56543289942783 275.2712120403334 254.8891762031417 259.9291543395336 259.16028274099517 271.7110101585285 Manipuri 0
296.57699316907383 363.3268502659849 301.5393215048971 377.8069524838197 253.89827831626462 394.1315661404485 248.93607080201036 379.6515664459639 Manipuri 0
238.3721234283439 284.3070428448123 248.5245586707606 312.0707458665888 145.53370410700154 349.7281093802625 135.38169150902831 321.9647644249756 English 0
53.15591999999015 418.52992500000653 43.84859719182714 393.1537826504714 90.8930461275304 375.9010301307182 100.20045295685122 401.27698515049497 English 0
96.72104474622756 361.4817633737386 123.58645100001013 365.0872930000025 117.89652793006098 407.47929858099224 91.03112600001623 403.8737909999977 English 0
164.57638346175372 349.6046189957747 173.05121922545368 374.2181352700757 123.57815701107029 391.25050700605067 115.10353011224652 366.6371680280505 English 0
165.57742600001802 376.4171010000048 156.7040096915298 351.5854363467218 223.99807800000417 327.5404289999819 232.87160245759878 352.3718619186858 English 0
229.5374250000168 354.6327880000265 221.2827605257189 325.29029510358646 261.7840669999714 313.8973429999863 270.03882432181854 343.23968200266984 English 0
355.2913183488272 237.48714652038944 358.4063997116755 246.9300934808497 317.57668195125007 260.39846734933684 314.46164477514685 250.95555794445073 English 0
327.8858900000341 244.15870399999918 325.46999142112327 237.5734133257599 346.351999000035 229.9128880000181 348.7679033461609 236.49816579153085 Manipuri 0
387.44745398362284 218.09693318174175 389.636795167753 225.74508456399624 351.0965185018722 236.77702960839238 348.9072075968579 229.128904105333 Manipuri 0
361.96544400001585 245.36603600003335 359.66652894741856 236.59313887731113 402.61837500002 225.338121000004 404.917311829704 234.11098400183727 English 0
369.9361230000068 254.1858570000019 368.0008767972322 245.43947685204785 419.23587600002065 234.10349599998847 421.1711516901414 242.84983449538475 English 0
334.2737440000201 264.2178110000114 332.1084830782638 255.8425326434185 364.70064000001 247.41685599999286 366.8659182213014 255.79210751577466 English 0
306 259 330 259 330 271 306 271 English 0
273 265 304 265 304 279 273 279 English 0
308 283 326 283 326 292 308 292 English 0
326 278 345 278 345 287 326 287 English 0
346 272 363 272 363 281 346 281 English 0
294 311 315 311 315 326 294 326 English 0
307 324 336 324 336 335 307 335 English 0
317 302 368 302 368 323 317 323 English 0
387 290 413 290 413 308 387 308 English 0
415 283 447 283 447 302 415 302 English 0
424 229 456 229 456 244 424 244 English 0
384.97937699998147 263.34668899999735 383.51162339742586 255.36320621029836 440.8949594335718 244.81372267541943 442.36274676986795 252.79716145888608 English 0
385 264 401 264 401 272 385 272 English 0
366.1288229999627 277.1451740000307 364.51454103422293 270.6830864273226 383.7373829999706 265.88131499997087 385.351673499099 272.3433896556873 English 0
380.74972621798224 255.39466149749916 383.0900232848944 264.36760864727995 289.8366874083149 288.6878685817527 287.49649199417036 279.71500882754947 English 0
282.6994410000043 312.8615089999678 279.84487715024443 298.58295189015666 364.954957000009 281.5685649999903 367.8096224556066 295.8469849891794 English 0
411.4408945435571 270.6988374124404 414.5338925028773 284.6544193127067 372.61242599997786 293.9448639999786 369.5195003817935 279.98934500233213 English 0
296.08696499999496 356.727901000031 293.2635347570613 347.43182851380715 325.02482423245965 337.78602000960075 327.84827699681045 347.0820526388584 English 0
289.85359564772807 346.5059068332338 293.24272606143495 357.37742563789885 246.2884965717967 372.01353991259293 242.89944999924046 361.14209254704133 English 0
240.93352399970172 360.1882990482969 245.16668639727868 373.17883230824924 201.76695451373234 387.31965191529576 197.5338890011335 374.32920105485994 English 0
158.52060899997014 399.615540999994 155.290119019337 388.8971403655307 199.8253731742443 375.47575660736095 203.05590410025616 386.1940855342695 English 0
117.16889000002993 416.4948590000145 113.23566168714024 404.91842888858605 156.89169392804615 390.08747810072344 160.8249621023424 401.6638281746631 English 0
237.6220279498375 424.6697374989035 239.79602154875465 432.63443131475674 186.98018748909817 447.04842571533055 184.80627627963258 439.08380256837086 English 0
190.72148771032516 449.0217668724151 193.88443695686874 459.93138311900384 167.81496178926318 467.4882567934 164.65207155342796 456.5786909862853 English 0
191.91221599998244 460.70161000000894 188.92249438715226 450.5316598944373 235.65944354741077 436.7940398889276 238.6492133444699 446.9639073514034 English 0
239.9605590000283 446.717762999971 236.76596401441202 436.06519442292404 263.53444799999124 428.0387110000166 266.7290706870699 438.69123118779885 English 0
266.9418929999665 439.14757900000996 263.36085208116856 427.3152758965374 309.9661190000188 413.21199899998874 313.5472117002064 425.0442108155124 English 0
181.22222883182985 472.28493136318 183.94161895223078 481.08034323094034 159.5670524196612 488.61516999084256 156.8477093200636 479.81979818689 English 0
222.75612320459913 460.8711457621324 225.1359449228039 469.49737155145357 181.53825836612668 481.5230122902421 179.15851639118046 472.89685486013707 English 0
247.418901363053 453.2288546890949 249.85206712481158 461.8251641676036 230.2145620000374 467.38258900001824 227.78143131661636 458.7863095467445 English 0
248.87010600003123 461.35086500002535 246.4277144170046 452.64683131016966 283.71017939214653 442.18670215565487 286.1526053318812 450.89067927084733 English 0
246.76311299997906 428.0576209999785 244.63730824478262 418.8387974321787 282.7688119999948 410.0469719999771 284.8946556721785 419.26573928976353 English 0
334.91997114848346 393.87444773673326 337.6960357341886 402.36621233032974 286.60327515302924 419.0668055108605 283.8272916862479 410.575109899014 English 0
334.55313936610764 425.80127879151405 337.70577444243827 435.49037268622754 292.84503950089857 450.08486860632877 289.6924918980949 440.39584908820586 English 0
337.75693199997477 435.62402000001146 335.08674840501044 426.5812041122646 368.70105299996794 416.65677400002596 371.37126573346904 425.69953965694475 English 0
316.1809569999605 423.21686799996854 312.8696953839244 410.31156709685837 364.1299910000089 397.1606269999984 367.44132019681274 410.0658236554713 English 0
361.08917010293226 360.2759788443589 368.90082329868164 385.79835283736907 222.17543116465094 430.6997138216536 214.36445249273675 405.17791444392174 English 0
563 411 597 411 597 433 563 433 Manipuri 0
601 398 631 398 631 424 601 424 Manipuri 0
603.2062364313606 482.5670831159248 568.1921940000029 491.71884900000566 556.3343059511681 446.3576397724591 591.347809353465 437.2059479490275 English 0
639.9999204830965 426.3626278429924 651.1021313799574 471.2024693158753 614.6122309034399 480.235577927061 603.5103489999892 435.3960199999766 English 0