88 209 189 209 189 281 88 281 English 0
193.83989277084765 283.4759253045456 203.46246000000974 225.3801740000279 520.7557171865483 277.92773204363266 511.13535424665315 336.02151283092013 English 0
515.7810479496402 340.3177970754184 523.7267209999845 290.1450260000207 645.544574591404 309.4347373753932 637.59973640932 359.6067747743965 English 0
302 216 393 216 393 254 302 254 Manipuri 0
404 233 472 233 472 269 404 269 Manipuri 0
477 253 543 253 543 287 477 287 Manipuri 0
31 346 79 346 79 369 31 369 English 0
483 396 531 396 531 417 483 417 English 0
534 402 576 402 576 421 534 421 English 0
577 407 615 407 615 426 577 426 English 0
168 298 204 298 204 315 168 315 English 0
167 315 217 315 217 333 167 333 English 0