364.6192089394026 270.0136223616914 354.38548085294315 310.8204189061944 135.2452878542681 255.86340723064524 145.4796090000309 215.0575030000223 English 0
357.4087122471974 301.2795298634056 363.1908680000197 272.96860300003505 442.84978791365575 289.2367317213721 437.0679213427502 317.5474052414692 English 0
467.20391062677663 325.02605215626824 472.0912240000325 299.3617849999946 537.2750970112975 311.77388149121003 532.388013195523 337.43794633056075 English 0
532.4450495799829 340.3852149520117 535.4649670000072 315.27728700000205 578.8281312645995 320.4924490750188 575.808362081807 345.6002416655917 English 0
396.4583883695741 400.9732659392632 397.5131980000151 386.9158740000287 449.8376347933663 390.84149145427614 448.78294101137726 404.89877472709986 English 0
447.944667260017 408.25592174176063 449.1918920000171 392.46339999997895 484.6412003102887 395.2626485518124 483.3940653363243 411.0550863704566 English 0
484.799371637273 410.99167541394104 485.7942550000007 397.60093699998464 517.0268469849543 399.92108506082263 516.0320310356474 413.311760203061 English 0
516.4271723006823 414.01886731989055 517.567624000003 401.5295240000296 561.3931968187535 405.5308160150346 560.2528354948299 418.0200755244623 English 0
208.009154626925 203.1780820790159 202.90112800001225 221.7146679999933 141.0746858638595 204.6778399634817 146.18276799999876 186.14134399999557 Manipuri 0
204.80464002626832 220.28745669888724 208.2733030000236 204.93853700002407 236.85106654920673 211.39652180516975 233.38244522063178 226.7454052742126 Manipuri 0
265.63717713564984 222.1217406238112 262.1090340000228 235.68173799997857 235.98404614363972 228.88455672877373 239.51220900002227 215.32459000000304 Manipuri 0
262.0440854163462 239.6201082312038 266.3829889999761 222.2604180000238 296.6055968845467 229.81398077147017 292.2667480691598 247.17362373389642 Manipuri 0
292.8507252331474 244.60772951940595 297.22723599996243 228.70327300003316 317.04254641874286 234.15572556422373 312.6660696136969 250.06015294008296 Manipuri 0