162.05420573001902 379.35967980694164 147.40298699995037 381.41858300000297 141.53918378578965 339.69510561049054 156.19023999999627 337.6362140000018 English 0
268.94498402631143 280.8564696196738 285.51383251724474 313.8060495369476 170.20858935145952 371.7822484789865 153.64034408332373 338.8331837565849 English 0
279.0664459999971 315.51991700002105 262.59768528630957 283.4817373412142 332.129316999999 247.74204900001703 348.5981146668928 279.7799665113711 English 0
367.29593099997146 268.11271499999515 351.2134641699231 236.02747640711752 432.1886760000052 195.44081999999793 448.2711851257045 227.52580821769777 English 0
188.95458300001337 404.12334700001156 172.9228189875721 372.5134474375761 300.13312466908246 308.0010391227409 316.1649806351488 339.61034051631475 English 0
311.3124689999677 343.84109000000757 294.845268996869 309.4798570429383 398.05838599997514 260.01931100001065 414.5256808560225 294.3801017558928 English 0
200.4618454304 425.66479396197735 170.94223749518278 438.729042294595 164.43401510681724 424.02505619416416 193.95349300000817 410.9608410000072 English 0
252.11286085570464 382.3207552680832 259.4333554455079 396.87894904976105 201.08094436509418 426.2172156310234 193.76061687427864 411.6591645582028 English 0
298.59113990496553 359.63160285016374 305.47666914331785 376.1051902686336 257.68095600004017 396.0802090000172 250.7955681434396 379.6067414278896 English 0
305.8172519999789 373.6964270000197 297.61131034734717 354.82529527636297 339.3773240000155 336.66538400001167 347.58330075404956 355.53640209028566 English 0
347.07351899996866 351.2024209999771 340.5532452325133 335.22270905829623 365.9821969999757 324.84769199997 372.502490855768 340.82734875523136 English 0
371.6736700000183 342.35934800002775 363.09461764503794 324.0805818159891 426.6909399999713 294.2340719999811 435.27002862516383 312.5126865023391 English 0
307.4501080902701 376.6974563604425 314.4512238634343 391.2098716300164 234.57149211040814 429.7404860579687 227.57060270225338 415.2282636360812 English 0
158.46134999999776 494.5808440000111 151.84081205712573 476.5317707240986 194.12490199996682 461.02419799999603 200.74550441924657 479.07312692821955 English 0
194.47957334152306 455.7116888348576 209.5433999999659 452.93294899999984 213.39536045197747 473.8115062868727 198.33153657789808 476.590235922502 English 0
216.54671800002689 465.4130639999986 209.49932969764632 445.7063782083424 243.1770680000045 433.6645280000265 250.22451098571764 453.37109580584934 English 0
372.93438271233754 377.18907120124305 380.0194715179532 394.0157442657336 322.46723610507615 418.2456883304926 315.38233043327637 401.4191705017266 English 0
454.23395514284493 335.0640319280335 462.49051909799164 352.25481269676334 380.0272992160899 391.85669738109925 371.77098475229286 374.666129134879 English 0
280.69588728802046 421.92848946522594 286.3732860626624 441.66077341744887 250.20491800001764 452.065517999977 244.52766009882907 432.33335435037475 English 0
316.8293030461791 397.46158167629034 325.62411786617304 419.4419408192889 288.49121500003093 434.29751100001573 279.6965604998695 412.3172876834067 English 0
264.9300643602328 450.53418967809245 271.6584719913226 467.30097694040074 220.58082078721782 487.7944564828166 213.85260307397402 471.02783015244887 English 0
320.29295686021214 424.9804291999659 329.2850529813586 446.1128182841353 272.4489878120221 470.29328346629796 263.4571474807308 449.1611111464787 English 0
323.93051499995636 442.24263499999444 315.95180898802937 422.4331562739668 371.6963129999931 399.98365900003125 379.6750888550014 419.79295128458295 English 0
398.478321217699 416.19934827342723 374.6901860000071 418.4130129999993 372.06317614080035 390.18538428368515 395.85111000000325 387.9717290000002 English 0
145.15263100001903 333.801701000032 137.57415570631565 315.4841889605451 165.19985500002804 304.05551300001883 172.7783530970919 322.3729598282011 Manipuri 0
203.04072656123026 283.11849434088276 212.12392718487536 302.65570316050383 171.68327799998224 321.4558660000261 162.6001924189768 301.9187549782639 Manipuri 0
244.69296838578884 260.5688424405245 253.8421514784568 279.41287139249425 210.71214700001292 300.352049999992 201.56307442688558 281.50811524757927 Manipuri 0
249.19658899998467 278.2475989999888 241.64588258085132 259.413251105366 281.07368700002553 243.60738100002442 288.62442279998504 262.4416512071013 Manipuri 0
317.8008727776614 223.36551194659265 327.7560914110654 240.4732462756662 286.4740925777005 264.4946186792416 276.51895947172306 247.38695847871617 Manipuri 0
378.0890236607229 186.88651699290926 391.45139366126386 210.37907381628213 326.1611824911233 247.51406260050925 312.7989765093662 224.02164743320444 Manipuri 0
430.7544162436534 162.25057639943768 440.85694732595584 187.03707627821476 385.7108210000297 209.51290100000108 375.6084098757128 184.72650263621694 Manipuri 0