322.37921758380253 199.60638834108192 322.86098800002947 224.3606739999737 195.51303614141943 226.8382700931765 195.031519999975 202.0842329999822 English 0
328.00566648031236 228.3876680533162 328.04848536012287 197.9929378391895 463.61970046848 198.18337682995303 463.57720912732475 228.5777778403496 English 0
201.9841834581166 236.03050671813213 202.47690161741048 220.03486843771995 311.770577954303 223.400919526556 311.2780137515074 239.39640781666992 English 0
385.70514250684937 227.88474002505637 384.5009706035489 243.5763727087578 310.2109475481848 237.87531373974045 311.4152119999926 222.18378199998793 English 0
257.73360409686575 260.2759825332789 262.77705943801266 285.3398294885641 197.1427930000209 298.5459450000045 192.09953607081843 273.4822711795669 English 0
261.17941804230213 282.75786159607554 259.9198310000065 258.5975789999789 290.9716698820557 256.97878243503106 292.23132809573144 281.1389893752943 English 0
197.04840528844215 219.03124534726314 207.64268000930315 236.66731186159453 160.1097607226984 265.21973246523834 149.51558702385228 247.5837539053328 English 0
227.45879563954077 182.34060026387314 229.63165849512734 197.81249283742204 189.032121376149 203.51402226667798 186.8593089999922 188.04217499999544 Manipuri 0
257.90605949448945 181.6455644884003 258.01864499997464 199.36554700001432 231.8806255038362 199.53157079909806 231.76807299998472 181.8116209999806 Manipuri 0
261.0204079999676 197.56407399998128 261.32342620767304 182.24368380021178 306.5545755696803 183.13823232384973 306.2516074456653 198.45857316705894 Manipuri 0
162.51363200004562 287.75239200001386 154.53610119591758 265.54829535919174 183.7453259999893 255.05450700002308 191.7228891519335 277.258534723165 English 0
220.90226913365768 238.31239336788286 227.4758061839384 264.63882879670086 187.2302430000127 274.68725300000574 180.6568267466355 248.3609218305955 English 0
230.0256839999929 260.1187650000184 228.73896003009577 240.84332031047592 254.31295312686416 239.13621099544952 255.59971958748065 258.411609760226 English 0
291.80077342105506 237.77592062092427 292.4598839999817 256.751517999982 256.6462338522979 257.995341823804 255.98718799999915 239.01980699997455 English 0
302.92346112211817 257.3755311674298 305.5085295176832 241.56737407499506 368.9108392904018 251.93477518395719 366.32587909414724 267.74283584742955 English 0
232.031943999973 311.45692999996834 228.0761309855734 289.80872452497107 275.88493422066676 281.0730454781315 279.8408363021008 302.72113465691586 English 0
382.314719374117 273.618468006841 381.0747540000011 256.6177510000161 453.78741704167624 251.3144582663408 455.02749360246526 268.31505366616483 English 0
483.10865306382766 253.29254122278402 482.7090119999775 270.64733600000983 449.07473651896 269.8727739383303 449.47443299999577 252.51803600000554 English 0
446.09665543299343 272.32756002641673 448.18873699994583 291.3642770000126 388.7085836954793 297.90033607394105 386.6166339999472 278.8637400000149 English 0
444.53338758903556 291.85526877074955 447.40858952696726 272.68541617910904 497.1616307703516 280.1471391586366 494.28654346113035 299.31688894352385 English 0
443.09942096908344 292.5370625055178 446.6418269999849 313.76420700003575 410.3142940672842 319.82602401664894 406.7719880000368 298.5989680000084 English 0
439.1848637797375 311.78205114073864 445.46379209074075 292.10801105179837 489.31063345400617 306.10061895766114 483.03182743860816 325.77455489385636 English 0
175.71936300002562 338.43188599998683 167.4997269827145 314.00314409801814 226.16110700000718 294.2664930000244 234.38083242574066 318.6950560282425 English 0
166.07600499999535 312.39078700001534 158.26707707434252 292.2546986122904 189.5110890000069 280.13881199998116 197.32004707409942 300.2748260245736 English 0
141.8095380000159 403.49386099998804 178.81089808295656 372.9251537913934 193.32184112645336 390.48773274438423 156.32057549519232 421.05633689682656 English 0
183.0757917691517 197.10405155660033 192.74930333296652 221.38292936919123 161.55759064044105 233.8102306731564 151.88415600001463 209.53141799997465 English 0