268.02757234800083 262.97180654820943 272.4942385318718 305.52575240604693 85.507512999975 325.1491589999687 81.04179683978145 282.59608336698716 English 0
402.3328245122684 234.6616942527044 408.7177791084832 283.27504034247755 278.2641390000208 300.40694500002985 271.87988769452204 251.7942353000593 English 0
417.18806299999414 276.9011689999757 411.2383325925475 231.49558366263992 541.2866869119898 214.45488879542165 547.236876959505 259.8599317587921 English 0
15.913186999969184 460.5061720000035 40.60388345576939 457.66024491791933 56.974088382703485 599.65704870892 32.283406341666705 602.5028954444483 English 0
103.30478387848416 367.1725599984228 92.164821999977 366.24415299999885 93.89669439304271 345.4657825692228 105.03659499998321 346.39418699999715 English 0
104.44971500000975 347.54092500000064 129.00008763288497 344.62730692934116 131.2630737436848 363.69364299203994 106.71270244914922 366.607253658766 English 0
188.96509266436624 338.2379152373209 190.04408258340845 356.5827655260798 128.01204499999585 360.2306520000353 126.93321100174217 341.8859497518473 English 0
189.36806531288312 334.1234738964321 202.00426899995364 332.87603800000215 204.07811113196658 353.8817048745584 191.44190794671886 355.1291374001362 English 0
203.75228299999435 350.39358199999106 203.4302210531314 334.2353579814031 230.30626799998572 333.6996989999666 230.62838405974617 349.85786776255884 English 0
233.31010764086386 327.07791579105003 246.6574020000553 325.7813069999974 248.9085500962392 348.9526963686564 235.56125629300368 350.2493013601096 English 0
277.8025866911048 326.7930770348237 279.79849146409833 345.9837274221488 246.34217999999237 349.46290899996853 244.34636345926265 330.27233971204595 English 0
307.17215636766923 323.1869514396288 308.50432570172416 338.79357480966837 274.79488500001025 341.67064699996956 273.4627858023305 326.0640889502363 English 0
322.1225028043409 339.082447740008 307.5345329999982 339.26274000000035 307.27595986551023 318.3394237982947 321.86385499997414 318.1591319999999 English 0
323.73950041568605 337.790475682393 321.7369560000225 319.7867289999697 369.9574535076681 314.42353268016564 371.9600901629019 332.42717322332163 English 0
404.9430153231515 309.03286845995524 408.5717500437022 328.5667842982067 382.9690967677743 333.3224440881339 379.3404310000187 313.78858900000586 English 0
160.14224505634047 242.19012499944563 163.1758466613246 266.89362173142626 88.03174499997112 276.12052599998015 84.99834157919395 251.41720927956663 Manipuri 0
222.61730826292478 261.02840777146935 164.98867695772788 264.99185803897774 162.9365441842674 235.15288729772737 220.5648579999979 231.1894479999999 Manipuri 0
283.4507241193205 222.75120818450353 286.42529337943415 241.6537223886496 224.2418167863798 251.43850454745316 221.26736500002153 232.536094999972 Manipuri 0