171 211 203 211 203 234 171 234 Manipuri 0
211 218 240 218 240 238 211 238 Manipuri 0
243.91453400014143 242.2789339999903 246.1389649330522 223.40650897565678 360.6784437299211 236.90587555360028 358.45422573831456 255.77810622424505 Manipuri 0
153.90315567725338 233.72936683164772 193.572847220712 239.18260207903222 187.0353364101902 286.7375599106643 147.36564999999246 281.28435 English 0
196.99241365182388 287.0633490940106 202.6753099999769 242.04995099999718 380.96360150317196 264.55633001528594 375.28162094415165 309.5688954043947 English 0
215.87262186389125 309.8132309768892 217.10245300004317 293.98307699996406 253.72427104070084 296.8279655505507 252.49451007912285 312.6580537058705 English 0
255.6503017993964 300.9007597010746 289.67517541001143 305.52251830667575 288.1678684135113 316.6183586641631 254.1429960000096 311.9966060000043 English 0
237.3606899999868 328.7357089999641 238.54881250110338 314.16474395201516 273.69631334637234 317.03042381136873 272.5082569580263 331.6013271598622 English 0
274.9467124140938 329.40329192182963 276.3527199999953 318.25065599998715 302.39063524015364 321.5329653473671 300.9846667081001 332.68556584186314 English 0
320.6726065030671 319.37468824485114 290.8237578861008 316.79209634739755 291.810487255716 305.389065532447 321.65925699999207 307.9716539999975 English 0
423.49510323561844 203.08112556038833 427.58030800003326 162.53510500002426 486.51467489216884 168.47285215016254 482.429650524864 209.01870574737953 English 0
339.72721962934884 225.50375214661324 345.4612199999974 187.05638699996973 485.4951685915148 207.9397295078526 479.7616598269815 246.3866504066324 English 0
475.1747429103125 246.64782960842314 478.99453700003505 213.50634699997724 568.189178511966 223.78606168288314 564.3696698917483 256.92728316407175 English 0
444 309 461 309 461 317 444 317 English 0
462 312 473 312 473 318 462 318 English 0
475 313 503 313 503 320 475 320 English 0
458 322 471 322 471 327 458 327 English 0
472 323 480 323 480 328 472 328 English 0
480 323 483 323 483 327 480 327 English 0
484 324 492 324 492 329 484 329 English 0
482 300 490 300 490 305 482 305 English 0
460 280 497 280 497 299 460 299 English 0
437 354 448 354 448 358 437 358 English 0
448 355 454 355 454 358 448 358 English 0
454 356 460 356 460 358 454 358 English 0
461 356 470 356 470 359 461 359 English 0
472 357 479 357 479 360 472 360 English 0
480 357 490 357 490 360 480 360 English 0
490 358 501 358 501 361 490 361 English 0
503 358 511 358 511 361 503 361 English 0
511 359 520 359 520 362 511 362 English 0
466 367 471 367 471 373 466 373 English 0
472 367 500 367 500 374 472 374 English 0
437 373 443 373 443 376 437 376 English 0
444 373 450 373 450 376 444 376 English 0
450 373 456 373 456 377 450 377 English 0
456 373 461 373 461 377 456 377 English 0
461 373 464 373 464 377 461 377 English 0
464 374 470 374 470 377 464 377 English 0
471 374 475 374 475 377 471 377 English 0
476 374 482 374 482 377 476 377 English 0
482 375 487 375 487 378 482 378 English 0
487 374 495 374 495 378 487 378 English 0
423 267 435 267 435 276 423 276 Manipuri 0
506 179 514 179 514 191 506 191 Manipuri 0
516.2239585947827 192.76916616092814 517.9040299999906 180.90570999996476 547.0842836098018 185.0380180077304 545.4042395560828 196.90144950311432 Manipuri 0