343.24933854113624 201.84863798715185 339.4251169999916 226.31045599996958 213.58151753622224 206.63667282461432 217.40593000002264 182.17509000002647 English 0
343.7921559075039 231.16959714148894 349.1125533145532 201.24396721425467 482.59124718621024 224.97339024078633 477.27123975069844 254.8986741619848 English 0
218.35819515436015 216.81294743358978 221.6211075395404 201.1459345661628 328.6699510483595 223.43946959071613 325.4071994594415 239.10634170907866 English 0
400.70268192343065 240.69376739229267 396.7918745215866 255.93786535579696 324.6203691055416 237.42309530885166 328.5312420000264 222.17909799996505 English 0
269.05069918575464 250.37087957773343 269.66499612324696 275.92970476514745 202.7347279999958 277.537949999964 202.1206024314597 251.97929153683205 English 0
268.53984117558866 273.1095384360526 271.4950020000106 249.09760799999336 302.35642064071726 252.89554276210572 299.40134025280713 276.90739995052047 English 0
216.449355620789 199.2148665939321 223.82008242617303 218.4227290331339 172.05134554453252 238.2873364733355 164.68072086274333 219.07956053975067 English 0
252.7690083552443 168.3623526538825 252.22212099746685 183.97649467815182 211.24932346523565 182.5413724733719 211.79625099997793 166.9272719999671 Manipuri 0
282.8744740314869 172.96499281147558 279.90823400003137 190.43530599997123 254.13840996545332 186.05998182258435 257.104674000002 168.58969899998326 Manipuri 0
283.1772159999673 189.18245200001465 286.13605109792843 174.14744376561885 330.52470592738246 182.88271305765375 327.56592460369575 197.9176739691506 Manipuri 0
170.50594200001797 260.8950839999993 166.505547134293 237.6429840682636 197.09300700000313 232.3807990000299 201.09345393182593 255.6328332835992 English 0
236.59269025964022 222.34527237506148 238.49460084275051 249.41322265693225 197.1157900000253 252.3204290000032 195.2139847300714 225.25257798788917 English 0
241.79086399999505 245.4046200000194 243.87098086081096 226.1985910569996 269.3528851269366 228.95830079853351 267.27281563828 248.16428627312987 English 0
306.50738521319 234.12836375809658 303.8612640000065 252.93011399997192 268.3755786542315 247.93606000090452 271.0217499999999 229.13436999997595 English 0
314.0574169508909 255.3615895691031 319.34838311732165 240.24251605566923 379.9873035710334 261.46215901206034 374.6964475178538 276.58113898871034 English 0
234.85186500001873 296.31122600001805 234.71557508397382 274.3049836098744 283.3149855611555 274.00395066152964 283.4513882846659 296.0100792580904 English 0
389.42190956222476 285.14392599462604 391.15310299996054 268.1861900000288 463.68216870265314 275.5899715949235 461.9511154527572 292.5475781664355 English 0
492.2144700825447 282.6295164649718 488.80709600001865 299.6512379999857 455.81812653821544 293.0478981676007 459.22554600001604 276.02623800000623 English 0
452.4593884002388 294.9482390748051 451.21380299999146 314.0590580000073 391.50211019245035 310.1672390708891 392.74781499996607 291.0565490000345 English 0
447.5285055364657 313.90776348917603 453.6890899136779 295.5284727538701 501.3907779391593 311.5164804979702 495.23032022967527 329.8956635182251 English 0
445.9983918481157 314.3302597792955 445.80068700000993 335.8500650000291 408.9721774190548 335.5116050451811 409.1699769999832 313.9918950000154 English 0
438.8009894001152 332.6030093150954 448.4011417767033 314.3183007993897 489.1522948101192 335.71240734610336 479.55226450583723 353.9970111729826 English 0
174.71064700002898 313.09779499999036 170.8582365930488 287.6127798073148 232.05530799998087 278.36248999999265 235.90785977117775 303.84733075591646 English 0
169.73578199998883 285.7777670000029 165.5423376474937 264.5915257020099 198.4153309999965 258.08523099999576 202.60882888811466 279.27140043718106 English 0
130.01809499997762 371.2829530000064 171.76514814978873 347.60321971029873 183.0059898066247 367.4187687838042 141.25899060811207 391.0984278354926 English 0
206.49663618343766 175.19448050774298 211.80704539037833 200.7843239393087 178.9312213206722 207.60645753476751 173.62088199995924 182.01667500001403 English 0