156.71463987288007 362.5245249904239 141.92850200000976 363.04082500000095 140.45814118937415 320.93311524892204 155.24412099999608 320.416818000001 English 0
273.3162673570041 275.73416217225605 286.3500042971282 310.235271134667 165.61645779700484 355.841202201069 152.58333706937265 321.3406152175097 English 0
279.7589809999772 311.26573799998846 266.7295090865082 277.6815008825501 339.61588300000585 249.40574399999957 352.6454655981797 282.989707563448 English 0
372.4605380000139 273.34072999998045 359.8200796421588 239.75007512311254 444.59407499998633 207.85007800003189 457.23464976130344 241.44046073856612 English 0
180.87917899996683 389.9645339999777 168.23971378908027 356.85189819555103 301.49622951423225 305.99021352764026 314.1359486741567 339.102237024759 English 0
308.8679879999836 342.80239200001085 296.082920464105 306.90792079221046 403.90046400003484 268.50721499998735 416.6857491021801 304.40121861279243 English 0
190.0717045545025 412.5908133458514 159.34835062929778 422.49824254797323 154.41277750731388 407.19450495075756 185.1359919999959 397.28709999999467 English 0
245.9704546303692 374.8832025893904 251.72896230884362 390.1269148442035 190.6296525462676 413.20495768802124 184.87131679714366 397.96139106712656 English 0
294.56578532517597 357.1766494414757 299.6914896964154 374.2797597356581 250.06979899997532 389.14932000002534 244.94423862619442 372.04633258782536 English 0
300.28214099998877 371.9197709999773 294.0938792670204 352.2941927978102 337.5291660000221 338.59957100001736 343.7174919696554 358.22503098114623 English 0
343.6636670000007 353.8614440000274 338.8495608735684 337.2876742413529 365.22358000001987 329.6275850000236 370.03772021060286 346.20129688387124 English 0
369.0534079999634 347.6382299999849 362.4320992334833 328.5627576451645 428.7997489999543 305.52745999996785 435.4211367518292 324.6027698688746 English 0
301.59234688500874 375.07500429739457 307.03803654541844 390.2398183310313 223.56847888804623 420.20965954404124 218.1230235825933 405.0450442403617 English 0
141.09760899998946 476.7390849999743 136.4003140162822 458.09675091096693 180.07341600001382 447.09412299996654 184.7708056923875 465.7363129343276 English 0
180.98147093653097 441.848052417294 196.253216000041 440.6588699999991 197.90166308324842 461.82542217432103 182.62991852112464 463.01460034876186 English 0
201.91364199999953 453.802663000019 196.96507936641865 433.46718934513916 231.71673400000145 425.0116790000318 236.66537642078765 445.3470336236037 English 0
366.6665092986659 382.40890665733417 371.953791483902 399.88406155111284 312.18425031787774 417.9654234554355 306.89715835389507 400.4904307574685 English 0
451.9239626493072 349.01270843985003 458.33833351600333 366.9724528653936 372.1874175468838 397.73769843375715 365.77331557738944 379.7781821174215 English 0
270.25676918623503 417.2617100128293 273.84020855744893 437.4793836647018 236.78265700000338 444.0464759999725 233.19935525680194 423.828923777054 English 0
308.74972949997755 396.7058002293651 315.1985583876376 419.4851130016501 276.7164799999591 430.3778119999695 270.2678146915423 407.59863918022825 English 0
251.5872009343002 444.0627215107934 256.5259017167409 461.44105131635484 203.5861553147697 476.48315525613305 198.64764576814196 459.10498907999914 English 0
309.3179022417462 424.4359364592202 316.0515642959217 446.3925856437655 256.999510786045 464.49958089232484 250.26611126413627 442.5431552989127 English 0
311.13114899999346 441.9838279999869 305.26703710856964 421.4487584300081 363.05254600003536 404.9492370000248 368.91677407125826 425.4841122057098 English 0
387.9928310602554 423.8752797818945 364.10362700000405 423.590577 364.4416116616776 395.24327145188187 388.33060900004057 395.52797300000015 English 0
144.66779299997143 315.4495670000239 139.04569850281405 296.44017994047704 167.71451900000102 287.9618370000267 173.3366504013975 306.97116002993675 Manipuri 0
207.5366083267727 271.09495970752556 214.52772109332727 291.47462949534156 172.34359299996868 305.94457199996816 165.3525949651521 285.5649995788427 Manipuri 0
251.317753855692 253.02267935405538 258.44697962013015 272.71985474697806 213.36460699996678 289.0359919999996 206.23549344680214 269.33891176938954 Manipuri 0
253.94877200000337 271.0753510000258 248.4082539434894 251.55487707736563 289.27213299997675 239.95695999996738 294.81269841293397 259.47735506253196 Manipuri 0
327.9139712894539 223.6650071403389 336.0263715871406 241.7196527370918 292.45964769346756 261.2942824215121 284.34733896654507 243.23971460312208 Manipuri 0
391.684943046057 193.68765783876773 402.51846484192356 218.44829951647736 333.70427586363803 248.5551980973339 322.87093346225447 223.79470836386724 Manipuri 0
446.63699053206074 174.69171142194244 454.0932707659522 200.39843291441338 396.89989700003935 216.98681200000487 389.44374680213514 191.2802013876276 Manipuri 0