271.4905190507852 241.01264214703863 267.0371234566119 272.7014456788546 179.9223460000212 260.45884099996783 184.37595735653304 228.7702963495462 Manipuri 0
268 244 369 244 369 289 268 289 Manipuri 0
365 258 429 258 429 298 365 298 Manipuri 0
87 249 134 249 134 347 87 347 English 0
131 255 167 255 167 356 131 356 English 0
156 264 291 264 291 365 156 365 English 0
279 283 411 283 411 385 279 385 English 0
398 301 500 301 500 398 398 398 English 0
0 239 59 239 59 334 0 334 English 0
98 348 305 348 305 418 98 418 English 0
325 377 478 377 478 442 325 442 English 0