342.59904240716423 216.47546870642537 333.0853515025228 216.80768324603667 332.5907140000345 202.64281299999908 342.1043838832702 202.3105988280456 Manipuri 0
388.8490539635677 218.94271792996602 385.62133778737916 229.48256366960518 344.1331320758036 216.77760579249923 347.36086899996735 206.2377969999706 Manipuri 0
196.41195550146222 290.86590236669645 194.44990900767152 301.8570074002576 170.95265426774858 297.66268737417846 172.9147229999944 286.6716110000175 Manipuri 0
59.76910242003214 269.6818909847107 -7.887369355739793 252.96892859952374 0 221.04205000000067 67.6560840736056 237.75496226536563 Manipuri 0
200.75101520094904 209.46284390500574 212.54803600000741 163.2441140000181 302.547691607615 186.21519957732684 290.75103904986463 232.43361100646365 English 0
51.21348200002103 216.41840400000797 61.37632795042009 172.98218096739038 290.3410617548798 226.5502817820442 280.1791940808471 269.9856481751421 English 0
280.1175484074338 273.6193745964416 285.9298989999661 235.6490589999854 409.25558547001856 254.52587924396542 403.44375565495284 292.4957281619689 English 0
231.9735818260233 330.93931659153236 234.43256500002462 309.8439650000098 296.4819493638788 317.07606125183435 294.0231403515645 338.171253899105 English 0
270.4082350718818 343.50835747519955 270.9049409999716 337.8350410000029 284.4618758465367 339.02185888806946 283.9651804624009 344.69516556235277 English 0
230.3434412281058 350.86455621865724 229.42562799995358 358.7171339999737 198.10539473081008 355.05667028253083 199.02323599999363 347.20412499996996 English 0
233.02926000003936 358.8199239999718 233.56677869749547 351.9301943173668 251.78803297421837 353.35162312539603 251.2505321041681 360.2413361191766 English 0
302.34637245848717 360.0043056443724 301.2998263163172 367.9107362326436 253.78000507960678 361.6211417681185 254.8265939999692 353.71476199998654 English 0
246.36109350300103 367.49950472918283 245.5783362447255 374.00350673454744 222.0177915540262 371.1682338041396 222.80056700001296 364.6642530000237 English 0
247.58777000002738 373.1725210000129 248.328462623831 366.7053380220111 262.09795565955574 368.2822046072929 261.35727656961535 374.74937522057695 English 0
225 433 235 433 235 442 225 442 English 0
263 370 268 370 268 376 263 376 English 0
269 370 282 370 282 377 269 377 English 0
168 440 181 440 181 446 168 446 English 0
181 441 194 441 194 446 181 446 English 0
196 441 206 441 206 446 196 446 English 0
207 442 215 442 215 447 207 447 English 0
216 443 221 443 221 448 216 448 English 0
222 443 233 443 233 449 222 449 English 0
234 444 242 444 242 449 234 449 English 0
243 444 254 444 254 449 243 449 English 0
255 444 263 444 263 449 255 449 English 0
264 445 277 445 277 451 264 451 English 0
289 447 301 447 301 452 289 452 English 0
302 447 306 447 306 451 302 451 English 0
236.56734588934341 442.4206747572736 236.9133370000054 433.49735800000536 284.9096382974676 435.35794326772077 284.5637197019096 444.28119003467043 English 0
309.2845163610764 426.06461515723595 309.49717299998156 421.7623650000081 324.8816301654733 422.5226914068934 324.6689844626235 426.8249311044367 English 0
294.7810468914395 424.3372686795574 295.1132090000465 420.55088099997033 309.1990136530512 421.7863879859864 308.8668606104329 425.572767239949 English 0
292.42992430554295 420.50198363341934 292.0640699999785 424.71631999998925 272.4869319800928 423.0169813804805 272.8527980000217 418.802657999978 English 0
254.53806498175254 421.55782572703265 254.86150117772922 417.59683996353624 272.30768124980386 419.0212118835782 271.984256667929 422.98218680764927 English 0
241 416 252 416 252 421 241 421 English 0
220 415 236 415 236 422 220 422 English 0
209 414 220 414 220 419 209 419 English 0
197 413 208 413 208 418 197 418 English 0
195.32271545642288 412.8639515521571 195.0651729999663 417.1895039999967 174.87356993471622 415.9874159669034 175.13112499997078 411.66187699998204 English 0
91.8195499326248 277.3359468278868 80.85722836607601 342.64510768162523 2.9372020000300836 329.5663170000125 13.899988841658342 264.25773708247186 English 0