229 131 324 131 324 171 229 171 Manipuri 0
327 116 403 116 403 156 327 156 Manipuri 0
407.012809671578 115.04983024490713 508.10122399998363 95.91674699999862 513.2496360721416 123.11782434857997 412.161228496916 142.2508840718678 Manipuri 0
75 183 254 183 254 235 75 235 English 0
263 167 341 167 341 206 263 206 English 0
347 157 404 157 404 190 347 190 English 0
165 218 266 218 266 252 165 252 English 0
268 210 324 210 324 235 268 235 English 0
327 193 409 193 409 224 327 224 English 0
410 181 478 181 478 209 410 209 English 0
480 174 518 174 518 196 480 196 English 0
520 156 605 156 605 190 520 190 English 0
528 189 589 189 589 214 528 214 English 0
504 202 526 202 526 216 504 216 English 0
487 202 502 202 502 220 487 220 English 0
460 209 485 209 485 227 460 227 English 0
444 210 460 210 460 228 444 228 English 0
369 215 443 215 443 241 369 241 English 0
342 227 367 227 367 246 342 246 English 0
292 233 339 233 339 257 292 257 English 0
267 244 291 244 291 259 267 259 English 0
250 245 265 245 265 263 250 263 English 0
186 248 249 248 249 273 186 273 English 0
122 284 178 284 178 311 122 311 English 0
182 274 239 274 239 299 182 299 English 0
241 269 270 269 270 290 241 290 English 0
274 251 374 251 374 281 274 281 English 0
265 288 318 288 318 314 265 314 English 0
319 278 373 278 373 305 319 305 English 0
377 266 423 266 423 290 377 290 English 0
376 243 419 243 419 265 376 265 English 0
419 234 457 234 457 256 419 256 English 0
462 230 489 230 489 248 462 248 English 0
491 219 534 219 534 242 491 242 English 0
535 210 585 210 585 234 535 234 English 0
588 203 628 203 628 227 588 227 English 0
179 338 207 338 207 367 179 367 English 0
207 329 251 329 251 358 207 358 English 0
251 324 270 324 270 348 251 348 English 0
202 371 217 371 217 391 202 391 English 0
218 370 241 370 241 389 218 389 English 0
241 364 271 364 271 384 241 384 English 0
15 410 39 410 39 433 15 433 English 0
38 409 48 409 48 425 38 425 English 0
47 404 70 404 70 427 47 427 English 0
91 399 115 399 115 419 91 419 English 0
86 431 121 431 121 456 86 456 English 0
59 462 98 462 98 486 59 486 English 0
20 442 54 442 54 465 20 465 English 0
24 468 61 468 61 495 24 495 English 0
67 434 88 434 88 457 67 457 English 0
206 397 228 397 228 419 206 419 English 0
211 421 244 421 244 443 211 443 English 0
215 447 254 447 254 468 215 468 English 0
238 470 271 470 271 491 238 491 English 0
272 460 320 460 320 484 272 484 English 0
319 450 360 450 360 473 319 473 English 0
377 414 414 414 414 437 377 437 English 0
413 409 441 409 441 430 413 430 English 0
442 404 468 404 468 423 442 423 English 0
403 386 425 386 425 408 403 408 English 0
362 394 386 394 386 412 362 412 English 0
366 420 379 420 379 441 366 441 English 0
328 431 347 431 347 448 328 448 English 0
313 431 328 431 328 450 313 450 English 0
273 436 304 436 304 457 273 457 English 0
254 442 274 442 274 460 254 460 English 0
244 416 271 416 271 435 244 435 English 0
272 413 282 413 282 431 272 431 English 0
282 410 302 410 302 430 282 430 English 0
303 405 329 405 329 426 303 426 English 0
328 398 360 398 360 420 328 420 English 0
227 391 269 391 269 414 227 414 English 0
279 382 307 382 307 405 279 405 English 0
270 360 293 360 293 378 270 378 English 0
292 356 302 356 302 375 292 375 English 0
303 356 318 356 318 373 303 373 English 0
318 348 352 348 352 369 318 369 English 0
353 343 377 343 377 362 353 362 English 0
376 336 396 336 396 362 376 362 English 0
396 336 423 336 423 355 396 355 English 0
456 323 484 323 484 343 456 343 English 0
446 328 456 328 456 346 446 346 English 0
423 332 445 332 445 350 423 350 English 0
456 350 487 350 487 374 456 374 English 0
486 346 496 346 496 364 486 364 English 0
495 343 509 343 509 361 495 361 English 0
510 337 548 337 548 357 510 357 English 0
384 363 415 363 415 382 384 382 English 0
347 370 385 370 385 390 347 390 English 0
332 376 347 376 347 393 332 393 English 0
317 379 333 379 333 396 317 396 English 0
306 381 316 381 316 398 306 398 English 0