304.5938269999897 313.0612689999686 287.58592811747803 270.1247337018671 559.0650769999775 162.58911099999636 576.073405224306 205.5245267527917 English 0
438.102332999988 312.6081669999693 422.69111977562716 268.235538900954 528.3990349999658 231.52348299997294 543.8104909504182 275.8956069081052 English 0
375.4546429999755 334.87617100000796 361.7669549994025 296.27615195770136 421.52969399998256 275.0854910000238 435.2175127537339 313.68523343040914 English 0
272.78948999999557 368.1536430000057 260.7683765551337 329.07511544847944 364.89213299995754 297.0473769999693 376.91354080969177 336.1253794368082 English 0
268.2619848943432 335.9388950380875 275.7545283232321 370.9726568116636 231.7332809999789 380.38617400003557 224.24097852723207 345.35262239725597 English 0
215.5648042631219 345.0568266766467 229.20906700004707 345.19741900000014 228.95440172978851 369.90997186152237 215.3101389999938 369.76938000000007 English 0
331.65404799998214 370.6515669999768 328.12596601594123 357.9117027191813 377.1863309999753 344.326475999996 380.7144658056495 357.0662539701774 English 0
414 329 431 329 431 344 414 344 English 0
454.5257860000129 331.84151499997716 450.1917212198896 316.9221971820092 519.0279659999942 296.9265119999769 523.362104539774 311.8457050586719 English 0
625.663763229968 195.6169506748255 642.4945526761439 244.64524387872245 549.8490530816343 276.4473142003867 533.0187589999696 227.41944099996633 English 0
274.9550398680731 296.51069406846796 282.00497857207665 313.73063837230796 202.7929574180598 346.1575419415765 195.74322607557406 328.9377732124311 Manipuri 0
319 361 327 361 327 369 319 369 English 0
441 320 451 320 451 329 441 329 English 0