248 133 341 133 341 163 248 163 Manipuri 0
348 125 422 125 422 158 348 158 Manipuri 0
427.9592783021508 125.26798585699879 530.4938640000182 116.80623000000185 532.7707973683573 144.39644784865555 430.236213223543 152.85819193889742 Manipuri 0
88 176 266 176 266 210 88 210 English 0
278 170 354 170 354 201 278 201 English 0
363 166 418 166 418 193 363 193 English 0
175 213 275 213 275 237 175 237 English 0
279 211 334 211 334 230 279 230 English 0
340 203 420 203 420 226 340 226 English 0
423 198 490 198 490 219 423 219 English 0
493 195 530 195 530 213 493 213 English 0
534 186 618 186 618 211 534 211 English 0
539 218 599 218 599 237 539 237 English 0
515 224 536 224 536 236 515 236 English 0
498 222 511 222 511 238 498 238 English 0
471 226 495 226 495 242 471 242 English 0
455 225 470 225 470 242 455 242 English 0
379 228 452 228 452 247 379 247 English 0
351 232 375 232 375 249 351 249 English 0
300 236 346 236 346 255 300 255 English 0
276 241 298 241 298 254 276 254 English 0
258 240 272 240 272 256 258 256 English 0
194 241 256 241 256 260 194 260 English 0
126 269 181 269 181 291 126 291 English 0
187 265 243 265 243 285 187 285 English 0
246 264 274 264 274 282 246 282 English 0
280 257 379 257 379 276 280 276 English 0
268 287 320 287 320 308 268 308 English 0
323 283 376 283 376 305 323 305 English 0
382 277 426 277 426 297 382 297 English 0
383 253 425 253 425 271 383 271 English 0
427 249 464 249 464 267 427 267 English 0
470 248 496 248 496 264 470 264 English 0
499 242 541 242 541 261 499 261 English 0
545 238 593 238 593 258 545 258 English 0
598 236 636 236 636 256 598 256 English 0
178 326 203 326 203 352 178 352 English 0
206 322 248 322 248 346 206 346 English 0
251 318 268 318 268 340 251 340 English 0
197 360 211 360 211 378 197 378 English 0
213 361 234 361 234 378 213 378 English 0
237 359 265 359 265 376 237 376 English 0
7 379 29 379 29 400 7 400 English 0
30 380 38 380 38 395 30 395 English 0
39 377 60 377 60 398 39 398 English 0
83 377 105 377 105 395 83 395 English 0
76 409 109 409 109 431 76 431 English 0
45 438 83 438 83 458 45 458 English 0
8 414 41 414 41 434 8 434 English 0
10 440 45 440 45 463 10 463 English 0
56 409 75 409 75 431 56 431 English 0
198 387 218 387 218 407 198 407 English 0
201 412 232 412 232 431 201 431 English 0
202 439 240 439 240 456 202 456 English 0
223 464 254 464 254 482 223 482 English 0
257 459 304 459 304 478 257 478 English 0
305 454 345 454 345 473 305 473 English 0
366 423 402 423 402 442 366 442 English 0
403 421 430 421 430 439 403 439 English 0
432 419 457 419 457 435 432 435 English 0
396 396 416 396 416 416 396 416 English 0
353 400 376 400 376 416 353 416 English 0
355 425 366 425 366 445 355 445 English 0
315 433 333 433 333 449 315 449 English 0
301 431 314 431 314 448 301 448 English 0
260 433 290 433 290 451 260 451 English 0
241 436 260 436 260 453 241 453 English 0
234 410 260 410 260 427 234 427 English 0
262 408 270 408 270 426 262 426 English 0
273 407 292 407 292 425 273 425 English 0
293 406 318 406 318 424 293 424 English 0
319 401 350 401 350 420 319 420 English 0
220 385 260 385 260 404 220 404 English 0
272 380 299 380 299 400 272 400 English 0
265 357 287 357 287 373 265 373 English 0
289 354 297 354 297 372 289 372 English 0
299 355 313 355 313 370 299 370 English 0
315 350 347 350 347 368 315 368 English 0
350 349 372 349 372 366 350 366 English 0
374 344 392 344 392 368 374 368 English 0
393 346 419 346 419 362 393 362 English 0
454 339 481 339 481 357 454 357 English 0
444 341 453 341 453 359 444 359 English 0
421 344 442 344 442 360 421 360 English 0
452 367 481 367 481 388 452 388 English 0
483 364 491 364 491 381 483 381 English 0
492 363 504 363 504 380 492 380 English 0
507 361 544 361 544 377 507 377 English 0
379 372 409 372 409 389 379 389 English 0
341 376 378 376 378 393 341 393 English 0
326 378 340 378 340 393 326 393 English 0
310 380 325 380 325 395 310 395 English 0
300 380 309 380 309 397 300 397 English 0