267 121 313 121 313 151 267 151 Manipuri 0
318 131 385 131 385 162 318 162 Manipuri 0
178 169 205 169 205 188 178 188 English 0
206 175 245 175 245 195 206 195 English 0
247 183 264 183 264 199 247 199 English 0
264 187 314 187 314 209 264 209 English 0
326 199 379 199 379 220 326 220 English 0
382 209 445 209 445 232 382 232 English 0
344 218 369 218 369 233 344 233 English 0
312 211 345 211 345 229 312 229 English 0
279 206 310 206 310 223 279 223 English 0
213 194 247 194 247 211 213 211 English 0
253 218 274 218 274 232 253 232 English 0
278 220 302 220 302 236 278 236 English 0
303 225 330 225 330 242 303 242 English 0
329 231 367 231 367 249 329 249 English 0
313 350 349 350 349 366 313 366 English 0
166 324 213 324 213 343 166 343 English 0
221 333 247 333 247 351 221 351 English 0
248 339 272 339 272 353 248 353 English 0
323 160 466 160 466 220 323 220 English 0
166 128 320 128 320 193 166 193 English 0