82 239 165 239 165 279 82 279 Manipuri 0
168 210 276 210 276 251 168 251 Manipuri 0
284 194 341 194 341 227 284 227 Manipuri 0
349 178 406 178 406 210 349 210 Manipuri 0
435 173 555 173 555 239 435 239 English 0
345 208 429 208 429 262 345 262 English 0
134 235 343 235 343 311 134 311 English 0
0 275 133 275 133 345 0 345 English 0
427 377 481 377 481 403 427 403 English 0
481 364 535 364 535 390 481 390 English 0
536 351 583 351 583 377 536 377 English 0
586 340 625 340 625 364 586 364 English 0
624 332 640 332 640 353 624 353 English 0