287 85 330 85 330 107 287 107 Manipuri 0
332 94 406 94 406 126 332 126 Manipuri 0
290 252 351 252 351 288 290 288 Manipuri 0
355 263 428 263 428 303 355 303 Manipuri 0
196 580 238 580 238 610 196 610 Manipuri 0
242 588 292 588 292 620 242 620 Manipuri 0
297 594 357 594 357 632 297 632 Manipuri 0
360 604 436 604 436 640 360 640 Manipuri 0
146 152 212 152 212 187 146 187 English 0
211 166 284 166 284 201 211 201 English 0
285 181 337 181 337 211 285 211 English 0
346 193 409 193 409 227 346 227 English 0
409 207 449 207 449 233 409 233 English 0
322 301 463 301 463 368 322 368 English 0
291 294 316 294 316 335 291 335 English 0
252 283 285 283 285 329 252 329 English 0
150 82 326 82 326 175 150 175 English 0
321 118 490 118 490 207 321 207 English 0
361 235 378 235 378 250 361 250 English 0
297 220 320 220 320 238 297 238 English 0
489 148 520 148 520 211 489 211 English 0
161.91189299992402 402.6699619999801 180.01167835638626 316.4350775146733 521.8223670209409 388.1642983511837 503.7276630970882 474.39473522194845 English 0