327 26 385 26 385 54 327 54 Manipuri 0
390 28 466 28 466 60 390 60 Manipuri 0
280 360 318 360 318 387 280 387 Manipuri 0
327 364 371 364 371 389 327 389 Manipuri 0
382 365 432 365 432 394 382 394 Manipuri 0
443 364 514 364 514 393 443 393 Manipuri 0
365 71 501 71 501 122 365 122 English 0
292 67 321 67 321 107 292 107 English 0
331 69 353 69 353 111 331 111 English 0
222 119 564 119 564 216 222 216 English 0
322 463 380 463 380 484 322 484 English 0
383 464 431 464 431 485 383 485 English 0
438 466 490 466 490 492 438 492 English 0
496 466 528 466 528 487 496 487 English 0
346 490 407 490 407 510 346 510 English 0
412 491 431 491 431 507 412 507 English 0
359 515 395 515 395 532 359 532 English 0
401 397 598 397 598 464 401 464 English 0
277 397 393 397 393 457 277 457 English 0
332 577 484 577 484 635 332 635 English 0
295 538 326 538 326 558 295 558 English 0
436 542 470 542 470 562 436 562 English 0
357 513 400 513 400 533 357 533 English 0