147.6224802827346 356.6731290286207 103.689416605921 353.7241888436489 108.74165699999139 278.46855700000094 152.6739420494414 281.41747099056107 English 0
167.14781018774374 281.57545468394443 195.57056862708123 285.1627693509983 185.8370709999872 362.27686800000293 157.41431857321004 358.6895867026283 English 0
186.17268659705587 357.84942079541673 191.7466450000211 287.7710560000157 339.1955549092381 299.49743196951 333.62295335355157 369.57452737882636 English 0
334.4085484324023 369.9649294312465 340.41753899997275 306.48210500002625 489.2498369655368 320.5679349009711 483.2421651886398 384.04953725474456 English 0
598.1596368524333 332.5044739768116 591.1588379999739 394.9311749999819 481.2944795608928 382.61045767420944 488.2960759999696 320.1846720000127 English 0
117.70170627794869 249.6078511094405 115.34405035963573 271.3412008781757 60.60119100002339 265.40274199997583 62.95894698778284 243.66950706880607 Manipuri 0
171.9511706873891 254.34840354538733 169.39922649849905 279.2300219098753 116.80517193759442 273.8358784151202 119.35723000002326 248.95438899999624 Manipuri 0
175.83129491358704 251.63805066925852 280.2587818582833 263.13575264877926 277.05886543772067 292.19730398655446 172.63138399997842 280.69963599999716 Manipuri 0
384.4879587417381 278.84651332428325 380.96752667377586 304.24173393979794 278.0566965394246 289.9758073926371 281.57736100001785 264.5808649999875 Manipuri 0
379.3565330000274 303.57261699999236 382.1136808783194 276.95529139766796 449.9266910000006 283.97909999998245 447.1697588139068 310.5962270437261 Manipuri 0
195.1976259323419 375.45219464151813 193.85254300002998 391.01855800001346 137.77845312812133 386.1734632999705 139.1236480000225 370.6072240000196 English 0
195.1117947367311 394.6111657751857 196.48021499997412 376.87942699997933 247.2396666995337 380.7961619862533 245.87138549701194 398.52777053465263 English 0
296.2440376129234 386.16086296686575 294.21009600002435 404.48474399998463 246.05628254641488 399.14007756841244 248.0903369999578 380.8163260000348 English 0
347.3986856499687 406.66114577446274 293.12897249408707 402.9124890255883 294.44552276261675 383.8566844607731 348.71493383994675 387.6053307789218 English 0
346.86106299996027 409.16953499999363 348.51662031258456 386.3699161496785 424.0789764477813 391.855825439216 422.42369335835974 414.655186389534 English 0
420.85987443286285 412.9609858509343 423.2289899999887 395.47083700000417 467.8527163140825 401.5144878287923 465.4837329269503 419.0045174094395 English 0
511.2708434562228 403.55856837769977 509.8940959999891 430.5167539999844 463.8108229408681 428.1633309017575 465.18775199998345 401.2053369999901 English 0