150 347 221 347 221 387 150 387 English 0
222 356 255 356 255 392 222 392 English 0
259 361 298 361 298 397 259 397 English 0
298 367 397 367 397 412 298 412 English 0
169 393 194 393 194 406 169 406 English 0
199 400 214 400 214 408 199 408 English 0
216 399 229 399 229 412 216 412 English 0
230 405 241 405 241 414 230 414 English 0
243 403 249 403 249 412 243 412 English 0
264 408 286 408 286 419 264 419 English 0
291 409 331 409 331 425 291 425 English 0
336 416 355 416 355 428 336 428 English 0
356 421 369 421 369 431 356 431 English 0
142 409 173 409 173 428 142 428 English 0
173 413 205 413 205 430 173 430 English 0
209 420 238 420 238 437 209 437 English 0
241 424 269 424 269 439 241 439 English 0
270 428 297 428 297 443 270 443 English 0
301 432 342 432 342 452 301 452 English 0
343 436 365 436 365 454 343 454 English 0
368 442 390 442 390 457 368 457 English 0
190 434 226 434 226 453 190 453 English 0
225 438 250 438 250 454 225 454 English 0
296 449 334 449 334 468 296 468 English 0
213 325 240 325 240 344 213 344 Manipuri 0
243 328 265 328 265 348 243 348 Manipuri 0
269 336 287 336 287 356 269 356 Manipuri 0
294 338 346 338 346 358 294 358 Manipuri 0