371.88962046631787 277.60935341316167 355.39801079401514 316.31260909294167 147.55298848234816 227.75095756373472 164.04486799998267 189.04851499997224 English 0
359.8764038547233 307.3619131943493 370.01644800002396 280.30417799998025 446.15003456863633 308.8335830409165 436.01028811310243 335.8910657036571 English 0
464.6049730548111 347.99180386754017 473.4472570000071 323.4081839999759 535.8872945690382 345.8646772926992 527.0452591004869 370.448086202045 English 0
526.6401251139905 373.3678427213499 533.5510310000245 349.04157799998495 575.5649084798642 360.97620240742924 568.6541723703704 385.3023215777727 English 0
382.84978146206413 411.93701288517053 386.09093200000643 398.2177649999724 437.1573363566131 410.2804920265651 433.9163129775261 423.9996297999846 English 0
432.56286156021815 427.18422053756865 436.265551999968 411.78132000003336 470.84084901449387 420.09170411271947 467.1382583912782 435.4945183321976 English 0
468.53589198712143 435.6516487544741 471.61359199999424 422.58147600003224 502.0989983671461 429.75900395133345 499.02137443634274 442.8291108109107 English 0
499.3007466287236 443.58924399890066 502.381211000029 431.43214599998464 545.0415638329287 442.2401168325407 541.9612017526379 454.39712666610427 English 0
227.66295236579026 187.09718193052663 219.7180230000231 204.60642399999836 161.3179040070827 178.10752601761862 169.2628539999714 160.5983599999985 Manipuri 0
221.82132671754516 203.49454373317016 227.64842199998384 188.8772279999967 254.86414212959062 199.72626656217238 249.03708482772345 214.3435500598007 Manipuri 0
281.6180559887289 214.82258918307778 276.0120509999979 227.66369399999076 251.27197549481934 216.86333004453843 256.877988999986 204.0222529999859 Manipuri 0
275.3317354356841 231.54338455836427 282.33294199999364 215.076206000031 311.00190175719035 227.26466562639845 304.00074683835555 243.73180036522965 Manipuri 0
304.9788552628888 241.28881779029945 311.78956099996867 226.26484200002537 330.50803859659936 234.7500008898852 323.6973650561413 249.77394931765272 Manipuri 0