367.17421348228527 272.4174153112345 354.8187430218968 312.63261907445866 138.85508892140933 246.28196747834025 151.2110489999759 206.06763100002158 English 0
358.33710286686255 303.26297975000307 365.5931099999725 275.29349399996784 444.29155349949724 295.70840039430027 437.035841020479 323.677632315887 English 0
466.7390075032017 332.723191071668 472.96290899997985 307.3499080000253 537.4079721278395 323.15651072409656 531.1843087145098 348.5295878499031 English 0
531.0868871310959 351.4757677421986 535.4168480000226 326.56032400003403 578.4477756443812 334.0378345532956 574.1179716237093 358.9531390242714 English 0
392.1157005562418 404.8638056608321 393.9048619999812 390.88089599999637 445.95223034084484 397.53960643922034 444.16318972864246 411.52240656828184 English 0
443.1502579750668 414.8310623753077 445.2223980000417 399.12547300000995 480.47673049921286 403.7761815675498 478.40468452021014 419.48168591158145 English 0
479.8112887608295 419.4918943508766 481.5057209999941 406.17158800000277 512.5741762683901 410.12316388840816 510.87981502641924 423.4434058531513 English 0
511.237314378086 424.17020738972144 513.0299389999709 411.7576810000138 556.5861306029547 418.04717081833564 554.7936012519494 430.4596116138034 English 0
214.2766368494631 197.47705364987223 208.20546499999182 215.72088299997807 147.35538441418612 195.47164506184 153.4266000000207 177.22790100002527 Manipuri 0
210.18104652437614 214.3952458654394 214.44827200000873 199.24890100000624 242.64890501603077 207.1936837595444 238.38172025010863 222.33999370614086 Manipuri 0
270.8342513331445 219.41075506230703 266.6012490000139 232.76751399996965 240.86778455850435 224.61236721954182 245.100803000023 211.255637999982 Manipuri 0
266.3302437753737 236.69707933916328 271.5717639999639 219.58826900002845 301.3576599687076 228.7132196901391 296.11619387418614 245.82198384413684 Manipuri 0
296.8336314275075 243.29015911266922 302.03654700002517 227.63655699997366 321.5393706820032 234.11860132882362 316.336488734305 249.77217484260154 Manipuri 0