273.1956796706072 258.65920414857817 273.93627847224707 301.4404095787868 85.95104899999569 304.69219800000326 85.2113049379841 261.9118305184137 English 0
409.45724403776694 242.1621497254181 411.5807965097338 291.1469490662846 280.1306029999978 296.8439830000151 278.0077222318505 247.85982983547623 English 0
420.5745439999737 285.5356709999938 418.6050482945575 239.7842934220442 549.643679830333 234.14308322387262 551.6137292539497 279.89388238431667 English 0
4.824408999993466 433.46859100000086 29.669135934163933 432.78493490973665 33.60157050250564 575.6680870392414 8.756844486197224 576.3517247657793 English 0
100.01802201062674 348.1067516107354 89.00135999996564 346.2110359999938 92.53758432263567 325.66274334677075 103.55418999999529 327.55845400000464 English 0
102.86959899996873 328.649678 127.58048050513025 327.8866413224626 128.1731209888676 347.0776512081088 103.46223957749316 347.8406860439253 English 0
187.8741808650375 326.7480830663112 187.35006179354968 345.1171435483178 125.23628499999177 343.344709999973 125.76054198238126 324.9757917604277 English 0
188.63421759553603 322.6845069400749 201.33105799999612 322.5430359999999 201.56624894450943 343.64941343518234 188.8694085469615 343.79088400504793 English 0
201.54566500001238 340.14626900002247 202.63322802537004 324.02146647501246 229.45357199998398 325.8302429999675 228.36606590288284 341.95499184473397 English 0
233.02310734943603 319.495560875535 246.4326180000353 319.36707899999993 246.6556842780119 342.64639049671916 233.2461736334517 342.7748720035121 English 0
277.3711048728728 323.08947897462565 277.6867002197105 342.3810520978896 244.05460900001344 342.93109199996377 243.739095225028 323.63959918733815 English 0
306.9432092691568 322.05680105822944 306.9099942703906 337.7201361457893 273.0781830000342 337.64829900002655 273.11146285777795 321.98502897084757 English 0
320.4512829887244 339.19472156489974 305.9031089999917 338.1030019999991 307.4691050621914 317.23686522676053 322.017205000011 318.32858200000004 English 0
322.1745986005408 338.04869936429066 321.74893399998837 319.9389260000187 370.25349793650093 318.7988455709011 370.679267299638 336.908511412737 English 0
405.57562859954487 316.4778674457988 407.4879483172117 336.2537246454593 381.5682347903203 338.7598784623557 379.6559829999751 318.9840840000338 English 0
167.5321299942152 228.55371854138565 168.40101689493167 253.42758433108688 92.73880299995653 256.07013499997686 91.8700912676286 231.1964386905682 Manipuri 0
228.12757820822299 252.76535179345848 170.37281289711245 251.69127247891026 170.92912803665968 221.78697852925663 228.68358799998532 222.86105500000033 Manipuri 0
292.06559642108914 219.93579087314757 293.38131647760747 239.02562981580988 230.58166422146314 243.3535407029617 229.26605399996333 224.2638050000173 Manipuri 0