91 197 195 197 195 274 91 274 English 0
195.92420096232672 276.92324366080516 208.57418999999936 219.41074299998473 522.6826726907166 288.4921739188751 510.0349295196065 346.0027103320064 English 0
514.449094528245 350.53627282630396 525.0100090000342 300.84817399997223 645.6516483944142 326.48707041121895 635.0916120816692 376.1744136499743 English 0
306 216 398 216 398 258 306 258 Manipuri 0
407 238 476 238 476 277 407 277 Manipuri 0
478 262 545 262 545 299 478 299 Manipuri 0
29 331 78 331 78 356 29 356 English 0
479 404 527 404 527 427 479 427 English 0
529 413 571 413 571 434 529 434 English 0
571 420 610 420 610 441 571 441 English 0
169 291 205 291 205 309 169 309 English 0
167 307 217 307 217 327 167 327 English 0