156 361 225 361 225 396 156 396 English 0
229 364 259 364 259 398 229 398 English 0
266 366 302 366 302 399 266 399 English 0
306 369 402 369 402 406 306 406 English 0
176 406 201 406 201 416 176 416 English 0
207 410 222 410 222 417 207 417 English 0
224 408 236 408 236 420 224 420 English 0
239 412 249 412 249 420 239 420 English 0
251 410 257 410 257 419 251 419 English 0
273 412 294 412 294 421 273 421 English 0
299 412 339 412 339 424 299 424 English 0
345 415 364 415 364 425 345 425 English 0
365 417 378 417 378 426 365 426 English 0
152 424 181 424 181 441 152 441 English 0
183 426 214 426 214 440 183 440 English 0
220 429 248 429 248 443 220 443 English 0
251 430 278 430 278 443 251 443 English 0
281 432 307 432 307 444 281 444 English 0
312 432 352 432 352 449 312 449 English 0
355 434 376 434 376 450 355 450 English 0
380 437 401 437 401 450 380 450 English 0
201 445 236 445 236 461 201 461 English 0
237 446 261 446 261 460 237 460 English 0
308 451 345 451 345 467 308 467 English 0
215 334 240 334 240 351 215 351 Manipuri 0
245 335 266 335 266 353 245 353 Manipuri 0
272 341 289 341 289 359 272 359 Manipuri 0
297 340 348 340 348 356 297 356 Manipuri 0