79 284 237 284 237 376 79 376 English 0
243 274 374 274 374 362 243 362 English 0
101 386 162 386 162 423 101 423 English 0
168 381 223 381 223 413 168 413 English 0
227 375 283 375 283 406 227 406 English 0
289 373 304 373 304 399 289 399 English 0
307 373 319 373 319 397 307 397 English 0
327 368 372 368 372 397 327 397 English 0
381 361 440 361 440 398 381 398 English 0
450 353 521 353 521 394 450 394 English 0
376 263 528 263 528 353 376 353 English 0
352 242 439 242 439 270 352 270 Manipuri 0
277 248 340 248 340 278 277 278 Manipuri 0
168 248 266 248 266 284 168 284 Manipuri 0
557 263 594 263 594 340 557 340 English 0
595 266 620 266 620 339 595 339 English 0
617 263 640 263 640 336 617 336 English 0
597 343 640 343 640 381 597 381 English 0
107 597 117 597 117 602 107 602 English 0
117 596 128 596 128 601 117 601 English 0
102 599 106 599 106 602 102 602 English 0