78 290 240 290 240 392 78 392 English 0
241 271 376 271 376 367 241 367 English 0
106 397 169 397 169 438 106 438 English 0
173 388 229 388 229 423 173 423 English 0
232 378 289 378 289 412 232 412 English 0
294 374 310 374 310 401 294 401 English 0
311 373 324 373 324 398 311 398 English 0
330 364 377 364 377 396 330 396 English 0
384 353 445 353 445 394 384 394 English 0
452 339 525 339 525 384 452 384 English 0
373 249 529 249 529 348 373 348 English 0
347 234 435 234 435 268 347 268 Manipuri 0
272 247 336 247 336 281 272 281 Manipuri 0
164 253 263 253 263 295 164 295 Manipuri 0
552 245 594 245 594 323 552 323 English 0
591 246 621 246 621 320 591 320 English 0
612 242 640 242 640 315 612 315 English 0
599 321 640 321 640 362 599 362 English 0
126 610 137 610 137 616 126 616 English 0
137 609 149 609 149 615 137 615 English 0
122 613 126 613 126 617 122 617 English 0