133.76964414084796 231.40748906917 132.28007500001695 202.7627939999816 218.1173921385198 198.2990816681087 219.60714714798087 226.94357876141328 English 0
310.255295465613 193.57339741999343 311.93181900001946 223.6686959999915 217.7446172197233 228.91495696028892 216.06832800003758 198.8198809999952 English 0
431 545 535 545 535 624 431 624 English 0
548 400 640 400 640 497 548 497 English 0
235 421 538 421 538 565 235 565 English 0
330 593 367 593 367 632 330 632 Manipuri 0
368 590 395 590 395 628 368 628 Manipuri 0
397 587 436 587 436 617 397 617 Manipuri 0
536 551 564 551 564 587 536 587 Manipuri 0
566 549 588 549 588 579 566 579 Manipuri 0
591 544 623 544 623 573 591 573 Manipuri 0
585 181 621 181 621 209 585 209 English 0