150 217 244 217 244 260 150 260 English 0
248 202 437 202 437 260 248 260 English 0
211 138 252 138 252 162 211 162 Manipuri 0
257 133 302 133 302 155 257 155 Manipuri 0
306 131 343 131 343 152 306 152 Manipuri 0
346 126 412 126 412 150 346 150 Manipuri 0
142 115 365 115 365 227 142 227 English 0
152 274 167 274 167 286 152 286 English 0
169 273 192 273 192 286 169 286 English 0
193 271 198 271 198 281 193 281 English 0
201 269 233 269 233 284 201 284 English 0
234 267 260 267 260 281 234 281 English 0
260 264 285 264 285 277 260 277 English 0
288 260 325 260 325 275 288 275 English 0
325 257 349 257 349 271 325 271 English 0
353 256 374 256 374 270 353 270 English 0
376 252 402 252 402 269 376 269 English 0
409 249 429 249 429 264 409 264 English 0
431 251 441 251 441 259 431 259 English 0
21 360 75 360 75 386 21 386 English 0
78 355 104 355 104 378 78 378 English 0