260 90 302 90 302 107 260 107 Manipuri 0
307 94 380 94 380 117 307 117 Manipuri 0
285 256 343 256 343 285 285 285 Manipuri 0
351 259 421 259 421 291 351 291 Manipuri 0
232 593 271 593 271 619 232 619 Manipuri 0
279 595 326 595 326 622 279 622 Manipuri 0
334 594 391 594 391 625 334 625 Manipuri 0
398 597 472 597 472 627 398 627 Manipuri 0
130 174 193 174 193 202 130 202 English 0
196 180 267 180 267 207 196 207 English 0
271 186 321 186 321 210 271 210 English 0
333 191 393 191 393 218 333 218 English 0
397 196 435 196 435 218 397 218 English 0
325 300 462 300 462 351 325 351 English 0
292 297 313 297 313 336 292 336 English 0
253 291 281 291 281 334 253 334 English 0
131 103 300 103 300 176 131 176 English 0
304 118 467 118 467 189 304 189 English 0
352 230 367 230 367 243 352 243 English 0
287 223 308 223 308 239 287 239 English 0
474 128 498 128 498 189 474 189 English 0
173.16519200001494 421.319845999981 180.61969214621058 333.5220928472367 528.6238372023945 363.0601497227533 521.1741463691578 450.8534087678862 English 0