351 181 384 181 384 202 351 202 Manipuri 0
447.4321878074261 211.71042997110146 444.7443654041126 220.88614894138226 384.8320897720987 203.3365938544875 387.5199380000413 194.16091899996962 Manipuri 0
280 178 331 178 331 232 280 232 English 0
295 349 383 349 383 390 295 390 English 0
468 344 519 344 519 375 468 375 English 0
470 375 505 375 505 399 470 399 English 0
372 291 394 291 394 311 372 311 English 0
430.3190887474193 268.17946013812235 423.0375079999794 294.4298829999959 331.975302965875 269.17108829317783 339.25703499997326 242.92091400003113 English 0
494.24587386070925 287.60330244415917 487.9921089999698 312.70420599997647 423.3954961824202 296.61100643994877 429.6493809999811 271.5102839999661 English 0
332.892558373278 231.86781274984125 344.0959217221098 195.32599169898944 523.813711538096 250.42251700635688 512.6110709240311 286.96372162121475 English 0
290.0912809816509 316.1194065400826 295.91633099997125 294.90514600000137 371.28011669032276 315.5969713747369 365.455293980267 336.81103680420665 English 0
363.87145009910455 336.03878316532257 368.85854336265766 316.9261572830282 447.75307734365924 337.51028972407 442.76621097560565 356.6227204682817 English 0