313.1100439999864 145.89979000000147 398.40043214862817 131.27490535838035 402.5555552376318 155.50667464558504 317.2651722183218 170.13153916285768 English 0
370.6132660000003 134.49324799999448 364.34533035084314 100.92110712991413 404.8877740000171 93.35187600003553 411.1557544608513 126.92395838824353 English 0
113.24605650464946 340.6580521311875 115.47631652814744 361.8745537853209 79.68516200002341 365.63640900003304 77.45501115488878 344.42000785719813 English 0
116.49435600003926 363.91269099999636 114.47509171841375 341.62615402849315 262.6334510534798 328.20228445058183 264.65309822029667 350.48839490615825 English 0
88.10693100000208 415.16072699997767 87.6461174886208 394.96675897048885 139.78984956287604 393.7768868511382 140.25081784107897 413.97069649627724 English 0
186.8699611910415 395.1644511898845 186.8319095946208 409.7641684012231 136.70107226047548 409.6332838035125 136.73923299997114 395.03367600001195 English 0
187.51107900003262 412.2207250000007 186.8984316420392 396.16143575547306 202.91693527462485 395.55041876116115 203.52961973701895 411.609669317942 English 0
207.71271300131048 411.1456503682332 206.62693899997976 394.12343500003436 259.13674086630635 390.7743266529702 260.2226391473232 407.79640817048903 English 0
146.82918714715925 361.79636144491747 148.1316794304439 376.70005175429907 86.24122799999896 382.10801199997996 84.93887344149698 367.20444960745255 English 0
154.9046854783228 373.7351472500135 154.20701299997745 354.5862199999643 217.9063639477681 352.26543641660476 218.60419500124408 371.4141985169001 English 0
215.53426699996635 372.80893499998956 213.11884163304057 357.25727103778644 255.8448218213016 350.62179374464137 258.2603204430052 366.173367437217 English 0
150.21135309281817 317.46695554567174 152.3301347452798 337.6228053922151 110.97173584450502 341.96988324539 108.85306600001059 321.81413599996677 Manipuri 0
147.44621199999528 337.06359099997036 145.93636670557316 317.8852426440502 227.28516649069206 311.4811238548922 228.7951838792651 330.6592833999026 Manipuri 0
100.20077062770724 446.0658812000652 77.8125206130062 447.2133874368815 77.04696900458657 432.2782654395683 99.43511000004946 431.1307619999983 English 0
114.05624945298769 447.8272397802555 98.12042059449595 448.1715553575697 97.7042227396305 428.909544504294 113.63995200001227 428.56522999999936 English 0
109.3149206812086 442.34454986900806 110.77293100002862 423.503855999998 137.67247599484108 425.58520816500027 136.21455336564395 444.42581988925775 English 0
178.0237890331773 429.39579990307146 177.780991000036 449.70983200000717 131.200897317176 449.1529264389388 131.4438479999808 428.8390490000278 English 0
200.05093069186842 447.3691830437564 170.0602581925341 444.3420515579911 172.0301825338538 424.8292581193199 202.0206660000258 427.8563800000006 English 0
214.82810694360523 442.59859437202925 201.30706500000088 444.019515000003 199.74611597244802 429.1677921888922 213.2670930000313 427.74687499999715 English 0
248.6215853921749 441.1916470510596 223.0111060355557 442.1821446923854 222.54287506599212 430.0758846971237 248.15325399998983 429.08538900000104 English 0
266.0719698823232 428.7184671950211 266.03999300001306 441.1484649999722 248.63672222454625 441.1036578357781 248.66873400002078 428.6736949999844 English 0
266.8353449999995 441.0648700000339 266.98812508780975 428.7759846705964 276.1135956624639 428.8894227360224 275.96083393887966 441.1782899190453 English 0
353.0706010037102 185.31647802921947 324.11918658734066 191.25152185463432 320.81888826796785 175.152754311557 349.7702410000056 169.2177170000026 English 0
356.3733879999927 181.03668999999994 354.8301198880654 169.0374545172692 385.2442730859184 165.12584084289696 386.78756125606014 177.12505264121194 English 0