79 282 236 282 236 372 79 372 English 0
244 275 374 275 374 361 244 361 English 0
100 383 160 383 160 419 100 419 English 0
166 380 221 380 221 411 166 411 English 0
226 375 282 375 282 405 226 405 English 0
289 373 303 373 303 399 289 399 English 0
305 373 317 373 317 397 305 397 English 0
326 368 371 368 371 397 326 397 English 0
380 363 439 363 439 399 380 399 English 0
449 356 520 356 520 396 449 396 English 0
377 267 528 267 528 354 377 354 English 0
353 244 440 244 440 271 353 271 Manipuri 0
278 248 341 248 341 277 278 277 Manipuri 0
169 247 266 247 266 281 169 281 Manipuri 0
557 268 593 268 593 344 557 344 English 0
596 271 620 271 620 344 596 344 English 0
618 269 640 269 640 341 618 341 English 0
597 349 640 349 640 386 597 386 English 0
102 593 112 593 112 598 102 598 English 0
112 593 123 593 123 598 112 598 English 0
97 595 101 595 101 598 97 598 English 0