-0.6174587373243412 376.80833059575326 0 310.4381449999847 241.05098122112395 312.67851808568463 240.4355864629906 379.0465776119355 English 0
424.7593813625281 333.2791359041363 423.04372200000216 386.83661300001233 237.81825205340283 380.9007224197036 239.53518500005885 327.3445609999643 English 0
422.47025543307245 383.20127607912235 422.6134389999788 331.82666000003053 506.0464791911363 332.05900118635094 505.90386753945495 383.4330461919117 English 0
503.00091235447326 385.26528313157684 503.3413070000097 335.2400639999913 612.7222746118059 335.98383889490555 612.3826188571547 386.00832403891206 English 0
236.08157381815545 438.7676620602256 238.15004399999452 394.5216390000224 308.3525187108171 397.80301104285047 306.2845537948306 442.04854911482084 English 0
304.0791168899159 439.83300029939244 302.2405810000055 395.1703239999939 407.052723434972 390.855851465287 408.89195281539287 435.51779834361747 English 0
481.695072974253 395.56216031582085 482.6071239999874 435.7206880000166 405.547805400638 437.46986041664314 404.6362439999939 397.3118109999648 English 0
134.63502702506958 314.16715811374513 134.26990599997225 260.859806999976 259.6175702790788 260.00081038573546 259.98340019643365 313.30744925821386 Manipuri 0
389.81459908121906 269.91733150629483 388.79028199997265 318.8243550000209 263.14122901356313 316.19168350438025 264.1662009999709 267.2853249999996 Manipuri 0
379.7685770033422 317.23127461156264 383.8179520000267 272.0935319999652 439.53154494702176 277.09133408527015 435.4824711357651 322.22879725733515 Manipuri 0
438.17968475297675 318.82803624515526 439.8888160000206 277.2522949999769 519.76205796469 280.53543015305183 518.0533116976585 322.11079930474085 Manipuri 0