50 204 137 204 137 231 50 231 English 0
12 241 113 241 113 268 12 268 English 0
76 192 125 192 125 211 76 211 Manipuri 0
247 246 400 246 400 302 247 302 English 0
282 227 298 227 298 248 282 248 English 0
301 230 312 230 312 250 301 250 English 0
315 233 375 233 375 258 315 258 English 0
300 211 327 211 327 227 300 227 Manipuri 0
327 215 361 215 361 232 327 232 Manipuri 0
231 136 311 136 311 175 231 175 English 0
308 149 384 149 384 185 308 185 English 0
387 161 397 161 397 190 387 190 English 0
232 171 260 171 260 184 232 184 English 0
261 174 294 174 294 190 261 190 English 0
295 181 318 181 318 194 295 194 English 0
322 184 350 184 350 197 322 197 English 0
349 187 368 187 368 200 349 200 English 0
262 370 318 370 318 404 262 404 English 0
318 373 403 373 403 410 318 410 English 0
282 400 310 400 310 415 282 415 English 0
310 403 331 403 331 416 310 416 English 0
332 405 357 405 357 420 332 420 English 0
358 409 374 409 374 421 358 421 English 0
292 414 320 414 320 426 292 426 English 0
320 416 331 416 331 427 320 427 English 0
314 140 346 140 346 151 314 151 Manipuri 0
292 137 313 137 313 145 292 145 Manipuri 0
330 441 345 441 345 450 330 450 English 0
295 426 316 426 316 437 295 437 English 0
267 356 286 356 286 369 267 369 Manipuri 0
288 358 308 358 308 371 288 371 Manipuri 0
311 359 336 359 336 374 311 374 Manipuri 0
337 360 370 360 370 378 337 378 Manipuri 0