142 141 165 141 165 162 142 162 English 0
170 149 179 149 179 164 170 164 English 0
184 147 237 147 237 173 184 173 English 0
243 158 284 158 284 182 243 182 English 0
285 167 371 167 371 196 285 196 English 0
276 258 327 258 327 280 276 280 English 0
251 288 286 288 286 302 251 302 English 0
283 315 311 315 311 331 283 331 English 0
289 293 325 293 325 309 289 309 English 0
326 297 358 297 358 314 326 314 English 0
360 301 380 301 380 315 360 315 English 0
381 303 432 303 432 323 381 323 English 0
436 309 471 309 471 326 436 326 English 0
401 329 424 329 424 345 401 345 English 0
372 325 396 325 396 340 372 340 English 0
434 333 473 333 473 350 434 350 English 0
474 335 493 335 493 350 474 350 English 0
424 277 459 277 459 294 424 294 English 0
337 267 404 267 404 293 337 293 English 0
407 274 421 274 421 288 407 288 English 0
415 215 503 215 503 278 415 278 English 0
380 168 439 168 439 204 380 204 English 0
444 176 519 176 519 218 444 218 English 0
382 138 443 138 443 168 382 168 Manipuri 0
446 144 496 144 496 176 446 176 Manipuri 0
499 152 568 152 568 183 499 183 Manipuri 0
125.26952271546179 133.2201114844 131.91415499997674 89.99499799996639 376.5083480320027 127.59293827540695 369.8642967685737 170.81753258483485 Manipuri 0
225.5337850000069 233.28974200000786 231.26790427319065 189.31535978514503 412.2672240395332 212.91533389125794 406.53384256744175 256.88904572737715 Manipuri 0
257 387 279 387 279 402 257 402 English 0
235 386 252 386 252 400 235 400 English 0
287 390 309 390 309 404 287 404 English 0
188 382 203 382 203 396 188 396 English 0