168.76336711015028 267.7026862615858 171.80947946100787 282.0147840774916 131.22900257185393 290.65109877912255 128.18296085744805 276.33906250620555 Manipuri 0
222.7674102486344 257.1785967858548 225.52419061954424 270.60241971830317 166.07036706969666 282.81126650272154 163.31368025879783 269.38752543918065 Manipuri 0
223.260655999984 271.3204279999911 220.88536477654998 259.01540764364245 265.087965292405 250.48315652654816 267.4632969297818 262.7881229463421 Manipuri 0
290.0875539583649 359.1292462542885 292.72338682436384 374.20740334980513 243.11536138382507 382.87832488601305 240.4796467901906 367.8002723069799 Manipuri 0
244.96070673463691 271.9770702034032 250.64464602190128 300.9872085141529 143.0311606498435 322.0696425599008 137.34762131076423 293.0598545823457 English 0
41.0277369999676 375.57324699997196 35.805254260776564 349.05343289586705 84.96890888469352 339.3725870138899 90.19152359527652 365.8922248871246 English 0
92.98068528602016 326.0428014887157 118.95142100001976 333.8063449999995 106.70007840337348 374.786042267777 80.72936099997605 367.0225419999972 English 0
161.85872380519868 324.92652766457405 166.3784149656567 350.5628327801744 114.85039792947646 359.6461849225417 110.33089973068854 334.01005041492283 English 0
158.65304500002821 351.56550000002187 153.77379351004492 325.6513395299412 224.00043800000276 312.42958399998633 228.8798633650731 338.3435162653762 English 0
225.2334079999855 340.0549360000265 221.6709559319861 309.78230643311053 263.4554680000292 304.86549899996425 267.0180517404515 335.13797539165773 English 0
367.76467620235053 244.02378357558314 369.36415153912094 253.83779782678002 326.9302499274636 260.75318681939143 325.3308190769894 250.93921213751605 English 0
339.6529939999891 246.326061000011 338.29704412914 239.44390429388073 360.1202909999847 235.14437099997647 361.4762511011213 242.02651402755907 Manipuri 0
402.5582146761735 229.90262337614908 403.5241327517724 237.79911775750722 363.73260599997593 242.66622411506066 362.7667185005703 234.76975748517776 Manipuri 0
373.1241040000168 252.8497459999954 372.22593133119517 243.8252029463465 416.40958600000886 239.4279269999703 417.3077911556902 248.4524333483692 English 0
379.6169270000246 262.8078690000141 379.0738047344348 253.8664016822391 431.45129099997575 250.6849360000163 431.9944551029039 259.6263585298671 English 0
342.82426699995995 267.137487999966 341.99590933145373 258.5265854887796 375.5048060000263 255.30319599999146 376.33318873406097 263.91407033215995 English 0
315 261 338 261 338 270 315 270 English 0
281 263 311 263 311 272 281 272 English 0
313 284 330 284 330 290 313 290 English 0
332 282 350 282 350 288 332 288 English 0
353 280 369 280 369 286 353 286 English 0
295 310 315 310 315 322 295 322 English 0
306 327 334 327 334 333 306 333 English 0
319 309 368 309 368 323 319 323 English 0
391 305 415 305 415 319 391 319 English 0
419 303 449 303 449 317 419 317 English 0
437 252 467 252 467 262 437 262 English 0
393.04190399998333 274.20919899999825 392.8411773625703 266.09436433583005 451.16832611500286 264.6515280514699 451.36909897380974 272.76631528088774 English 0
393 277 408 277 408 283 393 283 English 0
372.2648720000143 284.88892600002055 371.6814112073189 278.25385810644747 391.4186979999795 276.5183290000146 392.00217115132546 283.15338317972294 English 0
390.1082925977971 265.6933629257227 391.0160421715409 274.92199526777256 295.1063402222644 284.35485197107664 294.19868919801957 275.1263105039971 English 0
284.2753790000279 307.1143030000251 283.68977261532564 292.5649366142603 370.4134879999765 289.07422399999837 370.9992284564214 303.62345023734554 English 0
418.02750533111976 285.61030526573563 418.8991783845995 299.87792326286785 376.04060099998605 302.4960429999931 375.16899864982406 288.22849198489797 English 0
290.63586500000383 352.53489699998875 289.3015513953287 342.91157416017717 322.1807387605804 338.35309357659435 323.5150865511969 347.9763753663509 English 0
286.0783098059619 341.46363009934015 287.7248845896247 352.7315094038749 239.05929794702388 359.8421687311292 237.41280370028107 348.5743617038396 English 0
235.62012790192966 347.32478903797846 237.76880237208388 360.8176354043982 192.69148407613102 367.9951315898327 190.54290148545988 354.5023671249213 English 0
148.05407399995602 373.3743989999714 146.54028411772742 362.2825744293877 192.62660332155065 355.9933124395876 194.14045170917234 367.08506716776935 English 0
104.57095600002503 383.5770710000147 102.49734541350335 371.52783421464443 147.9357423401234 363.70882916378747 150.00941347214393 375.7579887620076 English 0
222.26228333398467 410.49432588335696 223.16338466836896 418.7010682277843 168.74312526691938 424.6753803150924 167.84210010540846 416.4687077376208 English 0
172.12966968691035 427.2096790739571 173.5467685450567 438.4798079410267 146.61635907934397 441.86545815218255 145.19931469723815 430.59537868901884 English 0
171.478608000034 438.9319960000339 170.11687377249473 428.41952767109626 218.42721999855712 422.1623531515057 219.78902356844628 432.67473951004314 English 0
221.12295200000517 432.6367299999927 219.6343564894778 421.61552486306505 247.32865500001935 417.87541700002834 248.81729132524924 428.8965734567875 English 0
248.95633899999666 429.38055800001075 247.27061662655615 417.1336734894492 295.50808400003007 410.494759999983 297.19388407902443 422.74155139832436 English 0
159.1082013399864 448.70042391930014 160.41796646808507 457.8129911614551 135.16499826713698 461.4420082237127 133.85527691920288 452.32948029335637 English 0
201.91625438565097 443.92449434675916 202.91711573125212 452.816828869863 157.9751867066807 457.8742216662629 156.97439911098627 448.9819545781996 English 0
227.47091012162855 440.23439895642593 228.52915175935777 449.1055246854023 208.26425300001574 451.5225279999779 207.20604432477558 442.6514322845021 English 0
227.6336860000447 448.4834339999735 226.58318515503197 439.50446274824685 265.04276292624127 435.0054144411339 266.09331304855004 443.9843286189181 English 0
230.76084499996796 415.2704789999884 230.10354627505876 405.83258062541154 269.14074000000255 403.114102999979 269.7980906236626 412.55194510929215 English 0
323.17976933249156 395.29891133649784 324.5931112767721 404.12044000738695 271.51697571556724 412.62275993368405 270.1037136981904 403.8013024867307 English 0
317.8229970609391 426.7752866119565 319.42092107754434 436.83831796919327 272.8295769303804 444.23536757156455 271.2317391038232 434.17241303178105 English 0
319.450732999976 436.97829300001695 318.22821515415853 427.6290583178672 352.98101100001077 423.0852919999976 354.2035730642965 432.4344742760967 English 0
300.08130000001984 421.3486670000043 298.82989289391844 408.08419802041834 351.51609599997755 403.1141030000176 352.7675991842989 416.3784642779983 English 0
354.28272625686077 366.20775457912663 358.00527504543425 392.63809182702295 206.0625041196181 414.0339101906247 202.3406084652379 387.6041600442073 English 0
545 453 577 453 577 470 545 470 Manipuri 0
585 445 612 445 612 467 585 467 Manipuri 0
622 447 638 447 638 465 622 465 Manipuri 0
574.2883054378035 524.8681171666412 538.2737900000211 528.4305180000001 533.6580747421249 481.77291208247055 569.6719626922277 478.21054250753207 English 0
639.9999294488953 473.3459500415665 643.950414084029 519.3707599656939 585.9179021796444 524.3504058534377 581.9679519999772 478.3260929999824 English 0
638.846766375209 530.6087437574308 639.1439568244095 545.275528078367 608.4064894435869 545.8980811026837 608.1093910000345 531.2313869999982 English 0