305.40351899995585 311.4888960000011 292.9770054741675 267.0090536873217 574.2093719999684 188.44052900002237 586.6366208655381 232.91915253656953 English 0
438.2280129999708 324.99371600002894 427.5396429007378 279.2530255916542 536.5057170000364 253.7917969999811 547.1944655792322 299.53193467056315 English 0
373.59587300001294 340.59126700002105 364.0182133332564 300.77183144881656 425.6683489999705 285.94428000001705 435.2462076476513 325.7634223214312 English 0
268.01468799996655 362.955009999977 260.1445922935818 322.8338414112467 367.04541200000676 301.8656199999931 374.9159119401884 341.98624958926246 English 0
266.87934245725046 330.44347844715304 270.66848371316155 366.06851461846395 225.90474199998425 370.8289879999817 222.11582855969027 335.20416111194237 English 0
213.5177362219838 334.00323882952597 227.07258200003707 335.5691480000024 224.2361699196772 360.119572176681 210.68132499996864 358.5536679999962 English 0
326.2956750000012 371.5922719999651 324.1187183342845 358.5533706328551 374.3302499999845 350.1708119999642 376.5072771978157 363.2096241997399 English 0
412 340 427 340 427 354 412 354 English 0
452.5510639999993 345.83842000000516 449.8003289286862 330.54771778415926 520.3495059999841 317.85699899998855 523.1003456503822 333.14756619105714 English 0
636.9908368483448 228.24873790426292 648.6046671226359 278.76788210571306 553.1423939904198 300.711790443909 541.5291240000079 250.193130999971 English 0
277.6570977152005 291.9308756255667 282.8683327652834 309.79345527872937 200.70079859593534 333.7628191142463 195.4897712811362 315.90041674949447 Manipuri 0
315 361 322 361 322 369 315 369 English 0
440 334 449 334 449 342 440 342 English 0