144.73330860688293 338.45385743668004 101.34919019103108 330.929076971953 114.24016999997548 256.61356099999523 157.62358159212454 264.1382788173245 English 0
172.0015547725052 265.80853140971334 199.89369656432245 272.34701217571154 182.15289399995527 348.02142599999564 154.26077152565995 341.48300318254496 English 0
182.94899219326908 343.6532249896166 195.81807299997308 274.5414840000074 341.2340685042727 301.6163982218202 328.36638141008734 370.72691024095604 English 0
329.10622391704237 371.19718574550154 341.71869400001015 308.69037099999923 488.263956696901 338.2565971477365 475.65289606638544 400.7621759517443 English 0
595.3294587368146 361.51155768506015 581.8409609999799 422.86451100000875 473.8656501503283 399.1273864746799 487.3548290000326 337.7753900000141 English 0
126.1678963729355 228.84755959135165 121.5513234509126 250.21537821802937 67.72917200003576 238.58727299997008 72.34581798002182 217.21955692143086 Manipuri 0
179.62465365861135 239.23275376955047 174.485749601954 263.7112741884756 122.74367103615077 252.8491062484939 127.8826609999669 228.37070400001892 Manipuri 0
183.76682338908722 236.94280885938832 286.42052242728823 259.2927112753089 280.20036990164954 287.86055066162254 177.5466909998795 265.5107120000013 Manipuri 0
388.43639897160756 285.81277720611104 382.2805788707774 310.7008341349356 281.424718330818 285.755980981382 287.5807209999766 260.8681980000344 Manipuri 0
380.74850099998 309.86705500001403 386.2730157763872 283.683747451508 452.9801479999878 297.7574639999769 447.4558644404169 323.9405696022093 Manipuri 0
190.08512090520526 362.1030710067024 187.12013199998182 377.4435109999988 131.85953614658501 366.7635879841496 134.82461300001887 351.4232650000246 English 0
187.9967833194678 381.1480345855787 191.21135000001232 363.65650199997947 241.28350893406605 372.85762175200745 238.06908387188741 390.3490294226239 English 0
289.4586793290364 383.31530009043325 285.5203160000383 401.32614899998055 238.18877628087648 390.9772844450708 242.12722900003428 372.9665609999786 English 0
338.1901355025184 409.04975138970343 284.60945663726307 399.6495361723331 287.9106706552557 380.8357009020692 341.49105737807986 390.23589001573043 English 0
337.39316099999996 411.488800999986 341.4231457535061 388.9871837683623 415.99813526845537 402.34149716765387 411.96844285608677 424.8428557943705 English 0
410.59004675829783 422.9944047242601 414.7746400000324 405.8477670000134 458.52242019042023 416.5228404003673 454.3379664794338 433.669357602166 English 0
501.48917526981677 423.09410997116424 497.30169000002206 449.7606700000037 451.71648411364004 442.60310059775236 455.9041289999732 415.93673800003023 English 0