248 44 289 44 289 71 248 71 Manipuri 0
295 28 335 28 335 53 295 53 Manipuri 0
349 26 381 26 381 52 349 52 Manipuri 0
392 38 423 38 423 66 392 66 Manipuri 0
307 200 408 200 408 265 307 265 English 0
129 261 275 261 275 336 129 336 English 0
567.115270305876 245.73581843529394 570.4549539754953 294.0889931786472 281.72515676909825 314.0249504616535 278.3870169999864 265.6732249999674 English 0
305.56994918377313 344.83590573154004 303.7397643854638 317.87961518987436 421.2381022699992 309.9021271336104 423.0686446758773 336.8580291357424 English 0
420.72353048271907 373.1429046932575 423.33829907940526 401.5820242401335 255.70249199998216 416.9907060000261 253.08848240303632 388.5522893855505 English 0
431.4454790000309 398.2620629999763 429.9278318571305 376.7149066219019 482.0754109999689 373.04225899999636 483.5932071145362 394.58925320097336 English 0
133 543 203 543 203 571 133 571 English 0
208 537 264 537 264 558 208 558 English 0
269 529 324 529 324 550 269 550 English 0
331 519 395 519 395 543 331 543 English 0
399 515 442 515 442 534 399 534 English 0
530 494 605 494 605 522 530 522 English 0