263.4998318488215 246.51594327619475 262.3833738639951 278.49670085508984 174.4659600000159 275.42711600002343 175.5826808270649 243.44663045331487 Manipuri 0
263 250 362 250 362 285 263 285 Manipuri 0
362 253 424 253 424 287 362 287 Manipuri 0
91 273 129 273 129 368 91 368 English 0
136 273 162 273 162 373 136 373 English 0
160 280 287 280 287 369 160 369 English 0
284 287 408 287 408 377 284 377 English 0
404 292 498 292 498 381 404 381 English 0
0 272 53 272 53 362 0 362 English 0
107 370 311 370 311 420 107 420 English 0
336 375 486 375 486 425 336 425 English 0