270.0494906273525 261.192765231182 273.02822109391855 303.87663650363106 85.47065700004168 316.9623530000072 82.49284094985342 274.2793397816765 English 0
405.2609318441682 237.58702865897737 409.9453488020663 286.3935783213386 278.9733510000224 298.96232000000094 274.28962701065757 250.1564111050984 English 0
418.63298600001144 280.3192390000212 414.2716016617487 234.73365709362926 544.8354302281223 222.242036682284 549.1973127930396 267.82706148263014 English 0
11.194833999979892 449.8081030000026 35.969778148137266 447.8253966701138 47.37454217924096 590.3069755821653 22.59960504816263 592.2896270040837 English 0
101.7904915849067 359.5812398683683 90.68971499997133 358.26465000000036 93.1456838278973 337.5594076938354 104.24640099998214 338.87599399999834 English 0
103.61985799994727 340.0015510000026 128.25695069775975 337.94641520356936 129.85315515055845 357.08011164579915 105.21606311296637 359.1352423242444 English 0
188.4084222077945 333.65375743954166 188.8464686414227 352.0250831387336 126.72496899998805 353.50586200000123 126.28707170930284 335.13468216593935 English 0
188.9547430282255 329.5559227116627 201.62678199994843 328.7502030000021 202.9662731577264 349.81540760385485 190.29423439424136 350.62112516567845 English 0
202.76237699996273 346.31807999998114 203.0044740129233 330.15845836375536 229.88279400000465 330.56108700001624 229.6407524571987 346.72065395867145 English 0
233.11590364370204 324.04821148460246 246.50031500001205 323.2181660000003 247.9414207550144 346.45396107502256 234.55700962629635 347.2840041472044 English 0
277.5912171202799 325.3162699909609 278.91610588085314 344.56488630231456 245.35881000003428 346.874340000034 244.0340070905222 327.62580455128847 English 0
307.0687476779858 322.7373232776102 307.8553986411862 338.38093160195626 274.06612899998436 340.07981000000717 273.2795462958893 324.4362669533023 English 0
321.4552409838507 339.144857157153 306.8698659999791 338.8159669999996 307.34166461013956 317.89641168461077 321.9269650000206 318.2253009999997 English 0
323.1162924799719 337.9101483092212 321.7433410000376 319.8474770000307 370.121686704515 316.17042242110114 371.4947357949859 334.2329869388498 English 0
405.2740164926945 312.0040155283146 408.2187740712834 331.65267876998763 382.46574679731566 335.5119256432542 379.52105800002755 315.8633240000318 English 0
162.95515268335294 236.65857868062494 165.12471624402679 261.4528913902931 89.70442500001809 268.0516809999749 87.5350508520205 243.25754422537955 Manipuri 0
224.73470516386442 257.66572565794763 167.00286512212188 259.6156426683635 165.9933482339693 229.72322470872723 223.72487499997078 227.77331300000054 Manipuri 0
286.8669229846273 221.53489833068122 289.17996495612897 240.52971206517992 226.69288423479884 248.13836557844434 224.37995699998282 229.1436560000231 Manipuri 0