-6.7502948542824015 320.058887247308 5.390572999967844 254.76604000000262 243.52990474450053 299.0418071009045 231.39110940915998 364.3328219212094 English 0
420.8628100810165 351.26873847299476 409.8722000000271 403.71456899999214 228.49070552314515 365.70494949138714 239.48225699998147 313.26041200000054 English 0
409.9376944195683 400.03468400437305 419.0008320000197 349.46562400002153 501.12698335397 364.18282758004887 492.0645248573419 414.75128711202245 English 0
488.8863835763186 416.0513000175635 497.90953100004117 366.84541699997146 605.5006551748374 386.57227859588437 596.4784187061014 435.77735815388087 English 0
216.73181173762714 422.3908256203513 226.45298199997342 379.1763920000078 295.02005009817367 394.59873529186973 285.2994117108028 437.8127062674036 English 0
283.5111727499316 435.24769498711896 289.45719700001064 390.94442700003435 393.4272402431088 404.89625720624645 387.48202251321345 449.1987936540611 English 0
466.11823936713336 422.492305649044 460.0420699999813 462.1990619999724 383.8488021496596 450.5404617566022 389.9253750000207 410.83420099999927 English 0
138.4635880982387 282.0674139221159 147.361149999997 229.50658699997715 270.95417157041084 250.4271204016574 262.0573449978838 302.9872954803056 Manipuri 0
397.45124022498203 282.80142294448734 387.949351999996 330.78752299999076 264.66586811970046 306.3761868879304 274.16824899999483 258.3907419999941 Manipuri 0
379.340766370442 327.6518760992609 391.1672849999741 283.9032099999809 445.1671879093192 298.499893663868 433.34100175939966 342.2482741613121 Manipuri 0
436.5871636609518 339.36738882852893 445.490495999984 298.7202030000032 523.5807647225738 315.8235946419254 514.6778878480109 356.47038325791834 Manipuri 0