168 196 261 196 261 237 168 237 English 0
265 209 454 209 454 264 265 264 English 0
245 125 286 125 286 148 245 148 Manipuri 0
291 129 336 129 336 151 291 151 Manipuri 0
340 135 376 135 376 155 340 155 Manipuri 0
379 141 445 141 445 164 379 164 Manipuri 0
172 106 394 106 394 215 172 215 English 0
163 244 177 244 177 256 163 256 English 0
180 247 202 247 202 260 180 260 English 0
204 249 209 249 209 259 204 259 English 0
211 250 243 250 243 264 211 264 English 0
245 254 270 254 270 267 245 267 English 0
271 256 295 256 295 269 271 269 English 0
298 259 335 259 335 273 298 273 English 0
336 261 359 261 359 275 336 275 English 0
363 265 384 265 384 279 363 279 English 0
386 266 412 266 412 283 386 283 English 0
419 269 439 269 439 284 419 284 English 0
441 275 451 275 451 283 441 283 English 0
16 308 70 308 70 333 16 333 English 0
74 311 99 311 99 333 74 333 English 0