356 182 389 182 389 204 356 204 Manipuri 0
451.13382082905446 216.2237160715793 448.1273965550645 225.30003762272966 388.8640798909182 205.67026619062034 391.87052699999185 196.5939890000236 Manipuri 0
283 177 336 177 336 232 283 232 English 0
293 348 382 348 382 392 293 392 English 0
466 349 518 349 518 382 466 382 English 0
467 380 503 380 503 405 467 405 English 0
372 292 395 292 395 313 372 313 English 0
432.06044826481957 272.0611181410645 423.86712499996065 298.0414170000302 333.741868810539 269.61997983120784 341.9353260000207 243.63992900000443 English 0
495.270419180888 293.70413904272164 488.1443919999583 318.5714900000236 424.1487158956443 300.23369853270935 431.27485199998773 275.3665300000226 English 0
335.9604252293502 232.3714228180081 348.43231718165043 196.24284230050273 526.1178476861096 257.57792104732255 513.646684763662 293.7058824005778 English 0
290.2448895677662 315.0779577108566 296.8068000000494 294.07992599996567 371.40259119718394 317.3893208238844 364.84090750236646 338.3871592023917 English 0
363.2849270209408 337.5600882148547 368.93605822224345 318.6331609529088 447.0642133389629 341.95815819334376 441.4133105159999 360.8848904988763 English 0