360 184 394 184 394 207 360 207 Manipuri 0
454.6756885958166 220.86343851109004 451.354325188222 229.8293035946329 392.8121700133488 208.1432305211969 396.1335529999633 199.17741000000674 Manipuri 0
286 176 341 176 341 233 286 233 English 0
291 347 381 347 381 394 291 394 English 0
464 354 517 354 517 389 464 389 English 0
464 385 501 385 501 411 464 411 English 0
373 295 396 295 396 316 373 316 English 0
433.66527750287787 276.0011855833228 424.5701949999784 301.67970299997 335.49169315578183 270.13024822246837 344.586890999999 244.4519780000134 English 0
496.08142672412214 299.83701880056196 488.09181799995713 324.44051500002837 424.77504653754295 303.88046873068055 432.7647520000028 279.2771559999693 English 0
339.00884857685014 232.98179077058757 352.73407168751874 197.31047792293535 528.1708608033659 264.80938339203425 514.4463703121437 300.48007510905484 English 0
290.4347529578081 314.04250305928514 297.7255259999947 293.2862839999694 371.46243846495054 319.18485155221634 364.17189070496534 339.94087929478394 English 0
362.6456706449244 339.0599950236089 368.95395249375724 320.341831335454 446.22053944854997 346.37927862776763 439.91248652833747 365.0972478281488 English 0