350 27 410 27 410 60 350 60 Manipuri 0
413 35 491 35 491 74 413 74 Manipuri 0
274 357 315 357 315 387 274 387 Manipuri 0
321 365 367 365 367 394 321 394 Manipuri 0
375 370 428 370 428 403 375 403 Manipuri 0
436 375 509 375 509 410 436 410 Manipuri 0
383 76 522 76 522 139 383 139 English 0
310 66 343 66 343 109 310 109 English 0
349 71 375 71 375 115 349 115 English 0
232 111 580 111 580 238 232 238 English 0
308 463 367 463 367 488 308 488 English 0
369 469 418 469 418 494 369 494 English 0
423 476 477 476 477 506 423 506 English 0
481 481 515 481 515 504 481 504 English 0
329 491 392 491 392 516 329 516 English 0
395 498 416 498 416 515 395 515 English 0
340 517 378 517 378 537 340 537 English 0
388 404 590 404 590 488 388 488 English 0
266 393 386 393 386 463 266 463 English 0
304 577 460 577 460 640 304 640 English 0
275 534 307 534 307 557 275 557 English 0
415 551 450 551 450 573 415 573 English 0
338 516 383 516 383 539 338 539 English 0