319 467 344 467 344 506 319 506 English 0
64.12123047157365 180.64628134458815 76.99753799999598 147.25883200002292 175.91435180227563 185.4063591263469 163.03832922167203 218.7935666121681 English 0
520.9339717487455 449.81547737566746 499.6308275073534 524.0035546333906 151.61835401828284 424.0740253176472 172.92409199995745 349.8902730000259 English 0
166.22672250014148 472.48846877225895 174.16206499998225 433.2693319999862 319.50739422478364 462.671703357231 311.5732087071956 501.8898255351928 English 0
459.8354338284844 498.0229567429263 452.2072440000193 532.3417220000015 341.47213828153326 507.7313080140916 349.1008420000435 473.41326899996653 English 0
512.8647977201763 512.8640183590959 506.20249599996896 541.1565119999902 448.4307282004738 527.5547446243565 455.09325200000603 499.26257600000713 English 0
402.7628544907202 314.82804240779905 394.6258584198222 337.0144585498565 299.8265773800813 302.2481613982693 307.963688000018 280.06200200000393 English 0
455.0779998904909 338.2271413326577 445.95774882211117 360.0504100143015 386.81330763363803 335.3349290520182 395.93361899998854 313.5118349999781 English 0
399.5942955654027 388.7811193113436 394.0333261721389 407.1397099946495 320.3059034279431 384.80910222396835 325.86698799997976 366.4507150000131 Manipuri 0
287 234 317 234 317 271 287 271 Manipuri 0
400.36732540334924 268.64522712552196 386.561079000021 305.7471090000087 313.7987195931055 278.67212590331866 327.60509400002775 241.57053600000614 Manipuri 0
249 166 280 166 280 212 249 212 English 0
409.1618241561082 236.88069167160987 394.9934660414874 268.2785838169226 270.1706025328167 211.95341506106053 284.33905899997626 180.5558810000141 English 0
72.15780364611419 -5.13643463128745 195.69344210191048 63.52452172506686 158.01270600000862 131.3199380000159 34.477124239783734 62.65908957619568 English 0
578.8045090100786 385.9658051500147 572.9656710558629 400.2992094373069 530.45682378739 382.9846121621756 536.2956960000156 368.6513020000288 Manipuri 0
576.9030390626722 441.94094533117715 585.1091879999876 413.31925100002 636.4110743287165 428.02597428779785 628.2052146083879 456.6474208867919 English 0
559.7057654656965 463.6531560075494 565.2475989999948 444.30547599996646 609.2403930606088 456.904479404732 603.6987368030532 476.2520076556853 English 0
605.314716083667 485.5381089833959 602.103414000012 499.90566200001064 574.4336717480473 493.72218382596765 577.6450260000274 479.35470499997257 English 0
600.5300790211913 499.93793822518296 603.0640129999665 486.6178069999921 633.2420300986269 492.3575890056929 630.7081819916493 505.67764469417335 English 0