170.26084847275342 178.19513255132253 177.69603100001405 150.49214500000642 260.71176345751155 172.77206946497915 253.27676247681666 200.47490063099974 English 0
349.8004779154144 196.74996415162357 342.0947139999771 225.89028099999237 250.89592868709587 201.7743186522868 258.60182199998235 172.6342050000236 English 0
341 583 444 583 444 640 341 640 English 0
496 486 618 486 618 579 496 579 English 0
179 438 481 438 481 572 179 572 English 0
620.2327842528757 42.49702197476674 641.3191188062774 43.20919055486666 640 82.26638999999881 618.9136654753383 81.55422206469736 English 0
239 588 275 588 275 627 239 627 Manipuri 0
276 595 302 595 302 632 276 632 Manipuri 0
305 603 343 603 343 632 305 632 Manipuri 0
448 610 475 610 475 640 448 640 Manipuri 0
478 616 500 616 500 640 478 640 Manipuri 0
503 621 534 621 534 640 503 640 Manipuri 0
609 274 640 274 640 301 609 301 English 0