36 246 123 246 123 270 36 270 English 0
5 289 106 289 106 312 5 312 English 0
59 232 108 232 108 250 59 250 Manipuri 0
240 249 392 249 392 300 240 300 English 0
268 233 283 233 283 254 268 254 English 0
287 234 298 234 298 254 287 254 English 0
302 231 361 231 361 254 302 254 English 0
282 214 309 214 309 229 282 229 Manipuri 0
309 213 343 213 343 229 309 229 Manipuri 0
204 149 283 149 283 185 204 185 English 0
282 148 357 148 357 182 282 182 English 0
362 151 371 151 371 179 362 179 English 0
208 186 236 186 236 198 208 198 English 0
239 184 271 184 271 199 239 199 English 0
272 186 294 186 294 198 272 198 English 0
299 184 327 184 327 196 299 196 English 0
327 182 346 182 346 194 327 194 English 0
274 375 329 375 329 408 274 408 English 0
330 366 414 366 414 400 330 400 English 0
298 404 325 404 325 418 298 418 English 0
325 402 346 402 346 414 325 414 English 0
348 400 373 400 373 414 348 414 English 0
374 399 390 399 390 411 374 411 English 0
310 416 338 416 338 427 310 427 English 0
337 414 348 414 348 424 337 424 English 0
283 142 315 142 315 152 283 152 Manipuri 0
262 143 282 143 282 150 262 150 Manipuri 0
352 436 367 436 367 445 352 445 English 0
315 427 336 427 336 437 315 437 English 0
275 363 293 363 293 376 275 376 Manipuri 0
297 361 316 361 316 374 297 374 Manipuri 0
319 359 343 359 343 373 319 373 Manipuri 0
346 354 378 354 378 371 346 371 Manipuri 0