301 41 340 41 340 64 301 64 Manipuri 0
349 34 387 34 387 55 349 55 Manipuri 0
403 41 432 41 432 64 403 64 Manipuri 0
442 61 471 61 471 85 442 85 Manipuri 0
326 214 422 214 422 268 326 268 English 0
138 247 279 247 279 305 138 305 English 0
576.7454716419161 294.25101609134583 570.7972821787553 342.35284180933047 283.568085763618 306.83150615404463 289.51760199997807 258.73122900002323 English 0
301.09575802489417 341.62616688602486 304.4431527156121 314.815856166584 421.3052743708977 329.40485438117094 417.9583141962212 356.21476946110056 English 0
408.7328255610191 391.3853333998186 405.8725386337028 419.80067814034044 238.37711899999704 402.94017000001645 241.23803057991609 374.5255312798157 English 0
414.4648060000327 418.08896799999684 417.08695522567723 396.64810557296937 468.9766889999737 402.99316999997046 466.35472816640686 424.43386079347675 English 0
92 514 161 514 161 534 92 534 English 0
166 520 221 520 221 534 166 534 English 0
228 523 282 523 282 538 228 538 English 0
291 527 353 527 353 544 291 544 English 0
359 532 401 532 401 546 359 546 English 0
490 543 564 543 564 562 490 562 English 0