306.54956200000015 309.77347299998587 299.63668297830736 264.10997269083896 588.3475999999791 220.40148300002045 595.2615519457322 266.0636568501386 English 0
436.7381790000218 339.364863999993 431.70424830117554 292.6622721628041 542.9606670000067 280.67071300003147 547.9951251784951 327.372700392404 English 0
370.68693299996085 346.9694759999677 366.03379808642785 306.2795080738433 429.03106099998695 299.07585800001834 433.684464486505 339.76551680624743 English 0
263.16727999997966 356.2994139999746 260.2458229732292 315.51803742349045 368.90476799999306 307.7341839999949 371.82673023118696 348.51501313891026 English 0
266.0025561457587 323.89185042887226 265.4214762634365 359.71308559123395 220.41161799999827 358.98278900003106 220.99289916746784 323.1617588234343 English 0
212.6048360119603 320.92205363308904 225.86784699997224 324.12809499999986 220.06066653120797 348.14973051179436 206.79765900000348 344.94369899999947 English 0
319.9612319999869 371.9749610000333 319.3897023564932 358.76791539677913 370.2483829999983 356.567115000021 370.8199995263567 369.77406944705456 English 0
408 352 424 352 424 367 408 367 English 0
448.41413800000737 361.79973500001483 447.5475337275566 346.2876960670914 519.1172969999752 342.289434999985 519.9840380774549 357.801328553526 English 0
639.9998872447759 268.1690714960303 645.369146958692 319.7160833853318 553.753883182435 329.2575545832584 548.3851970000251 277.7110689999984 English 0
281.3934796024114 286.97979022985976 284.3888253694604 305.34434615421793 199.91273681625898 319.12135670502346 196.9175898063986 300.7569773184075 Manipuri 0
309 360 317 360 317 368 309 368 English 0
436 349 446 349 446 357 436 357 English 0