316.14956100005656 145.80606000000122 401.6821949639416 132.67189946791672 405.413784618504 156.97249357264428 319.881154814575 170.1066359498182 English 0
373.84309699998994 135.40482500002423 368.1620365380513 101.72840358922895 408.8304000000062 94.86789199997727 414.5115075047943 128.54425411296995 English 0
112.91701363072207 337.0465524963315 114.77661706550862 358.2987476231808 78.92529800003103 361.4353860000088 77.06580146106717 340.18329045239255 English 0
115.7589690000168 360.3543390000017 114.12900092262134 338.03596192596797 262.4990727758268 327.1998493384987 264.12943102746794 349.5178020925841 English 0
86.48146600004111 411.0991410000188 86.37319829009357 390.9002065886359 138.5297558461025 390.62054946607424 138.6381798351067 410.8193268607653 English 0
185.57845991635986 392.82956602928425 185.28558306621562 407.42639369508674 135.1646427437663 406.42062503002694 135.45762599998852 391.82390600003515 English 0
185.92178400002012 409.8944290000023 185.58953788495273 393.8268925145465 201.61626563574828 393.49553059366076 201.94854940498772 409.56302858184597 English 0
206.13906753322226 409.1720865437235 205.35057400004007 392.133512999988 257.9108639044716 389.7013374544025 258.69948408530036 406.7397775274059 English 0
146.1261149526399 358.76775114418115 147.16827446012758 373.6919024007045 85.19289600000775 378.0188999999948 84.1508713796793 363.09487560994535 English 0
153.99198960643844 370.84565341046425 153.6286509999627 351.68746600001134 217.35883648325398 350.4787428753511 217.7223358250194 369.63676611557446 English 0
214.62853400000313 370.97771399997555 212.4849183351762 355.3862587426836 255.32019687372667 349.4974653424499 257.4638879746635 365.08883046326395 English 0
150.28142051378381 314.50412145060227 152.04808055794274 334.69388116997277 110.62011345144128 338.3184949783806 108.85356300001149 318.1288369999998 Manipuri 0
147.1746919999714 334.0495139999754 145.9998113677284 314.847734154823 227.44798940031615 309.86432125847773 228.62304508635134 329.06591341333854 Manipuri 0
98.03409255742736 442.210655191255 75.62922771001467 442.9673141833237 75.12444736494217 428.02110516462625 97.5292040000204 427.2644480000005 English 0
111.85672193627397 444.2135567718904 95.91731186403194 444.2797413930954 95.8373457230482 425.01340041673654 111.77665700000944 424.947216 English 0
107.21176123006444 438.6489505071909 108.9984060000279 419.8365759999729 135.85757116503373 422.38707764516846 134.07101432261697 441.1993707820369 English 0
176.13624250720022 426.90131428998563 175.53890299997875 447.2080120000261 128.97557475793292 445.8382581234502 129.5730629999889 425.5317139999787 English 0
197.84629896334081 445.25638424625174 167.91301810262667 441.70637124747265 170.22318725081277 422.23092820510004 200.15628100001777 425.78093000000376 English 0
212.70448090792343 440.7443860214027 199.16070400002354 441.92914899999937 197.85919498557632 427.0524791241133 211.4029070000106 425.8677190000021 English 0
246.51736985302705 439.92746394268966 220.89350665701204 440.47090852632823 220.63663101405837 428.358319520577 246.26039399998263 427.81487599999997 English 0
264.1828132709634 427.7607345261483 263.9338790000329 440.1882809999828 246.53401256116922 439.8397536010391 246.78298099999665 427.41224200001375 English 0
264.7305690000212 440.1185799999852 265.0978261270211 427.8342335707158 274.21992635885545 428.1069157317503 273.8526878488483 440.3912440573344 English 0
355.4161159473733 185.9141526560255 326.3655313993513 191.3430310934748 323.3466987842985 175.18911746838882 352.397220999992 169.7602450000021 English 0
358.79309199997806 181.6926580000013 357.45947912320844 169.66831542439607 387.9372678137588 166.28809858244426 389.27090146782575 178.31241729919503 English 0