-5.501658173816395 348.5368299793422 0.9022430000186432 282.43429300001003 241.99390343528648 305.7866942989775 235.59211666062765 371.88727099209825 English 0
423.2038089004345 342.35896594775824 416.8264150000323 395.5631319999828 232.8227359346056 373.5064981621201 239.20125700002245 320.3036420000084 English 0
416.5714694237977 391.8915968663198 421.1922030000278 340.72500699999154 504.28798934139195 348.2282876215738 499.66788952246134 399.3942890183238 English 0
496.61575005397026 400.9664467439859 501.31537900000694 351.16131900001193 610.2157969240943 361.43568816938216 605.5170030087174 411.2400434390722 English 0
226.0491454404837 431.0016743264902 231.9665189999796 387.1043679999749 301.6163597317791 396.491915947475 295.69951268291334 440.3887462982329 English 0
293.69503493522643 437.98937772570844 295.7566360000055 393.33644200000373 400.54649055949994 398.17349083906265 398.4856510497775 442.8256926078388 English 0
474.49453138826357 409.3672580943815 471.9026329999906 449.45248100000066 394.9836560883705 444.47888458572675 397.5760099999752 404.39415099998166 English 0
135.848522035958 298.03371307774034 140.13107200000377 244.89740899998975 265.0768930961931 254.9664836265626 260.7950768277078 308.10210363942474 Manipuri 0
393.91418160361354 276.19265103700906 388.63097900000867 324.8242969999832 263.689265937428 311.25066758528783 268.9730520000012 262.6196840000255 Manipuri 0
379.7821562836907 322.45092694604796 387.750429000007 277.8379309999928 442.816722815478 287.67257391126134 434.84877096234413 332.2852861854596 Manipuri 0
437.8318190795835 329.13249411714264 443.1583110000065 287.8639619999923 522.4417531981453 298.09613532998674 517.1156866412639 339.3642811612549 Manipuri 0