310 40 349 40 349 64 310 64 Manipuri 0
359 36 397 36 397 58 359 58 Manipuri 0
412 45 442 45 442 69 412 69 Manipuri 0
450 66 480 66 480 91 450 91 Manipuri 0
327 214 425 214 425 271 327 271 English 0
139 241 281 241 281 304 139 304 English 0
577.4877219785412 303.2268260142502 569.8643386515323 351.0917167320081 284.04977918820805 305.5680619165955 291.6744209999888 257.70473199998736 English 0
300.35246372630354 340.95323352993233 304.63356311818643 314.27607447250205 420.9154205755476 332.9346415227757 416.63476361536596 359.6114053042304 English 0
406.18746068008477 394.4385716734431 402.33712259840104 422.7367463036179 235.53227199990943 400.04104799998095 239.38319868546387 371.7435766070321 English 0
410.98400499999116 421.3259890000325 414.352933907212 399.98970419172446 465.98951599997235 408.1418240000012 462.62078010979167 429.47793629469675 English 0
84 506 154 506 154 528 84 528 English 0
159 514 215 514 215 530 159 530 English 0
221 520 276 520 276 537 221 537 English 0
283 526 346 526 346 545 283 545 English 0
351 534 394 534 394 549 351 549 English 0
482 548 556 548 556 570 482 570 English 0