147.91161932749674 206.35140153554872 150.42321799999627 177.77817500002465 236.04652379646723 185.30413084935432 233.53511800865817 213.87717737114596 English 0
327.94544348405907 193.44758840312767 325.41706399999384 223.48331199999134 231.4162214678072 215.570213567373 233.94479599999613 185.53470499998394 English 0
396 572 493 572 493 638 396 638 English 0
532 446 640 446 640 528 532 528 English 0
215 448 510 448 510 553 215 553 English 0
634.6307623486791 3.6056879215901416 630.2771290000237 35.98778299999504 564.6007613615802 27.157860934655716 568.9544044427748 -5.2242229286347275 English 0
291 596 324 596 324 632 291 632 Manipuri 0
329 597 352 597 352 632 329 632 Manipuri 0
358 600 394 600 394 625 358 625 Manipuri 0
502 582 526 582 526 616 502 616 Manipuri 0
532 583 551 583 551 611 532 611 Manipuri 0
557 584 586 584 586 609 557 609 Manipuri 0
600 223 634 223 634 247 600 247 English 0