338 464 364 464 364 503 338 503 English 0
49.04552090985817 212.86876464990942 57.756988999972236 178.16096899998394 160.58545081199554 203.96933768638252 151.8743140848528 238.6768471752596 English 0
535.255687987883 424.3602208287318 523.1538708366861 500.5921000233037 165.55768898317183 443.81898543158565 177.6630809999915 367.5915200000119 English 0
185.9572712276713 490.0921450801983 189.05317800003104 450.19821299997056 336.89759480243083 461.6682196805244 333.80280811521516 501.5611013394954 English 0
480.48787434170663 479.6543450290876 477.09973800003354 514.6469480000166 364.1915214320761 503.71512789971524 367.5803029999952 468.7232489999993 English 0
534.9307174267597 487.9220995763819 531.7667690000235 516.8156689999873 472.7686738671764 510.3559049815907 475.9328999999707 481.462654000035 English 0
401.51547300200036 304.78030515387604 396.14315895370964 327.79305971859355 297.8136920018733 304.83904350570776 303.1861869999557 281.82655200003353 English 0
456.29228321966366 321.629379693286 449.8998235047475 344.40152658664033 388.18434653789154 327.0781874211285 394.5769129999826 304.3062159999982 English 0
407.38307426974643 378.56829643036474 404.1011488367076 397.4678153072256 328.20208711847954 384.288784338196 331.48417399999744 365.3894720000211 Manipuri 0
278 236 309 236 309 274 278 274 Manipuri 0
393.5094626885257 259.23366690765613 384.3279530000291 297.74159200001793 308.8085456911358 279.73593661612927 317.99025899999833 241.2283099999884 Manipuri 0
232 174 264 174 264 220 232 220 English 0
398.3673959101725 226.63411798900552 388.13122964398644 259.52472891803444 257.3745353855338 218.831490758972 267.6109069999802 185.94125200001866 English 0
34.380942215939285 27.491563598116528 165.36349872651044 80.58539968534232 136.22581900002842 152.4676150000044 5.243336024796008 99.37391566274441 English 0
584.9144296690793 353.93373920638714 580.8661341051629 368.8719374168616 536.5642110184126 356.8669555505523 540.6125629999588 341.9288480000034 Manipuri 0
589.8495592975814 409.72350881345443 594.5058599999902 380.31498000000056 644.6560145069816 388.25432265211384 639.9999622556788 417.6626303978361 English 0
575.4263748054655 433.3696754179743 578.5685879999801 413.4907580000236 623.7684729057219 420.63436123478414 620.6264217606076 440.51313396786753 English 0
623.3617136333487 449.53307795026876 621.925642999995 464.1849150000256 593.7088989276526 461.41963567714134 595.1450320000004 446.7678689999757 English 0
620.3683311962959 464.408721503039 621.2597000000096 450.87903699999964 640.8913186106656 452.1722051360655 639.9999978736014 465.70184427695835 English 0