215 139 260 139 260 168 215 168 Manipuri 0
266 130 333 130 333 160 266 160 Manipuri 0
142 214 169 214 169 232 142 232 English 0
171 209 210 209 210 228 171 228 English 0
212 208 229 208 229 224 212 224 English 0
230 202 280 202 280 223 230 223 English 0
293 194 346 194 346 215 293 215 English 0
349 187 412 187 412 209 349 209 English 0
315 212 340 212 340 227 315 227 English 0
283 214 316 214 316 231 283 231 English 0
250 219 280 219 280 235 250 235 English 0
183 226 217 226 217 242 183 242 English 0
228 238 249 238 249 252 228 252 English 0
253 233 277 233 277 249 253 249 English 0
278 231 305 231 305 247 278 247 English 0
305 227 342 227 342 244 305 244 English 0
324 346 360 346 360 361 324 361 English 0
176 362 223 362 223 381 176 381 English 0
231 357 257 357 257 374 231 374 English 0
259 356 283 356 283 370 259 370 English 0
282 146 425 146 425 203 282 203 English 0
122 158 276 158 276 221 122 221 English 0