321.25615937555267 283.23998863475526 337.85645800002385 199.43356599996537 518.4851337171131 235.21007820354492 501.8865393696615 319.0149958923862 English 0
506.3688588930381 326.7047454743985 523.4021740000026 251.66109700000592 657.0318001868145 281.9896464992131 639.999817890639 357.03215336369163 English 0
338.96268985117786 365.2133184358673 352.96034099999815 301.18253299998344 653.992028858047 366.97909740748446 639.9974512441986 431.00724803757026 English 0
208.16652253401116 415.8261638402161 216.70388899998215 345.70800000003385 344.13077681398136 361.22098240939175 335.5948430987337 431.33783968565774 English 0
387.37839258647 446.4443001176062 400.0719389060396 387.2582606870985 557.4607880518306 421.007654983344 544.769006317074 480.1921537458463 English 0
531.786469596409 475.6329123588531 545.4689379999763 412.86046299998924 653.6809037935745 436.4432581975867 639.9997799413541 499.2145496562543 English 0
221.41325176795362 477.4056531635916 227.72859500000777 433.7850509999687 316.97174163396994 446.70325868187115 310.6571519553836 490.3231836080903 English 0
476.1691607755347 483.8514230051783 466.09765982386307 530.8068298846215 301.7468883955007 495.5583583331643 311.8194219999714 448.6043859999716 English 0
478.9228373252263 532.5433765355153 487.3793840000144 485.3332900000334 608.3567005823716 506.99846525660223 599.9014243330021 554.2074278070651 English 0
640.0003622053191 564.626106 598.1877879048261 564.626106 598.1883029999881 506.22930300000013 639.9999042244599 506.22930300000013 English 0
192.4782541057357 197.76581447276578 197.34766699999454 159.79957800001722 242.8402606313466 165.63414918563734 237.97097785718506 203.60026769300617 Manipuri 0
236.1287589999847 168.4484520000021 269.396869321572 165.9461903215264 272.8148090000468 211.38729899999754 239.5466996178584 213.88955262407632 Manipuri 0
262.1062987591722 215.03433821479686 271.22022299998207 178.3588220000149 339.06120832842134 195.21685413394675 329.94751094898675 231.89217443893173 Manipuri 0