171.7076615645783 259.8592458916222 174.00051348180568 274.3111560184569 133.02370627236087 280.8118130567812 130.7309219095623 266.3599630967967 Manipuri 0
226.1884824153094 252.17593358801173 228.23889564686397 265.7256419226486 168.22762649440847 274.80618220063894 166.17730330093764 261.2565545317265 Manipuri 0
225.94092599996657 266.3241959999651 224.21291975406348 253.9117214347911 268.8014562598255 247.70455490739792 270.52950693927414 260.116975878332 Manipuri 0
288.08068142068805 357.5101221815888 289.9236948633916 372.7055751064611 239.9299286682799 378.7683290847067 238.08703033311758 363.57298065403256 Manipuri 0
247.57687271936447 268.1156368482238 251.73464803927345 297.3834999603806 143.16536780293973 312.8049929095437 139.00797760165005 283.5374753601336 English 0
38.50158000001102 360.8968059999871 34.67434832418803 334.1399903271765 84.27713430173753 327.04546372812706 88.10450786295405 353.8021082935248 English 0
92.97552504234773 314.1532957806141 118.50438300003589 323.26535400000034 104.12513661220146 363.5476511476475 78.596303000013 354.4356420000038 English 0
161.8176166415651 316.64330283348886 164.9892887208989 342.48102765196796 113.05662586179096 348.8551602767387 109.88513780233916 323.0176026063134 English 0
157.22215499998129 343.0779930000171 153.70595365217014 316.9439618974421 224.52820699996664 307.4157300000311 228.04459793216665 333.5495356072171 English 0
224.31368799996562 335.0677509999882 222.34059545662603 304.650146210344 264.3250390000321 301.92692799997997 266.2982724203175 332.3443807707491 English 0
371.67550348523946 246.62771311928753 372.75914032768924 256.5119933621587 330.0214900673018 261.1970896614273 328.9378970173857 251.31284951122808 English 0
343.4818559999985 247.45558699997304 342.4879632046941 240.51189319394524 364.5063079999818 237.36039599997082 365.5002123067243 244.30407590755402 Manipuri 0
407.16040386017994 234.34685803414084 407.7117129758699 242.2830875435216 367.7200071270636 245.06099969743772 367.16872811797657 237.12479848066394 Manipuri 0
376.565671999997 255.72207399996668 376.14106024455396 246.66288399189608 420.49427599995397 244.5840359999937 420.91892330056 253.64318856212793 English 0
382.5284290000127 266.0063579999969 382.4540357304795 257.0487111857498 434.926220999987 256.61284000001706 435.00065956839535 265.57044114527883 English 0
345.55959699995583 268.40446400001235 345.1830576927023 259.7620053315008 378.8147079999908 258.2967579999797 379.19127448250947 266.93918815564837 English 0
318 261 341 261 341 271 318 271 English 0
284 261 314 261 314 272 284 272 English 0
315 284 332 284 332 291 315 291 English 0
334 283 353 283 353 290 334 290 English 0
354 281 371 281 371 288 354 288 English 0
295 308 315 308 315 322 295 322 English 0
305 326 334 326 334 334 305 334 English 0
318 309 368 309 368 325 318 325 English 0
391 309 416 309 416 325 391 325 English 0
419 308 450 308 450 324 419 324 English 0
439 258 470 258 470 270 439 270 English 0
395.33830799999123 278.09467199997965 395.56257939075294 269.98044324378185 453.8853036240471 271.59220184045716 453.66108190275554 279.70638221188153 English 0
395 281 410 281 410 287 395 287 English 0
374.03081600001315 287.67237700001783 373.7954277476092 281.0158640109537 393.59647600002063 280.3156849999659 393.83187766252377 286.97218406886947 English 0
392.85440124767774 269.4369598313761 393.2778941217839 278.7004660752658 297.00597648530675 283.10088627002034 296.5825791929092 273.8374716591926 English 0
284.9987240000337 305.2622799999929 285.17542690737173 290.7021949308639 371.96292799999355 291.7550449999861 371.7863671154191 306.3149896190995 English 0
419.69298001218704 290.78779335151864 419.8167040404951 305.08147621442384 376.87988600002427 305.452969999967 376.75623058879864 291.159355169925 English 0
288.973363000041 350.9535090000344 288.1445691902627 341.27353779161234 321.2172683765675 338.4420715429436 322.04609940730734 348.12200154720495 English 0
285.0014785140229 339.6588902199889 286.05602871844894 350.9975079076583 237.08504561480368 355.5514625494994 236.03057326734415 344.2129169633828 English 0
234.30569817552168 342.8712406918334 235.74519909401715 356.4580551173031 190.35408377028944 361.26654878155637 188.91467128283693 347.679815539326 English 0
145.4963200000202 364.3022969999717 144.56516622012714 353.14644271759727 190.91741955846373 349.2777768291978 191.8486357342772 360.43356238136886 English 0
101.53882699996757 372.2152559999649 100.0987379608705 360.07399975028187 145.88401008732035 354.6437805419466 147.32416423241375 366.7849611391939 English 0
217.66012229956686 405.25511309156866 218.13042388930626 413.49776877757097 163.4721292645554 416.61575530665544 163.0019002273184 408.37316857846497 English 0
166.7213998635998 419.32381703095825 167.54663826992328 430.65267177565204 140.4760275726585 432.6242504856362 139.65084103001573 421.2954444217057 English 0
165.4577319999953 430.99599500000227 164.64812251302646 420.42665962707844 213.21966243893257 416.7064355222803 214.02934616307903 427.27568976012685 English 0
215.36350900001707 427.3075399999845 214.4538388337969 416.22352263278947 242.30584500000987 413.93795799997406 243.2155591558694 425.02192694162426 English 0
243.32916600003955 425.5125180000272 242.28679191248375 413.1941798983319 290.80551999999443 409.08893199998545 291.84797830974276 421.4071770311437 English 0
152.59303801576607 440.1036189054282 153.42401676614827 449.27225179140663 128.01579722989118 451.57465340490967 127.18486028905318 442.4060592688506 English 0
195.59237718465738 437.5746360087568 196.12640597384598 446.507168143325 150.98145650044899 449.20554935782707 150.44749794513336 440.27308383601985 English 0
221.30513557996892 435.227023492761 221.89757860687678 444.14137876700556 201.53402600000845 445.49448400003 200.9416145461728 436.5801585122035 English 0
221.0359669999889 443.4732730000055 220.45689857193793 434.4516235478428 259.09916339100164 431.9715670321966 259.678284686961 440.9931596587731 English 0
225.89707300001464 410.4694979999813 225.7346784233232 401.0101305869205 264.8605849999876 400.33843000002497 265.02303442379343 409.79774154033777 English 0
319.23457088028954 395.36212935661763 320.18424018904625 404.24554627046007 266.73591612823657 409.9584267250258 265.78632473698235 401.07508130610626 English 0
312.2377932659583 426.5150162840108 313.3067984197987 436.6478953818523 266.3922345906758 441.5964059035182 265.32331342357793 431.46360389938087 English 0
313.32931500000996 436.78923199998394 312.59784098598175 427.38881776050783 347.5407439999981 424.6701100000178 348.2722662037122 434.07047146141684 English 0
294.80441799998516 420.1673080000213 294.2490239634935 406.85551077099495 347.123047999994 404.6496230000264 347.67854533965874 417.961312091114 English 0
351.81741430256807 367.938625473893 354.1514662456757 394.5275977188641 201.29727167688543 407.9420716264667 198.9638524656766 381.35368675711777 English 0
538 465 570 465 570 484 538 484 Manipuri 0
577 459 605 459 605 482 577 482 Manipuri 0
614 463 631 463 631 482 614 482 Manipuri 0
563.2178150999971 537.8954466708789 527.0662430000084 539.5684390000009 524.8987599623069 492.7332630326882 561.0496834412334 491.0602857356957 English 0
631.5358721969824 489.88325620497625 633.0718116525532 536.0517491260765 574.8581963134347 537.9874352234543 573.3227869999973 491.8194559999676 English 0
627.3873886182992 547.0072528314269 626.9164065776567 561.6694838435192 596.1884782661946 560.6825202054127 596.6595499999676 546.0203819999643 English 0