575.4486187972361 200.92779276404787 573.4796342258778 256.3112171166315 188.86451300008048 242.63086699999005 190.83518882544013 187.24919965178293 English 0
433.12373200344155 196.68477274892567 258.22176363340986 187.51874676185193 260.17606793378945 150.23657820637249 435.07719300003373 159.4025820000005 Manipuri 0
305.3848431036022 128.03869207191445 210.34666277824726 123.05798452982522 213.08228241105098 70.8629480929814 308.1200959999842 75.84364599999837 Manipuri 0
251.7764383978647 386.92113426669516 144.6721285894455 386.0337835704294 145.1240936323302 331.5827727538465 252.22684600004868 332.47011700000036 Manipuri 0
416.6789192878059 82.60064457374162 417.51189311689814 132.22090086861834 309.44673932230216 134.03461823661257 308.61398400003964 84.41457299998903 English 0
317.8240879251098 343.1049601468198 317.2639299999719 390.35322200001394 257.6825764183741 389.64647105577006 258.24311299998953 342.3985909999924 English 0
325.1944769999682 391.8369749999982 328.2774750253884 342.9445934378489 428.8491414058808 349.2853600602385 425.76686180749675 398.1770608534675 English 0
86.73234599998978 418.8605319999773 87.29849808936706 379.2131764672766 115.30645730803371 379.61309668182935 114.74047240735672 419.2602875132583 English 0
288.5654059821536 433.71069807323636 115.38215566732106 421.5331002033219 118.52662271230656 376.836352524615 291.7075400000613 389.0138680000023 English 0
375.83951909153257 434.01199693908745 296.11843140279234 429.8345022506644 298.40782899998885 386.1606239999993 378.12785620975774 390.33809085743724 English 0
382.69287544135295 394.59659258767346 464.00971054987167 393.48276718775475 464.5993820000149 436.5274440000003 383.28254706990265 437.6412619992491 English 0
466.9219057972077 395.99066053886065 533.2864709101705 397.1754032786828 532.5393669999903 439.019897 466.17480205284664 437.8351619558276 English 0
640.0000380239362 112.68505300000002 590.5197936887271 112.68505300000002 590.5198332238069 92.21849500000002 640 92.21849500000003 Manipuri 0
442.16123599995626 268.72315199997627 445.2461385087372 244.0423341208765 507.9115219999949 251.87449899999874 504.8267858938925 276.5551659902202 English 0
620.6433307193947 316.52947354157016 636.1808289901091 334.5024425709041 594.2393413076206 370.75718674110635 578.701976999946 352.78434499997945 English 0
635.4451861795678 141.06389681222942 591.0544580505666 141.2024035017481 590.9645196611382 112.35816249833871 635.3551259999949 112.21965600000004 English 0
622.0573616273759 448.57416060341336 608.1004201246105 457.82433988735033 579.8220976100856 415.16299041304563 593.7788710000314 405.9128869999958 English 0