192.7106915522745 226.26651351834315 194.74136909877416 251.70810063276602 152.57719599998381 255.07325300001807 150.5466214941407 229.63176214101907 Manipuri 0
223.2822113356815 228.93691093142533 224.3988473968784 250.24106033278483 192.45323000002827 251.915306999981 191.33665773253597 230.6112183279265 Manipuri 0
116.3250782348041 281.5386962530546 119.31199764199846 311.1023049341345 5.559608000039589 322.5934260000032 2.573100745139527 293.0301969612899 English 0
121.306173999983 315.4592750000328 117.99361755933205 278.35627984195844 207.83354999999574 270.3356080000267 211.1464340567909 307.4382386941038 English 0
340.7979871836869 270.84316322276686 344.0869560516876 300.5172016994319 251.59568399998534 310.7673520000228 248.30704125626653 281.0936118797589 English 0
422.72267233864113 260.14107951407755 427.5422928929038 296.98663770283235 345.77493425305875 307.6811251728352 340.95566800002416 270.8358869999805 English 0
478.2413760476629 295.684967437087 427.07258264861593 297.299098938179 425.86171754679526 258.90987005724736 477.03010400000494 257.29574499999967 English 0
330.6732580631797 245.73921746051707 332.4498849088559 271.1904810938707 265.78202700002294 275.8437019999882 264.0055753318302 250.39260344280095 Manipuri 0
334.2415240000264 267.98336900000953 331.5991259220755 248.01764521180232 398.40546597595676 239.17631435902217 401.047970882355 259.1419113325623 Manipuri 0
447.106826997624 236.43296893951606 448.4468606948212 261.9981163052573 401.3271619720035 264.46768509172676 399.9872460000188 238.90264999998706 Manipuri 0
34.89110366346722 364.8494278936836 36.368255271809176 376.9416428147339 4.098591000001761 380.8831080000065 2.6214993459143443 368.79094759982036 English 0
35.477284000007785 376.03422800000095 34.65300591662526 365.422945882004 56.85364500001015 363.6985709999882 57.67795276660763 374.30982060314966 English 0
58.98125599997002 373.7343070000105 58.23421624816547 363.6400233044017 82.96403077802097 361.8100234393156 83.71110194872017 371.9042728663456 English 0
115.0147144341463 357.97997831389637 115.99615345483471 369.6154213294954 82.53999907145044 372.4370320061498 81.55861699997331 360.80164200002463 English 0
115.173661000008 368.65312700002613 114.7752011083503 356.37943616028855 141.55741878137633 355.5100218533574 141.95592144817056 367.7836684010194 English 0
172.85155600002327 361.35783400003095 172.43291234939534 350.1607261700257 208.23197800003982 348.8223189999952 208.65067254992027 360.01937380927814 English 0
280.9520507633715 306.1114398112036 297.7778849999595 307.8129809999994 295.6147265864274 329.2019718673279 278.78889299994626 327.5004349999964 English 0
296.73031700003776 326.0261000000272 295.9208724580094 310.58048630953766 327.46702299999015 308.9273649999921 328.27652190375375 324.37292118430656 English 0
341.62150922777073 326.8778456084555 327.71073674215586 326.63757836941306 328.1078137175791 303.65196541193853 342.0185109999875 303.8922319999996 English 0
372.4504537994653 303.89941962934176 373.427566495302 322.540627749548 342.7983257228334 324.14590544325324 341.8212830000266 305.5047640000084 English 0
372.0898809999926 319.94041200000305 371.73081639499287 300.18071542369 403.45774900000833 299.6042070000261 403.8168845129985 319.36383128340077 English 0
402.46340199999395 317.2804720000256 400.8999216114171 298.15204147889676 456.0814609999943 293.641924000015 457.645050714782 312.77023410503455 English 0
256.4181870000175 357.51235700001496 255.26375667868706 342.1013717269967 303.47113000003446 338.4903950000088 304.6256487374194 353.90128395291134 English 0
325.48947198672977 338.40451466828836 326.54831358770025 352.1974806427538 303.0826369999704 353.9986469999832 302.0238400241942 340.2057228126574 English 0
326.9021899999643 350.0799909999903 325.61982148756215 339.0548953394772 350.6931320459262 336.13875897233925 351.97553122947284 347.1638191532003 English 0
350.8333929999935 348.2917449999764 349.85477156085835 333.93292238891433 384.39324099999794 331.57911999999925 385.37192057905486 345.93787974536656 English 0
411.49107360237394 329.0907511895299 412.5787621436757 343.91315578355966 383.54960500000743 346.0430949999971 382.4619741450442 331.2207445888067 English 0
482.3573792634852 336.5922758404958 446.51332602705224 339.4700784618687 445.36043111591425 325.11074052713957 481.20435799995903 322.2329430000009 English 0
605.1326666691602 318.40827997343587 606.156704784953 329.045638157756 569.6154559571733 332.5630109286684 568.5914690000209 321.92569999996687 English 0
611.9126251819398 269.66676394007817 613.9172774059989 291.0498378593545 585.9424579999904 293.6722329999756 583.9378737065272 272.28922191059394 English 0
637.3796952745033 266.6230640171401 638.7139776474214 285.72833711331 611.2532179999835 287.6459770000311 609.9189932111767 268.54075811997353 English 0
599.9726989999908 199.79595899999853 629.6045470691752 196.85512169931337 633.5804170000483 236.91460299999662 603.9485703826358 239.8554306863482 English 0
630.3950319513388 328.9407660732188 605.7249730540207 329.5949257525311 605.3968963796069 317.22180770778886 630.0668820000283 316.5676489999994 English 0
631.8314898136305 313.6766414451644 639.4942170000286 313.08281800000015 640.5766812458751 327.0499371275451 632.9139541715995 327.64375958204795 English 0