197.21870699999272 348.9243109999862 198.573581497767 329.2359409076166 272.4221605111961 334.3172226949938 271.06748269427044 354.0054073822227 Manipuri 0
331.01625834111474 338.31813407909317 330.31939869768394 360.6178462377683 279.4861522114661 359.0292185815511 280.18315399996936 336.7296530000203 Manipuri 0
430.59912331307714 373.9898509815413 334.36080227991624 363.87574695098374 336.92555052075477 339.47681182490834 433.1632510000054 349.5908830000009 Manipuri 0
259.07665284801624 360.80016101693167 250.59520452799916 432.32072829496576 89.54147100004775 413.22119999999575 98.02435263067309 341.7022874982521 English 0
265.1581829999486 410.2284169999853 270.329960320596 358.7569141436441 385.3129926555994 370.30848121552185 380.14215284107195 421.7791189422118 English 0
392.4507025774801 439.8438303294897 392.7526989999751 371.6208449999699 523.5218031278782 372.19907176958174 523.2211622552131 440.4207023607739 English 0
185.87201399997866 441.5791640000242 187.6638199613808 419.2774287661308 274.18210133197135 426.22723616509325 272.39062988432124 448.5286589195477 English 0
272.7883930000098 448.569359999997 274.80325177224586 426.79701489603764 317.68117200001143 430.76439500002607 315.66647877647483 452.5365867401458 English 0
370.4189223969297 434.69259934525405 367.7846639999916 462.84403899998466 319.65676286883536 458.3408576594991 322.2912229816575 430.18964346308735 English 0
373.31136922912265 461.8279148073588 375.49685600002704 436.30479799996647 431.1564188190823 441.06995365514194 428.9711893659114 466.5928309485102 English 0
238.69613062975986 528.1081351938794 227.73846515592595 527.6168748998938 228.33685624267673 514.2729869802969 239.29446499998448 514.7642460000004 English 0
86.88444400002481 17.173876000016953 91.18473088448809 -7.890163786415016 152.34488199996122 2.6032020000329545 148.04460136117996 27.66723651101988 English 0
146.88522000004014 27.770381000019437 150.52765263091715 1.6346209798366498 188.8753330000327 6.978977999983336 185.23290815166547 33.11473023879171 English 0
197.36060392016952 7.334543829553752 226.94452865893254 23.073151365592274 211.81400093300908 51.514045086884046 182.2300799999357 35.77544299998374 English 0
67.07842616575363 33.18853648935895 69.4498819999717 18.55905600001642 118.89578137990611 26.574281180625587 116.52433470058895 41.20375352327812 English 0
115.38705899998604 40.547922999994896 118.87845705830841 28.43893954570136 130.58574331713316 31.81451298071771 127.09434758377029 43.92349444351248 English 0
129.16463883426331 43.06675754991903 131.60790199995972 28.309754000019357 211.4662806520937 41.5315641200955 209.02303864815622 56.288548803414514 English 0
208.62538100001984 56.24664700000076 211.53507119161077 41.62615659167206 245.7983825392148 48.44503519014048 242.88870368603966 63.06551567667373 English 0