64.25924600000144 268.70851800001066 58.670691563384025 215.52817099057617 281.67414130075485 192.09272431087368 287.26359342013893 245.27203783509947 English 0
302.5630318085314 247.11614976729592 296.4888050000445 195.20823400000148 480.49585141197895 173.6755835661502 486.5707269624545 225.5827430245642 English 0
0 278.0040089999755 -8.018172854499426 220.28250218790092 37.283591012019315 213.98986486922752 45.301965175240184 271.71113124709245 English 0
149.82561087548675 166.62992947235537 153.23905700002797 201.6973239999996 63.741197139097494 210.40837935617648 60.32799005857669 175.34120496190974 Manipuri 0
286.2629051294789 162.26794930309046 287.9808084034448 192.4965936359992 157.81151600000157 199.89315399999015 156.0938891940168 169.6647596572062 Manipuri 0
393.94055327007663 149.58212082769504 397.2806110000238 178.164417999964 292.1185711976432 190.45268736964343 288.7787229999958 161.87058100001013 Manipuri 0
491.1438521544187 147.0979282105154 492.872590699335 172.896718041728 398.3308813015901 179.23134832826068 396.6023000000132 153.43270700002475 Manipuri 0
496.4363684862474 141.40671612880394 574.0483985695755 135.48508733275628 576.0508280000067 161.72958700000092 498.438799019641 167.65120698831524 Manipuri 0
571.365690246239 170.11236770786581 577.118152999974 214.47871699998194 499.121001914682 224.5910379469089 493.3688219999749 180.22494500001298 English 0
337.9685814562981 284.88983292585306 341.80878400002257 318.70575299996835 170.20364670504932 338.1901429870259 166.36418399997638 304.3748989999664 English 0
168.21244730963372 291.1226126464326 128.44853876842535 296.25023499729207 124.90009177017782 268.7332386057654 164.66377400000056 263.60563099999877 English 0
171.53874800002086 291.67573799997854 168.7800387639436 267.0669633009362 243.24075799995626 258.7199989999845 245.99963116459548 283.3285844663833 English 0
313.46268444096495 257.31714517694786 314.7997723259323 281.1105373331641 248.99211800002377 284.80814300000236 247.65519620086707 261.0149085845295 English 0
397.6468409274821 241.82349333867253 400.28291954746237 270.2961477284689 318.2403598640667 277.89105752425706 315.60452600002463 249.41862999998594 English 0
406.84711299996707 264.1262189999963 403.69434979693324 237.50213940476453 457.7403119320661 231.10235622394524 460.8931900425523 257.726302466693 English 0
486.2584897843044 264.5082583756555 463.6396764218807 264.69460218329226 463.3287459960411 226.94516316951217 485.94740399996226 226.75882000000024 English 0
542.1736989055353 254.572208674381 485.2311668960465 255.04132926809885 484.96475214968086 222.68466724550598 541.9069570000283 222.215548 English 0
426.18154301344475 268.6227644558806 432.3565080000117 307.6042910000121 344.8357376885542 321.46669614654087 338.6611969999649 282.48554699999306 English 0
534.1711114530335 258.2248638778204 538.0789519999962 295.1793519999741 431.23232246303814 306.4766236971885 427.3249360000045 269.5225529999959 English 0
298.4390981452452 329.9644101389406 301.2905289999617 354.2822100000002 142.11482116923435 372.94306824957164 139.26394899994193 348.6257779999701 English 0
306.31914899997355 350.24586600002647 303.6098663324083 322.8333137408265 376.1568853873905 315.66362035898914 378.8663874875783 343.0759242537706 English 0
469.0568190218619 301.8051442019731 473.3634929999971 331.3483810000179 386.73308241413906 343.9753521904009 382.42675400004373 314.4324250000216 English 0
157.25162499998987 477.5322719999659 147.7605543698155 414.23546585948947 275.8883651637734 395.02529419675375 285.38052180345403 458.3207668071872 English 0
541.4515447854501 362.7175647603519 549.5362380000006 418.64038099998197 313.02719850922585 452.822742546266 304.9447599999985 396.9019490000063 English 0
349.8936433846393 372.54592497022514 353.1999270000233 395.73885800001784 282.3681289603701 405.834683999203 279.0621120000287 382.6419899999675 Manipuri 0
409.4889024327131 358.72116875615967 414.6442599999864 384.9270689999829 356.81115164246876 396.30271770705076 351.6560406902863 370.09703324351847 Manipuri 0