28.917176999966614 373.5269989999802 27.30466621906089 283.1129306579049 246.60917000001064 279.2002120000299 248.22404699931212 369.6118781723362 English 0
232.08621700003278 366.80473400002967 230.70593434371403 263.8803786760573 437.97713300002215 261.0996999999772 439.35987745644525 364.0215504818613 English 0
422.5449859999935 366.71404300001257 417.5564344542363 256.8686812372441 633.2342849999986 247.07302899997603 638.2254157952411 356.9157050085937 English 0
229.73388602338673 406.1952763827569 224.78022012350266 447.454625823066 103.72031699997024 432.9203850000241 108.67465605850157 391.66182004259576 English 0
239 390 338 390 338 452 239 452 English 0
356 397 419 397 419 452 356 452 English 0
85.55757599999197 273.5749130000127 85.39532035378215 188.89736466076417 258.3732350000355 188.56532600002805 258.5367533079989 273.24159580692503 Manipuri 0
247.92603100002452 254.31362499997448 243.32740124293196 189.37721929984693 404.4712160000199 177.96516399999274 409.07062307443994 242.90072649874276 Manipuri 0
400.6392529999721 243.05782999999417 394.5271182074066 168.1060762914856 590.5885919999855 152.11726700000946 596.7017129572196 227.067935637939 Manipuri 0
106.69405699998606 148.09126400000454 104.18765490503574 124.69180515378207 167.13725029854686 117.94906226959824 169.64371676702285 141.34844825565506 English 0
164.97422799999185 140.03256700001845 162.52327435875486 118.42468388957818 259.2943447666039 107.44802345507814 261.74538237130037 129.0558091636649 English 0