77.79790200002026 318.40242000000507 67.45813198373071 279.4267268495649 202.7787939999689 243.52928800003218 213.11892506986624 282.50440676506133 Manipuri 0
213.52520000000368 280.70588600001355 202.22001855174312 243.3930328494609 297.7656879999995 214.445326999968 309.07106396472955 251.7578379301001 Manipuri 0
390.86079400003655 224.53965400003477 377.5778136765439 175.21346863143737 507.85395400002017 140.13202700002122 521.1372222970385 189.45777242341273 English 0
533.6970770000335 185.71716800001963 517.638753725405 134.83140293598478 593.2121483770607 110.98260905875343 609.2705908447533 161.86814765875155 English 0
115.287812806273 452.8594290437869 119.23220181684883 469.4126635804645 78.6585997799557 479.07897399605736 74.71434899998712 462.5258590000301 English 0
188.68101000000024 446.63523899998887 184.5959406653128 429.6028187573198 245.9981880000123 414.87787100003516 250.0833739364316 431.9101189960444 English 0
98.12142499999027 513.8966459999798 95.784962425314 499.14713180215193 116.32240300001286 495.89441500001675 118.65891191126138 510.64387150220625 English 0
115.95554537139833 470.5731102429892 119.4682152421592 486.6998551858859 82.14596300000267 494.82765500002216 78.63342007884057 478.701020526855 English 0
116.57862799998838 469.3947440000118 112.30355681043875 452.9145623525878 134.9020390000078 447.05327000001137 139.17715240866528 463.5333859505723 English 0
117.5018049999926 485.447969000026 114.2309198626026 468.7234500358529 144.28589499999362 462.84641800001856 147.55684773852408 479.57084659480415 English 0
136.47045500001695 464.6242440000252 134.87028118397575 449.2626359791783 144.82727952410642 448.2256089866456 146.4274763022695 463.58719090194404 English 0
290.3928557537438 437.00544021271327 260.1714769012324 442.95949121170514 258.1079455962026 432.486702705601 288.32922299996426 426.5326620000038 English 0
288.9576749999833 435.61280800000907 287.0891941465379 427.27773709374674 336.49012399997446 416.2048169999719 338.3586518285301 424.5398211325963 English 0
291.9122771657567 461.24383865937443 293.8350598040415 471.35887028717934 270.46652999997605 475.8002339999851 268.5437950074265 465.68524425578545 Manipuri 0
293.62174299996695 470.3328720000007 291.4457915989624 461.02821387544975 335.3264710000076 450.7679380000113 337.5024717197084 460.07252434595733 Manipuri 0
299.87471334665315 422.9040966203226 281.6044698562473 426.68149365191414 280.4512511381472 421.1043466571583 298.72146300003806 417.32695299999807 English 0
298.6138390000269 423.46378799996774 296.996111174667 415.850024156685 311.2336050000158 412.8253109999901 312.8513452623156 420.43905760815767 English 0
222.6729022971267 500.38457797748293 216.84712936395954 513.0250026696042 185.29837129572115 498.4872602157749 191.12416500000108 485.8469170000165 English 0
330.6306062325166 508.02925147244304 337.0683285670384 517.4599275533803 289.0074689999892 550.2609729999966 282.5698680041387 540.8304048848106 English 0
351.5462750000006 448.9189490000063 345.25557396773365 439.329720121126 382.58588299999246 414.84376199997547 388.8765716756461 424.43292209216554 English 0
389.6724849999737 423.8010070000108 383.75377760348783 414.73504861645563 415.94677000000956 393.7204620000284 421.86546828437713 402.78636741378557 English 0
351.87242899999546 462.90680600002463 345.8915857123793 454.0598090757036 396.58145312263514 419.7967949482705 402.56227623147424 428.6437029296425 English 0
363.9392670000234 481.1549130000069 358.8954938563984 473.62598549107616 379.21437299999525 460.01621899998673 384.2581393025466 467.54511427211474 English 0
383.23785799999314 468.3786509999854 378.34295322150865 460.9804436012096 409.3192779999663 440.4885789999824 414.2141739314684 447.8867400807772 English 0
354.8427320000337 471.4360470000113 349.6349361634202 461.40813330324335 369.4391919999907 451.1248149999994 374.64699275951716 461.1526902525418 English 0
415.24145399998815 448.91027500001167 409.50750962081656 439.5494730885915 439.21650899996166 421.3538189999793 444.9504491966218 430.7145681514657 English 0
415.6450637663511 453.1653002423308 423.28355383528105 464.4965536740812 353.2433774566016 511.70263970067714 345.6050805519044 500.371557736808 English 0
366.0485820000031 538.7788339999889 360.31534159657895 527.9095087870645 386.93451999999525 513.8715710000181 392.66776751173893 524.7408321775007 English 0
468.78958205001254 471.74675236901004 475.4940746221837 484.27539951207217 393.70670332173177 528.0337737523203 387.0024619630567 515.5053422620234 English 0
459.2150991937524 448.7846370398062 465.63520638272166 459.6091482013933 406.07100798566535 494.93100468125334 399.65105203657004 484.106624941466 English 0
331.52360499996576 533.8074129999915 325.9131210131454 521.7675715944908 369.3272799999977 501.5408039999927 374.9377912082855 513.5805345794856 English 0
295.73138991770975 582.895415810885 289.7004705083964 552.1243481834415 467.8167776695045 517.2200292778743 473.84855099764536 547.9899497973234 English 0
297 586 336 586 336 606 297 606 English 0
334 574 379 574 379 596 334 596 English 0
377 564 424 564 424 584 377 584 English 0
424 554 476 554 476 576 424 576 English 0
398.6965163701825 584.7258833624679 400.80941172214807 592.9237061255827 367.0935240000108 601.611161000023 364.9807017866988 593.4134011802906 English 0
398.73739400005434 583.2797239999933 405.282974800939 581.734294288732 407.74148916512786 592.1445351753299 401.1959096053761 593.689961273678 English 0
405.57687110165716 580.5453943243364 426.0253975755768 576.7634781719196 428.03726799997094 587.6387690000014 407.5887440047518 591.4206760657091 English 0
428.56385899998713 587.5553650000303 425.5297131661064 577.7401055434631 442.2545782538509 572.5713083301257 445.2887446564273 582.3865307074138 English 0
543.9233698749013 605.3952930087884 527.156000218165 615.1363029205305 486.48634157318156 545.1479557660989 503.25324899997213 535.4071169999985 English 0
512.386444069125 532.41676602306 504.86176300990337 537.4450318030533 485.5485170949396 508.54900483308506 493.0731240000023 503.5207730000073 Manipuri 0
287.12552075914573 640.1755790397387 284.14102261136577 623.731054682229 315.4473020000296 618.0509630000151 318.4318943577091 634.4953641913754 English 0
334.8828009999852 628.2922240000197 332.71304198024154 614.5962482332689 352.98676916419936 611.3853218572533 355.1565803182166 625.0812328163786 English 0
385.22811062051915 620.6792061716914 364.6908379999513 623.9310820000038 362.5216590509808 610.235049473749 383.05880378859 606.9831839575189 English 0
408.7577325177699 615.8716072688294 387.2625525546755 619.6791686413425 384.71885100625514 605.3225707772067 406.2138920000143 601.515021999996 English 0
429.12792043061927 611.5653210516979 411.6928464749799 615.3397624265756 408.67815822835837 601.4177472504684 426.11312400003953 597.6433179999923 English 0
233.00810153661587 633.3671332923918 252.49993889854522 633.2905908015115 252.5262940000539 639.9999999999999 233.0344566389249 640.0765423692628 English 0
273.92001760177664 625.7511845022808 275.7889943441114 639.0817096804724 254.76704758402775 642.0280813681865 252.8981449999992 628.6976230000128 English 0
279.05069026950514 640.3949262788632 276.6026618784963 624.9431762970265 285.2276169999823 623.5771369999684 287.6756709089386 639.0288551639867 English 0
120.6172962274286 494.11496748520364 132.71097400000144 492.2187570000026 134.86226887565863 505.9367871578163 122.76859224009968 507.832992746321 English 0
104.99817349904333 492.55815392782614 106.34598271251889 497.96988632959943 96.91565599998285 500.31809499997854 95.56785804139508 494.90637230636474 English 0
116.36810386284196 490.2173408646903 117.33358618374041 494.95816542863474 105.39458019877202 497.38911795820223 104.42911000005552 492.64830399999397 English 0
134.65228981782275 491.9112828429804 116.3819251935638 495.39239018234025 115.18329292390263 489.102461272425 133.45361599996977 485.6213580000024 English 0