75.00364599996828 459.24015099997234 54.51955028816883 395.4188322888106 253.17455999997037 331.6640729999887 273.65970052684133 395.4834261740681 English 0
304.04920399996627 381.9243120000255 285.4748434614885 319.60778685272305 390.4372030000377 288.32455000002693 409.0120535310416 350.6402227240269 English 0
410.21695200004615 346.74962500003346 388.63823874220543 280.65909880677685 624.0107909999642 203.8117649999903 645.5903789477452 269.9006011959633 English 0
69.39229287694616 464.018255278829 31.604281999971136 471.5137480000049 19.016432894932223 408.0602777858453 56.80367199995089 400.564864000003 English 0
50.038266999981715 500.9929759999853 41.7834305865108 472.52740663177485 209.4848970000021 423.9008959999775 217.74023760262935 452.36560783103727 English 0
216.69359799998347 454.0780719999892 206.64357468929666 423.73249833984005 259.3257900000026 406.2872089999766 269.37595194758615 436.6325134183337 English 0
284.9911920000159 430.30124199996897 276.6289813138428 398.2297235542534 351.31999899997027 378.75720400000307 359.68244869720365 410.8283492623931 English 0
376.8629679999867 407.1104799999754 366.1245831481938 370.2428654113208 514.7713510000176 326.9499459999958 525.510194298331 363.8167809672991 English 0
522.4806420000095 360.2877250000219 513.8042792010674 315.27445004738195 578.1627600000502 302.8702180000297 586.8393969946192 347.8831270599633 English 0
66.81447399998433 540.4544350000239 59.926522522073356 513.6368735888964 171.39159000005748 485.01238600002137 178.2799228366639 511.82935825492956 English 0
179.51261199996225 510.7252130000098 171.87133036830346 485.3162754596425 258.02345299998706 459.4116569999811 265.66496980100055 484.820182265913 English 0
334.8202250000031 468.84749900002726 325.60540483718796 439.1708488325929 433.3231119999982 405.7278109999686 442.5382330780849 435.40391699126326 English 0
434.7519307983748 406.11131258647595 545.0644990000001 375.0701610000052 553.0998959153658 403.6227325922485 442.7873840303073 434.66374538943444 English 0
329.101434999975 504.31207599998754 321.1854894669523 476.74360467536894 374.14771899995685 461.53867299998467 382.06382680764364 489.10687156209866 English 0
377.3625539999921 486.94860099998067 371.60014929228055 461.0648693486667 442.0335830000113 445.38679399997903 447.7962159251183 471.27020118345655 English 0
447.16191899999103 472.6535790000024 439.9528254407778 440.3455619654886 490.4615660000127 429.0768529999913 497.6708570952178 461.3845891753729 English 0
107.988537614292 565.25199989488 75.8402316855063 574.2137160334894 68.34236900751421 547.3222573141242 100.49032399998396 538.3605929999949 English 0
107.82145900004252 564.1985260000213 100.79084717202932 536.3148915373777 160.14359000000695 521.3527049999822 167.17442795801617 549.2359952411855 English 0
162.4461049999809 551.226980000009 154.17720161443867 521.5341341823316 201.7963150000287 508.27578500001385 210.06539506932313 537.9683416198452 English 0
180.70534123660764 329.1024024592195 187.78457826534577 355.4993517638818 153.15904600000067 364.78437800000347 146.0799510434299 338.3875506033622 Manipuri 0
183.9202149999619 354.51247399999266 174.84544734477822 331.200405471604 250.08215900001233 301.91490299999657 259.1570188483456 325.22674163209035 Manipuri 0
282.75223705903045 324.08694621277283 255.21049499999208 329.1816860000016 249.51920822604734 298.4167822111576 277.06075499998406 293.32206100000394 Manipuri 0
276.6006080243096 289.8578328984434 314.263454000029 277.71006699999253 323.6457931807672 306.79716843543497 285.9829662023549 318.94489305169435 Manipuri 0
321.01599499997974 310.11941699998926 311.03120182815474 282.20506503052076 390.6267829999706 253.73571400000995 400.6116905862291 281.64981752946613 Manipuri 0