134 329 161 329 161 354 134 354 Manipuri 0
165 323 242 323 242 352 165 352 Manipuri 0
187 450 220 450 220 475 187 475 English 0
500 0 609 0 609 41 500 41 Manipuri 0
251.54282800001965 83.04074299999897 253.26893506025954 34.64837329915103 559.2851616675034 45.56279501627465 557.559424386418 93.95479045391555 English 0
402 117 453 117 453 142 402 142 English 0
463.5539820000122 140.2915669999776 463.9818078769167 120.88527454944622 599.1127584865899 123.86392584052084 598.685064238889 143.27008864635394 English 0
417 326 464 326 464 351 417 351 English 0
427 443 469 443 469 465 427 465 English 0
386 445 422 445 422 466 386 466 English 0
344 445 383 445 383 467 344 467 English 0
224 449 258 449 258 469 224 469 English 0
261 448 310 448 310 471 261 471 English 0
313 447 338 447 338 466 313 466 English 0
229.06337699998403 447.1243389999935 228.25523251514824 414.9722862023697 426.5521775309753 409.98615667321695 427.3613118455978 442.13719073951523 English 0
88.6824489999708 410.46211500003176 87.81444654916413 363.094259980046 243.48969641767326 360.2406516769594 244.35873584465298 407.60744971044 English 0
260.1920933313522 407.76171491747107 259.5275317092455 357.8493890092549 543.5018421117275 354.06431810212786 544.1683855121664 403.97461252032974 English 0
172.1142154793779 121.12118066192102 171.0956079999596 114.80872899998438 197.81646500232455 110.49695476594087 198.83507836566423 116.80939905435366 English 0
159.63838399999077 126.6732589999759 159.8349647138093 120.49806024935333 179.19627354465774 121.1143940498706 178.99969851394417 127.28958726993517 English 0
167.53733400000783 104.75194899999622 168.1015035524615 98.42133533073113 193.83005373558262 100.71417694515273 193.26589091862843 107.04478435504397 English 0
136.6079072748107 112.68478054220293 138.57737800004543 106.62547299998003 154.28205899683235 111.72995230782915 152.31259318134107 117.78925567201198 English 0
159.23471200003405 119.27539399997102 159.72801618547237 113.14463858880103 170.81313067646988 114.03657976831285 170.31982966109354 120.16733221145175 English 0