117.72045693098335 12.589756794701959 117.82773966202512 26.892410647351316 74.98127450737229 27.21378821704746 74.87399627796549 12.911138611127374 English 0
147.27045535830257 26.437092223461896 130.666376081208 23.705518411671914 133.43757434799045 6.86059550325772 150.04164999998466 9.592168999996142 English 0
193.1353042866249 197.14716420818428 194.1275368371862 247.44867593761734 83.22119848882721 249.6354858176272 82.22943599997961 199.33442399998356 Manipuri 0
13.735954000003403 229.56282199998597 21.19505770977412 191.17051966736855 63.60271199999261 199.40948299998328 56.14375913202821 237.80165272606797 English 0
91.2989579999703 278.1638200000082 93.39561671353295 258.04725719040994 154.20867900000303 264.3850670000048 152.11215527757304 284.5015057669767 Manipuri 0
9.007968991209054 254.7288540769261 29.105702999950154 258.1130589999973 21.508261368362582 303.2293341973553 1.4105309521983145 299.84514536630604 English 0
38.932755251735216 311.7357736754017 37.353677654391504 330.30623860335135 7.205986000044504 327.74283999996675 8.78512399372994 309.1724418492931 English 0
155.62181319830415 331.9055095101944 145.7873296672915 330.03508654600415 148.8803005284717 313.7739557547103 158.7147460000415 315.6443750000048 English 0
157.45322399998258 333.24004500001314 159.632396464076 314.7057077091352 183.48787900002208 317.51028800002786 181.30876562936464 336.0445714423307 English 0
612.3129689999769 220.51391099998366 613.5701227406389 182.11122958385226 641.2570706331462 183.01757690522098 639.9999991971708 221.4201785256426 Manipuri 0
502.23409099999117 265.36369999996646 505.22676175271044 215.43336968468824 642.9919144752057 223.68964375659237 639.9999039094837 273.619354530457 English 0
643.5291888153733 291.8771705551917 639.5471756723418 342.8027656532587 495.7950456484832 331.56187016113086 499.7778339999786 280.6371619999778 English 0
359.68619207873417 340.11904803660923 362.06173300000955 323.2185170000022 400.86750008638774 328.6725687455563 398.49205076068756 345.57301722422096 English 0
399.8164944445307 345.2204061213166 401.96930600002815 329.9043109999814 433.5849678169325 334.34776030535056 431.43222492748464 349.6637936626578 English 0
355.967315178641 433.84266886064836 358.47955999997794 418.0427979999948 417.1682899197185 427.3730857242391 414.6562137410365 443.17280620929915 English 0
320.66753346662153 412.19811417957027 317.5930089999747 432.76240799998556 256.52651826574584 423.63329949469113 259.6012039999914 403.0692030000357 Manipuri 0
289.3483258442575 370.0814291921671 314.7695999999996 375.27668499999936 311.87172172460123 389.45497793045195 286.4504507399397 384.25973274124095 Manipuri 0
283.3130189069925 334.771065290157 282.40106601660955 349.62970363891264 247.20567700001993 347.4696539999679 248.11769189815095 332.6110820938831 Manipuri 0
280.2942880000046 350.50423099999284 281.8748421697819 334.0799115195452 307.2941919999721 336.52585499997747 305.7136958391493 352.9501208723655 Manipuri 0
240.77226199995494 378.8799790000115 241.45389231947775 367.17277863889075 261.6347079999832 368.3476369999946 260.95311230768857 380.0548044831604 Manipuri 0
283.982625819408 373.10407815853046 281.8718647034257 385.75631278858475 260.49679199997627 382.1906559999809 262.6075835990923 369.5384597979196 Manipuri 0
350.79901662422344 380.6607879821222 372.65619300000253 382.87353999999834 371.68988075485686 392.4175452434451 349.83270483877277 390.2047962765092 English 0
370.7208230802644 392.25778596727963 372.33444400000735 382.28974599997395 399.3898027904652 386.66892997432404 397.7762263121258 396.63693038030345 English 0
424.6020583448262 391.2651794639522 422.97019500001625 401.2547800000009 398.7329849859816 397.29588155998397 400.3648770000291 387.30631700000094 English 0
549.9323325876321 366.5187692074749 604.1344232991105 374.4824279332655 601.0341340000014 395.58127699999704 546.8320484957076 387.61764234967825 English 0