7 367 295 367 295 440 7 440 English 0
188 239 276 239 276 292 188 292 English 0
284 255 333 255 333 287 284 287 English 0
343 256 417 256 417 295 343 295 English 0
427 263 457 263 457 294 427 294 English 0
359 531 415 531 415 560 359 560 English 0
423 533 475 533 475 565 423 565 English 0
101 510 156 510 156 544 101 544 English 0
160 517 205 517 205 546 160 546 English 0
3 234 43 234 43 258 3 258 English 0
1 254 41 254 41 279 1 279 English 0
377 473 406 473 406 490 377 490 English 0
408 474 418 474 418 490 408 490 English 0
421 476 435 476 435 492 421 492 English 0
437 479 451 479 451 492 437 492 English 0
313 361 448 361 448 470 313 470 English 0