545.1102315952448 150.42065913671604 554.6991123708722 205.0034725019604 175.6441910000285 271.58616899998367 166.0571722392342 217.00500271499507 English 0
405.0131058066472 175.86027063339432 232.02733500002068 203.25800200000396 226.18743708524562 166.38379301788012 399.1723990000173 138.98612699999572 Manipuri 0
265.79326702834805 135.2721623095854 171.79627726858598 150.15969644522514 163.62016915103595 98.5365193825494 257.6167400000122 83.64901900000204 Manipuri 0
267.1810935738904 399.64319833238085 162.2322252594313 421.04131542202487 151.35324659291655 367.6863970873268 256.300534999973 346.28844600000576 Manipuri 0
365.20816570395255 67.68777203389334 376.3395774939272 116.05046252371194 271.0130128291348 140.29245845436375 259.88183199995547 91.9299659999935 English 0
322.67453617896535 343.05267155064814 331.950977000015 389.3846959999722 273.52558349892206 401.08075094605914 264.2495780000172 354.74910700002226 English 0
340.0167119999969 389.1871720000312 332.8659890459676 340.7226158293997 432.5582555253641 326.01452668017663 439.7095114997501 374.47843158644923 English 0
112.38406500000565 465.1992650000165 104.69351923486101 426.30085220202284 132.17257700023765 420.8688166021767 139.86325657358975 459.7670501321516 English 0
312.8942180706508 437.76145056042276 140.9628395154141 461.8523026118113 134.7456275465811 417.4787630830382 306.67458899995836 393.3880830000039 English 0
398.32376502068655 419.91086510343536 319.47596196085215 432.3976754418545 312.63502450812666 389.2027782799445 391.4818099999684 376.71605000000085 English 0
396.8319843315112 379.9301110500925 476.1407968337153 361.9357665979944 485.666956999994 403.9171369999973 406.35818227492564 421.91136862504106 English 0
479.51039710154873 363.78194272348225 544.6714262614114 351.14431554566715 552.6404999999795 392.2296069999992 487.4794924386515 404.8671597899671 English 0
541.3639449999755 60.3071329999981 537.2423196701857 39.51786333153427 595.3547100000287 27.99665400002713 599.4763503793365 48.785902749153 Manipuri 0
428.83066299997154 244.44492500003136 426.7164609207248 219.66216852886885 489.64111699999194 214.2942019999647 491.7554400145309 239.07682520965736 English 0
613.3520802533894 254.0981179308756 632.2865133136656 268.4481690747094 598.7993272953463 312.6307301791594 579.8649669999577 298.28076299997855 English 0
591.3490210408781 79.38934222168322 547.9571779117396 88.7541354199613 541.8721188618656 60.55892398004098 585.2638980000484 51.19413799999634 English 0
642.1886087494931 382.9631326997088 630.4600773908169 394.913115595519 593.9299890571419 359.06355474548195 605.6584399999701 347.1136559999954 English 0