140 397 170 397 170 447 140 447 Manipuri 0
263.1419726587046 363.26830735530143 277.5480618189613 399.1173068737935 179.5809031954559 438.48012847833894 165.17547882947838 402.6316920629888 Manipuri 0
332.47786056643235 329.8150099814746 348.0315724934917 361.9624063538545 275.5421769127861 397.0305673808247 259.98887445632135 364.8835199114515 Manipuri 0
124 466 160 466 160 519 124 519 English 0
166.8909249999706 507.0462940000132 148.04079089350125 466.8448327564188 251.8856291197153 418.1602251134434 270.73595186629973 458.36089226457176 English 0
356.2759761039342 371.3317043806242 377.87542819598457 414.6469204888797 266.11784795546555 470.3669273838674 244.51938436854107 427.05255451877457 English 0
152.5156493227405 215.34574771398565 157.61983165240963 223.6896392150701 121.77877908812661 245.61364670541286 116.67463113888516 237.2697852133952 English 0
155.52238899996155 211.0486899999715 150.95316882921907 203.5844422096498 177.84258640189364 187.1246335298536 182.41180515753513 194.58886383099542 English 0
190.92290039727231 190.7281661696101 196.13312828791095 198.27598690295014 157.32871248321317 225.06158950736312 152.1185153615079 217.51379622866926 English 0
161.2340699863853 252.76946263353975 165.31011522143672 259.7114249277446 133.57384270217153 278.34467528720734 129.4978265084501 271.40273819585616 English 0
173.44537799996033 254.6744349999889 169.2972209869913 247.76222061417093 187.40325204045803 236.89691722652583 191.55140837938234 243.80911828512785 English 0
119.12331200001063 276.0087969999755 115.6319100986002 269.9427145194295 150.45041775752907 249.90353751313722 153.9418196882616 255.96959606619555 English 0
169.8020954780077 239.0892424892269 172.9247959516215 244.28884852881515 153.38541150224046 256.0229602591623 150.26272355833498 250.82336512759466 English 0
178.4612780000316 240.35252900001956 175.07597937255923 234.91567542363032 201.6968215378438 218.3406404135306 205.08211868560466 223.77747946700194 English 0
132.35646300003282 225.36605700002588 129.24404774916184 219.83031133434193 146.93651018584205 209.88325521149915 150.04892574972473 215.4189917858161 English 0
324.9420842701511 441.83662736280945 328.71112937624275 449.65278192576795 295.11518522493134 465.8505624037974 291.34619783450034 458.0344570133357 English 0
350.7693087140069 432.4705444066279 354.0734179525316 440.3017038976433 328.2358779999777 451.2013810000312 324.9318113143818 443.3702575905777 English 0
365.8871870079747 426.2641615757806 368.8266144016234 433.72159301350655 354.9219769999763 439.2014669999989 351.9825707649579 431.7440534903506 English 0
473.961361407346 24.852321461977702 488.9071129999502 21.357272000008006 499.779180859332 67.84903799123644 484.83343026447983 71.34408457510142 English 0
510.37436882448674 116.49336600304721 496.98143900001014 119.91454799999221 484.78460643767903 72.16777205424289 498.1774919999589 68.74659600000479 English 0
489.2545339999924 134.59569899996876 486.7612291493424 130.29124833809973 501.59471300001314 121.69922200003128 504.08801784345997 126.00366915297128 English 0
505.9843399999954 123.79591099998173 503.27095210610423 119.0616327038959 518.3550480000122 110.41647300002934 521.0684359292645 115.15074770780456 English 0