96.95062420862087 202.97977297785337 99.01475999999093 162.51929100002377 259.32518497211277 170.69685829263926 257.2615226178459 211.15688682282365 English 0
93.57485363907472 274.3542426304341 96.33494900001097 220.08128900001424 258.77346284803934 228.34105774886015 256.01423154024815 282.6131863545846 English 0
267.9899010000372 283.88679799998715 269.9306919697847 231.80330978336013 485.75000143187935 239.84332693517044 483.81034463483957 291.9257183362643 English 0
118.02849616215099 125.79148386456944 195.45127199999115 132.19772199999883 193.226885607437 159.08021937173015 115.80411081929924 152.6739903794186 Manipuri 0
267.9719091072184 136.7816339926995 265.29582900002424 163.2880799999809 200.00884306180524 156.69667983775267 202.68500700003642 130.19032899997418 Manipuri 0
534 278 587 278 587 296 534 296 English 0
586 277 596 277 596 294 586 294 English 0
264 497 341 497 341 527 264 527 English 0
347 500 407 500 407 529 347 529 English 0
408 491 441 491 441 534 408 534 English 0
446 499 479 499 479 526 446 526 English 0
547 406 589 406 589 420 547 420 English 0
525 419 587 419 587 436 525 436 English 0
589 414 603 414 603 438 589 438 English 0