195.09145099997113 359.6036570000333 189.83631650349707 320.80769725740186 396.9759480000357 292.74948499996634 402.2319063184841 331.5444607023438 English 0
154.11242900001525 396.0628419999998 151.23465371834754 371.6929782748263 245.57013469580852 360.5538308320673 248.4481906999281 384.92336981356226 English 0
252.8626809999696 382.36228399999015 250.47732289051055 356.8639439360081 338.7490660000185 348.60659400003607 341.13469886731764 374.1046267573075 English 0
343.94008700000995 368.92963400000644 341.50605230839574 343.51579809396856 427.9082380000182 335.2409309999678 430.3425301217794 360.65447922220585 English 0
167.50512999999046 321.26709600002994 156.04476688298746 247.6210217338416 413.20809899996675 207.60239400001026 424.66998645686544 281.2465807707751 Manipuri 0
460.396230999977 293.95219700003497 458.5655733374733 269.30276346195694 525.3014629999961 264.3465819999682 527.1322779447655 288.9958437831481 English 0
540.5635767679632 260.2803100927214 458.83304599999974 267.5220430000005 456.3710146849189 239.73428222561463 538.1011230390868 232.4925681667429 English 0
534.7161175760994 229.91876224708977 455.99116800003685 241.13657499999957 451.52130688002217 209.76740889379752 530.2458546443813 198.54962519400613 English 0
562.0616255497589 290.40166166158184 563.7737356980506 319.86882569527415 510.70315400000254 322.9518779999738 508.9912316399568 293.484892128335 English 0
509.74960828534677 295.6458457946173 510.55301528424025 322.32698842890386 463.99674699998286 323.72856799999573 463.19348715929664 297.0475685338298 English 0
59 270 150 270 150 298 59 298 English 0
59 300 98 300 98 331 59 331 English 0
400 354 464 354 464 382 400 382 English 0
85 333 113 333 113 356 85 356 English 0