277 137 415 137 415 203 277 203 English 0
410 120 513 120 513 177 410 177 English 0
309 114 391 114 391 151 309 151 Manipuri 0
388 100 453 100 453 131 388 131 Manipuri 0
307 197 365 197 365 226 307 226 English 0
363 187 394 187 394 212 363 212 English 0
394 186 420 186 420 208 394 208 English 0
418 175 470 175 470 202 418 202 English 0
470 170 495 170 495 192 470 192 English 0
25 337 227 337 227 399 25 399 English 0
283 290 408 290 408 349 283 349 English 0
405 269 509 269 509 321 405 321 English 0
300 342 349 342 349 362 300 362 English 0
349 338 375 338 375 351 349 351 English 0
374 333 403 333 403 347 374 347 English 0
403 328 425 328 425 342 403 342 English 0
459 313 494 313 494 332 459 332 English 0
177 309 202 309 202 323 177 323 Manipuri 0
202 301 244 301 244 317 202 317 Manipuri 0