266 197 430 197 430 256 266 256 English 0
157 209 252 209 252 275 157 275 English 0
260 257 299 257 299 283 260 283 English 0
304 250 376 250 376 281 304 281 English 0
378 243 437 243 437 269 378 269 English 0
158 193 195 193 195 213 158 213 Manipuri 0
199 190 255 190 255 212 199 212 Manipuri 0
192 324 213 324 213 339 192 339 English 0
217 316 253 316 253 333 217 333 English 0
252.41363499997533 351.4601020000222 247.89161759726994 326.5020356688033 334.67038491427957 310.7800103698672 339.19261125651246 335.73780521222125 English 0
245.13739707166678 329.2281501270384 250.4083533179073 352.0545184315306 207.26082399996812 362.0168639999879 201.99001760302053 339.1906256709585 English 0
335.92362984039937 337.5472342581026 338.3357240216719 349.4423141738253 292.64370719130966 358.7067701890032 290.23169500011136 346.81176200000436 English 0
243 373 258 373 258 385 243 385 English 0
227 376 242 376 242 385 227 385 English 0
205 379 224 379 224 390 205 390 English 0
175 385 202 385 202 397 175 397 English 0
151 389 172 389 172 399 151 399 English 0
139 392 149 392 149 403 139 403 English 0
261 369 274 369 274 382 261 382 English 0
305 361 325 361 325 372 305 372 English 0
251 383 284 383 284 393 251 393 English 0
183.1622543870617 398.93546215684717 184.49401440971997 406.32752504681434 134.58447918048478 415.31794187631033 133.25278340897057 407.92593570674194 English 0
185.05857500000275 405.37633599997235 184.0046389177587 398.12362783580875 219.57634999998845 392.95501900003035 220.63031795179995 400.20768846436914 English 0
221.11676499996975 399.68073099999407 220.0839589851239 394.2368852152575 247.97573800002283 388.94582499997335 249.00856117994408 394.389648128763 English 0
327 360 336 360 336 369 327 369 English 0
277 368 293 368 293 378 277 378 English 0