51 174 135 174 135 209 51 209 English 0
63 215 135 215 135 259 63 259 English 0
102 438 169 438 169 499 102 499 English 0
579 499 612 499 612 523 579 523 English 0
614 489 640 489 640 513 614 513 English 0
543 337 572 337 572 356 543 356 English 0
572 322 640 322 640 347 572 347 English 0
479 204 514 204 514 226 479 226 English 0
455.52325313219626 45.675610113166414 469.4033703623427 95.88722477784357 234.42698099999689 160.84070399998356 220.54740575214964 110.62954926495793 English 0
282.2072166624275 250.19684258605974 266.8716819999827 197.93534800003258 465.5533576980815 139.63504218837056 480.88935077219503 191.8957518272823 English 0
286.39930500001356 394.1125119999805 271.805292529898 333.5192876696208 495.7743387619121 279.5780630278376 510.369531364704 340.1695335034745 English 0
241.62353300001996 513.7728770000106 232.0626820995676 477.5228602279123 410.14932799844246 430.5585357546243 419.7109255703981 466.80738200095016 English 0
278.65106500001275 579.529867000001 268.72507284417225 537.3715518337439 400.82011099999363 506.2759170000198 410.7468941782281 548.4330800155842 English 0
122 395 155 395 155 417 122 417 Manipuri 0
161 339 201 339 201 356 161 356 Manipuri 0
108 307 152 307 152 326 108 326 Manipuri 0
493 0 534 0 534 16 493 16 Manipuri 0
460 93 492 93 492 112 460 112 English 0
491 75 560 75 560 105 491 105 English 0
468 407 507 407 507 453 468 453 Manipuri 0
519 371 605 371 605 444 519 444 Manipuri 0
513 456 593 456 593 492 513 492 Manipuri 0
514 191 565 191 565 217 514 217 Manipuri 0