386.56786332016054 73.11219429808406 393.66238800001156 39.48599299997503 445.8222323935479 50.49074893379874 438.7277552217711 84.11690860676488 English 0
503.5915632794058 95.14542078147687 447.02157338491816 89.00687702222028 451.16510582054616 50.82270253424376 507.7349800000229 56.961240000003215 English 0
416.9667717309494 77.93006192145808 442.36560625140555 79.50202246305163 440.4800260000047 109.96795800000014 415.0811916344537 108.39599913148426 English 0
492.05821995790757 91.03959865156492 488.002525999982 117.3378609999922 438.13472494155576 109.64728470570849 442.1904589999758 83.34907199997949 English 0
387.02178899999126 124.56430899999687 390.4314670212625 101.24607152746702 408.6623484489246 103.91183598981918 405.2526908129221 127.23005511816254 English 0
405.290900869295 128.13919466244405 408.2669739999983 103.9374569999908 443.0971451439109 108.22045270942766 440.1211132006574 132.42215289680706 English 0
474.00695304262626 139.66971180333422 441.3425906933844 136.81198251116953 443.38788699998986 113.43458600000004 476.0521785194578 116.29231220141455 English 0
513.2871327258908 121.7442906066308 510.46872700004315 145.00118700000007 477.12422158467234 140.96031336173655 479.94266000001517 117.70345499998575 English 0
379.39970400002494 147.45376799996646 383.47062115572044 128.96015663191963 415.7629979647754 136.0684209241023 411.69211784304935 154.56200014187465 English 0
311.8646670853195 267.8926721017133 343.8927742278611 272.6020529264112 335.15351800000644 332.0331729999979 303.125417675692 327.32382373393193 English 0
368.29666852419905 283.53724239787033 390.02928824469564 287.3472293082619 379.63518299999123 346.63222500000023 357.90257019871206 342.82226494810334 English 0
524.2479873306002 320.91588252569915 510.4912250000052 374.14176300002134 440.5495701417385 356.0656929266097 454.3066440000257 302.8402969999815 English 0
159.52281700003368 339.1530420000035 165.87461941031506 309.75626325581237 224.17859105349635 322.35298187154916 217.82703608208976 351.74954536551525 English 0
309.0371371273068 354.3303383185471 268.5812448085926 346.58615129679436 271.6116709999915 330.7569459999977 312.06740168978286 338.5011171212835 English 0
363.29750216835237 352.34074996898823 358.0872347868717 368.5530732060614 309.2510246173333 352.8595041547828 314.4613499999832 336.6472899999666 English 0
368.04652862665534 366.182036674978 371.2843679999787 348.04310699999826 443.4062809104944 360.9155420128942 440.16864504395926 379.05429162627746 English 0
455.3854959999444 382.5264440000226 458.78579839816666 365.651195796448 527.6813196050352 379.53169032001733 524.2812092311215 396.40677023903726 English 0
384.0584395510814 384.1813289081427 347.5118885203847 379.44488478453536 349.6073649999744 363.2784729999985 386.15375211957144 368.014906351047 English 0
419.8824126848922 378.13366433982003 416.4359559999866 393.39535000001723 384.4505985656724 386.17297052781686 387.8971050000109 370.9113559999673 English 0
462.5553081092221 386.10210454941443 460.45748900003673 397.9605620000033 419.49240854242817 390.7143051515126 421.5902829999686 378.85591900000577 English 0
371.14560750509554 386.96561258421184 390.5536326868605 391.9701580954879 386.98471800002153 405.8090759999982 367.5766967394884 400.8045410302075 English 0
378.4349256756832 251.7148700768311 373.2396790000348 275.40377499999 323.53929227683693 264.50429584625687 328.73462099996686 240.8155069999701 Manipuri 0
382.298869870865 276.44001725856486 388.1166959999973 247.43842100001967 423.8312715422944 254.60252730140684 418.013564824214 283.60401866679683 Manipuri 0
511.23548510455294 282.4793030113034 506.24183137726504 304.7093001234064 428.16877305951493 287.171953221896 433.16255899997486 264.9421440000158 Manipuri 0