341.59231999998156 76.54156799999467 338.1868743740779 64.78898384933584 417.1423575123481 41.91072833969774 420.5478157533071 53.66329110017267 Manipuri 0
270.68270100004156 116.82024400003208 265.7494178331399 99.03073486343565 500.1501509999798 34.02749600001135 505.08350894662726 51.81688389152569 English 0
306.75629999088414 108.17921574425154 308.9017323269218 115.58422175924815 273.07260325680545 125.96475852206324 270.9271849558718 118.55976448323284 English 0
309.7628309999709 114.08749499998962 307.83511358145915 107.95875232286119 334.7661131847417 99.48801359049448 336.69383434833435 105.61674937807035 English 0
378.6906176950288 87.85292806715015 380.59340684791096 94.44291613418878 338.63485043453693 106.55788409687743 336.7320734378882 99.96790641919488 English 0
450.6443125059013 67.80337540477852 452.5199606631213 74.51101456526243 394.9297279719758 90.61476860011312 393.05409358479665 83.90714121616551 English 0
454.4269070000155 74.21364000001189 452.6458144368371 68.09474092851926 504.2050423249748 53.08686913396808 505.9861394709151 59.20576045624141 English 0
300.1945249999699 125.60292799997697 298.46236207820766 118.66427195502638 329.4131521780946 110.93779489257614 331.14532154097105 117.87644121917381 English 0
387.3511772310303 94.96748649656868 389.39878899996984 103.2346799999981 334.55079245184606 116.8192091031173 332.50320200000715 108.55203400000323 English 0
405.8936469999753 95.40657199997614 404.29668942757417 88.99753219259352 475.6678648297384 71.21380458231552 477.2648320609733 77.62282977469428 English 0
351.40241799999785 121.46590799998647 349.4398158702097 114.16041280686127 395.9576379999635 101.66359999997886 397.92024930138723 108.96908062142066 English 0
400.05085199998575 107.21771599998945 398.20386428727943 100.2393812161572 436.86720772544504 90.00622915515451 438.7142019488965 96.98455373474371 English 0
197.61514999998326 179.2206369999882 195.1550248174317 169.9153091931039 260.39683889917796 152.6670433320337 262.8569887096819 161.97233239937708 English 0
265.55204900003446 160.0082140000174 263.8089997172938 150.7591542888904 292.6815609999903 145.31799800001914 294.4246220030618 154.56704229727117 English 0
299.4135870000173 151.52193499999296 297.128592944282 142.25260072613713 355.5536900000152 127.85029800000794 357.83870336585096 137.11960336977057 English 0
251.0544353804289 175.2055309273459 253.7107436057704 186.00919058393455 205.36810280427744 197.89484135032015 202.71183773082157 187.09121887862437 English 0
282.7038944247033 166.87405084201046 284.8256977830897 176.9847414626633 256.7772379999951 182.87074800002074 254.65545620209014 172.7600761770733 English 0
353.1634622603451 146.65067846098256 355.9621098073694 157.5589020985577 288.9590824064362 174.74892509939616 286.16048719799437 163.84074650341097 English 0
267.1391649999714 198.59925599999366 265.8871105995786 192.63233867650132 284.2358740000054 188.78226799999794 285.4879342489585 194.74917724648049 English 0
302.5876060000155 212.8071639999775 300.9914339032548 205.17567870024175 335.26667899997847 198.00699200002265 336.8628659395472 205.6384568461309 English 0
298.8630880738492 207.2272279769374 300.35339409980224 213.77144814515822 282.56176399998367 217.82295700001274 281.0714688435837 211.27874626254214 English 0
251.5141544162907 208.30175714137826 272.97901900004945 202.64069799999902 274.54336276845424 208.57198544393776 253.07849920907756 214.23304189367263 English 0
278.0388273222343 208.72284502377772 276.0209549999854 201.79356199997247 292.53812679489783 196.9837480854902 294.55600440058333 203.91302211142988 English 0
295.1306855581788 197.1934383396732 318.85217199996987 191.08956199999838 320.7393630452134 198.42354301428503 297.01787787824287 204.52741595325995 English 0
257.91395455155 202.8930592368726 226.50492500004475 210.89647099999436 224.78604172807536 204.15093496341643 256.1950397602777 196.1475274116992 English 0
309.60617658129195 260.196004740211 311.0860581522138 267.0746199707879 282.02193129873194 273.32716095924746 280.5420730003243 266.44856599998565 English 0
309.24648300002445 259.5772089999945 325.5407321918756 256.0481029598203 327.1022873981565 263.2576047057391 310.80803900855244 266.78670821473054 English 0
238.14171204241575 308.4340971140455 239.1904793730646 314.1217139454177 223.91702200002328 316.93783599998676 222.86826631439908 311.2502294255264 English 0
238.83938999999373 313.1132450000224 237.78402875366737 307.7084424923639 269.5192379999935 301.51209800003153 270.5746142085263 306.91688055302444 English 0
323.46184975285723 287.9965739473544 324.9577560000034 294.2981170000141 272.37298374857346 306.7800854267613 270.87712100001227 300.47858000002924 English 0
268.1596316293144 308.5598467749286 269.42588760321087 314.598686510329 237.9921314920648 321.18932699508065 236.72590152113116 315.1505099502912 English 0
270.75879000003624 313.9404479999826 269.39889752451563 307.19798925704276 308.2693979999749 299.35864299998025 309.6293129964033 306.10107122976547 English 0
233 332 244 332 244 338 233 338 English 0
245.17557099999976 330.418391999996 263.47164595477807 326.72842174078846 264.69868931002566 332.8120107282034 246.40261518987245 336.5019781633923 English 0
281.3905250954849 322.9308784389613 282.4114619860484 329.25260199960667 266.23864573339233 331.86422595417446 265.2177230000234 325.54251500001567 English 0
311.38627859880216 316.93724931439056 312.40591199129994 324.1434666597025 285.8137149999675 327.90574399997627 284.79410738400475 320.6995498121952 English 0
240.34790499172232 339.98441115357 241.3889430880954 345.2135324441897 204.9139400000422 352.47440300002665 203.8729304658773 347.24530673660877 English 0
319.1110779999872 327.24603100000127 317.96710537557374 321.9270797175795 342.08734599997115 316.7397960000227 343.23132989447913 322.05873156974667 English 0
295.02975600000354 332.5454109999753 294.0109908537852 326.59552793785645 316.9386769999983 322.6700380000227 317.95745539231575 328.6199042039934 English 0
290.29586325079435 328.42635490656403 291.5118906722637 333.9495924905438 242.99327827786328 344.6306644210059 241.77729031289346 339.10746114779204 English 0
235.7089195723529 347.81792831582857 236.92068146410747 353.58663471246587 213.91364094008168 358.4189503443487 212.70189944239974 352.65026174451515 English 0
251.03870415390702 344.5211158835716 251.95338812511181 349.63923998110226 238.2306570000219 352.0914550000098 237.31598348582338 346.973340141893 English 0
300.3267045020766 334.1215085266625 301.563103127919 340.5753723324967 254.7245159999875 349.54753299997884 253.48816186648037 343.0937082783251 English 0
333.48959574526816 326.2404649855799 334.90568836168677 332.2554387897804 304.6535459120787 339.37698069546576 303.237480000098 333.3620300000284 English 0