265 237 276 237 276 251 265 251 Manipuri 0
305.2541910787113 230.33654561378904 308.12109298596624 244.62566355856623 281.0419450000336 250.05841099999134 278.1750833216938 235.7693282800626 Manipuri 0
309.8624700000073 243.12229000001767 307.3220073650009 229.36807017700318 338.46358700000565 223.61629800001543 341.00407854763034 237.37047996981278 Manipuri 0
349.9378870601504 240.37476417749411 357.772082340889 280.516067540301 247.0891400000255 302.1155100000327 239.25546451180708 261.9746625692829 English 0
143.07679099998495 373.8174379999739 136.92490173780243 331.590507101458 267.42146099997626 312.5798399999827 273.57393547215906 354.80605923415027 English 0
300.3448600000411 351.7731449999818 293.0531875626184 306.26565286012726 467.0129520000046 278.39273300002856 474.3053783508367 323.89928710674775 English 0
315.21945100001176 374.9064399999786 313.32454902985774 359.56723467642803 355.86058499997307 354.3130539999828 357.755563101382 369.65217031177184 English 0
309.93828977232624 361.2550718145835 311.8192944110342 376.40479358028693 273.2323560000077 381.1951479999994 271.3514408915944 366.0455075114196 English 0
267.0540332296514 366.3898127705423 269.24283926076896 382.03733088504487 232.55528499998036 387.168580000006 230.36656918258814 371.5211431144883 English 0
6 492 77 492 77 511 6 511 English 0
567 262 640 262 640 320 567 320 English 0