225.32259335108392 44.505707261244815 228.30880200002866 107.21104399998809 28.814410876802867 116.71071542845992 25.828591999961645 54.00574399998571 English 0
458.61620616218715 27.97849480826779 463.95302700002503 95.01028099996492 238.97742952758563 112.92111047549295 233.64102899999125 45.88971100001948 English 0
212.18001883811667 162.87165960000593 215.00707999999577 215.06832799997972 143.01142600597814 218.9673043172682 140.18464439111995 166.77090140039058 English 0
286.42694213085633 158.74871961623015 289.62684300000547 204.50404899999302 217.14657386095496 209.57253686438634 213.94691499997862 163.81743600003034 English 0
351.84537999863096 154.17436119507468 355.2684399999998 203.12175499999626 297.17489583003044 207.18412103928978 293.7520389999554 158.23691799999892 English 0
357.7449520000664 155.90063999999734 453.7051308514492 145.9440764098559 458.1110389206151 188.40686809569024 362.150864416908 198.36340440934129 English 0
226.62249373170198 220.67107036523828 227.91758988649235 264.73826096539165 148.80792986361485 267.06265401520466 147.51315800000157 222.99577600002965 English 0
329.68533382183523 215.6932342693732 327.95577677257825 255.51711379854618 250.46932400000514 252.15160600001718 252.1991369085299 212.32799392614825 English 0
280.42164335354755 290.6894628846125 217.45329907505948 289.2011611844085 218.06105917567038 263.49616226147526 281.0290690000693 264.98446000000087 English 0
281 259 300 259 300 288 281 288 English 0
298 260 345 260 345 288 298 288 English 0
226 286 248 286 248 320 226 320 English 0
244 280 275 280 275 315 244 315 English 0
278 282 300 282 300 311 278 311 English 0
302 276 347 276 347 310 302 310 English 0
180 356 253 356 253 395 180 395 English 0
253 347 334 347 334 384 253 384 English 0
454.2272159999993 380.1165569999788 451.0299991253851 340.7357211617797 545.891645331576 333.03454727694907 549.089313991426 372.4148854278348 Manipuri 0
164.7381401817256 38.96220655115336 162.38289399996575 11.309525999979408 233.5840299931442 5.245139946090477 235.9392909862072 32.897803541252756 Manipuri 0
323.5798538207746 2.1760561325609857 326.71366550588573 35.05982801059516 240.67228100000648 43.2594959999895 237.53849502383673 10.375746512909018 Manipuri 0
304.0682758267212 337.1582987594794 302.5933279999299 319.0786510000066 394.91763489088044 311.5469499003912 396.39276622678153 329.6263957004211 Manipuri 0
437.92413361778017 307.4765506605103 438.8319528505235 326.68665575073385 391.68812928364787 328.91419194949503 390.7804220000253 309.7041939999985 Manipuri 0