552 268 640 268 640 312 552 312 English 0
574 309 617 309 617 325 574 325 English 0
623 314 640 314 640 328 623 328 English 0
593 250 630 250 630 275 593 275 English 0
579 225 640 225 640 253 579 253 Manipuri 0
583 141 616 141 616 160 583 160 English 0
627 145 640 145 640 165 627 165 English 0
452 254 534 254 534 308 452 308 English 0
365 250 450 250 450 299 365 299 English 0
420 346 475 346 475 365 420 365 English 0
478 349 504 349 504 367 478 367 English 0
544.3532966939529 134.45602943352588 546.6707669999596 105.81814399998585 642.317301772855 113.55794855792936 639.9999673253478 142.19570679518262 English 0
547 65 557 65 557 75 547 75 Manipuri 0
559 65 568 65 568 76 559 76 Manipuri 0
576 65 600 65 600 80 576 80 Manipuri 0
442 234 470 234 470 250 442 250 Manipuri 0
473 235 495 235 495 251 473 251 Manipuri 0
497 236 536 236 536 255 497 255 Manipuri 0
529.3524113756575 310.97721290087225 526.3830676667567 342.08786468258927 399.60392020089785 329.98719731929134 402.57368467049673 298.87701520821815 English 0
383 227 418 227 418 255 383 255 English 0
267 312 300 312 300 327 267 327 English 0
235 310 264 310 264 325 235 325 English 0
177 306 232 306 232 327 177 327 English 0
255 284 304 284 304 313 255 313 English 0
276 253 342 253 342 287 276 287 English 0
251.26967959055037 285.8985633941254 250.37909864680842 305.7711786042172 172.58450000001176 302.2846660000188 173.47524203374633 282.4122199855999 English 0
146.01457500000834 273.3469360000206 147.48191392078297 248.4113869952027 251.06516500003636 254.50607200000465 249.5980937094282 279.4413668238304 English 0
147.61069699998188 241.0866360000102 149.2876405439165 207.87450787390438 238.10287000000244 212.35860100000966 236.42618720092287 245.57047893352546 Manipuri 0
244.99500199999602 246.93198799997705 247.62514159243437 211.68920079207456 344.61855800000194 218.92721400001105 341.9887353757076 254.16970311991986 Manipuri 0
336 84 347 84 347 98 336 98 English 0
311 82 335 82 335 98 311 98 English 0
348 84 380 84 380 102 348 102 English 0
311 117 330 117 330 125 311 125 English 0
331 119 342 119 342 126 331 126 English 0
343 120 353 120 353 127 343 127 English 0
354 120 367 120 367 129 354 129 English 0
318 127 337 127 337 135 318 135 English 0
338 128 362 128 362 138 338 138 English 0
336 100 360 100 360 113 336 113 English 0
360 103 386 103 386 115 360 115 English 0
309 99 335 99 335 111 309 111 English 0
295 143 332 143 332 156 295 156 English 0
332 145 357 145 357 157 332 157 English 0
359 147 398 147 398 161 359 161 English 0
274 142 284 142 284 150 274 150 English 0
283 143 290 143 290 152 283 152 English 0
286 116 297 116 297 121 286 121 English 0
91 60 127 60 127 76 91 76 Manipuri 0
25 190 99 190 99 216 25 216 English 0
29 125 105 125 105 195 29 195 English 0
0 364 60 364 60 390 0 390 English 0
2 318 62 318 62 372 2 372 English 0