268.83510861254763 115.30117613967646 187.9697711882909 129.26300025493973 181.43993571880856 91.44252469357346 262.3050340000191 77.48072199999449 Manipuri 0
355.3498146346101 60.583495623235564 362.9521089519403 106.11058414053858 274.574477999995 120.86793700003278 266.9723378946219 75.34098479028789 Manipuri 0
34.55169799999567 220.76355800001278 23.059143555365154 159.49208970552974 269.42496255891456 113.28129325781359 280.9182379513368 174.55177924801632 English 0
286.82071299997915 174.33228500003085 276.77358115281095 118.28871045901701 517.6809257938294 75.09970453410065 527.728550961765 131.14264709260675 English 0
125.07762900000671 240.24363300001767 119.75258775906696 213.20283236771525 175.7596261285653 202.17391580881568 181.08476217312273 229.2145889958186 English 0
175.7081029999972 229.34643699998577 172.92075990910234 207.59778864271456 196.7265573648183 204.54690225455653 199.5139361274778 226.29550840233168 English 0
199.99842877608899 226.95734056805782 194.5336630015663 197.6394826542935 222.2250950000307 192.4780529999914 227.6899099862203 221.7958457158843 English 0
273.4530820017244 216.02374947317708 224.82204257255944 222.81646529882136 220.79058888703003 193.95418681990478 269.42141600004106 187.16148599999923 English 0
298.3706518881809 219.9920447480331 276.9118510374392 225.31039060267852 266.4444259649463 183.07681749350664 287.90309299998626 177.75848899999755 English 0
350.21794733955176 203.14610486476855 293.3506119999947 212.1527680000011 289.0149009335437 184.77751611377403 345.88201300000947 175.7708709999979 English 0
364.2122360000212 199.49031499998756 357.90176437098125 168.5561710576188 452.53993054771854 149.25049841160222 458.8505458250438 180.1844492518224 English 0
144.51959400001215 270.9823340000053 140.33601906208787 247.6935963640766 208.0383043173788 235.5320424568737 212.2219956470508 258.82062842423306 English 0
258.8199937796162 224.06477022972322 263.2970960000239 250.73075100000065 209.75480664412316 259.7196718223954 205.27785099999164 233.05382100001998 English 0
265.87325680251524 249.65159095813732 261.54541199997766 225.22187800000728 340.7771563775168 211.18594415766972 345.1051320564875 235.61548859353312 English 0
349.176942999984 230.6529330000352 345.7768607320759 206.76702508637945 390.6445265822549 200.38044142494306 394.04468066903064 224.2662621231218 English 0
448.853935881707 188.95806712070265 452.90692099995795 214.2237180000029 394.9719506166002 223.51686039317 390.91909299997496 198.2513229999936 English 0
487.3548988394032 210.2067642432267 454.6301844897971 217.34321498776129 448.7148170760338 190.21838702510652 481.4394010000251 183.08195099999867 English 0
158.03515999999945 312.01358699999844 154.70061213549343 288.1248489743011 231.2722911043238 277.436911809715 234.60700766183436 301.3254484990659 English 0
241.20041299996956 295.24383500001005 238.34082234963716 274.1689193296888 301.7488565787062 265.56563816413296 304.6085649909219 286.6404130403852 English 0
362.8409913225187 252.93254896681017 367.90544099996623 277.3343259999763 313.29236594974645 288.66811122337185 308.2280729999911 264.2664709999975 English 0
380.0609383077972 275.4007715974365 375.9167436855205 246.03593755989385 459.8152399656101 234.19590997292863 463.9596299623372 263.5605047316334 English 0
553.3151262109459 213.35919106425644 564.5656369999779 264.8942479999766 503.96944277221337 278.12193637236294 492.7192663249298 226.58716948103887 English 0
246.77596187466406 306.59174806062043 252.41511461543269 334.0980287801915 163.88055192619504 352.24668382138134 158.24174699999276 324.740706999993 English 0
339.3793128379184 322.14620188662053 256.66071988933254 338.29268094210425 250.93855453378637 308.9786903273367 333.6565829999745 292.8322680000044 English 0
402.00904082536 308.62896240424794 353.9564542669541 318.2494440677821 348.7900235352572 292.4450814198564 396.8423359999724 282.82462800000206 English 0
404.47980718621693 302.4909604870012 401.0200256367534 282.0920208244794 465.99969684539246 271.07164291168795 469.45959050004603 291.4704365903091 English 0
136.194737986807 310.4343411824594 141.71363725945412 344.29020508090906 26.855063999973936 363.0108090000163 21.336717915037298 329.15543603621416 English 0