79.07314099997166 291.0572620000058 71.72532758871967 248.38780429476842 250.98500681757287 217.51900237282118 258.33339715303737 260.187725586832 English 0
370.9985429437802 202.59212726664583 373.2679305163765 252.59517800895827 263.2887379999738 257.5856170000005 261.019839024666 207.58303285599285 English 0
75.09663999997429 314.67709399997995 71.02817295322893 293.8407315657903 181.5998296775797 272.25154826781653 185.66848880022008 293.0876554171386 English 0
186.37637300002098 295.315026999974 182.33787452503748 272.49351335428423 328.05479158290836 246.70793023449963 332.09355474667973 269.5291022717777 English 0
259.1033105461247 200.9860948248221 239.71106319433602 204.10000897432167 238.17717270401772 194.5477229363873 257.5693930000125 191.4338110000004 Manipuri 0
277.8810067359882 196.95052712645764 259.0574623847351 200.88837809857648 257.13635535008507 191.70538530331154 275.95987499997136 187.7675370000026 Manipuri 0
317.018464201974 179.57395860840134 318.8486878054391 188.59084329558885 279.73349200001394 196.53006600001703 277.90329711417144 187.51320639748008 Manipuri 0
366.5651279553276 170.0166977678323 368.57863798933977 180.025615767328 317.9235779999726 190.21562699997062 315.9101075016224 180.20674361630608 Manipuri 0
368.17473060567863 167.4587039661767 379.2786460000207 167.43826899999993 379.29906591860345 178.5337646978212 368.19515052433417 178.5541996494051 Manipuri 0
283.16487199997937 302.4303799999968 280.23390769027174 284.3218392566035 366.60102000001643 270.34339799999765 369.5321192807023 288.4517697420404 English 0
368.60091657188605 243.59049205968557 371.58212165129953 267.1998556127543 335.17641899998125 271.79654199998674 332.19530537775427 248.1872612318338 English 0
75.06960300001083 333.17819699997085 72.98253548578941 320.69527330522226 112.54656099998101 314.0808590000226 114.63367626296531 326.5637225485927 English 0
114.79774766150513 310.6204463383116 128.71103500001482 311.02597800000007 128.23863930563675 327.23207488158505 114.32535199994163 326.8265439999992 English 0
128.12931300002674 324.9214100000023 125.97160749028262 311.9842236819033 190.45078197159455 301.2307668812306 192.60856550237804 314.16785480040056 English 0
282.7909118098614 285.3656018861075 285.418469273136 299.98123940920175 202.73143999998865 314.84502900001365 200.10403759326437 300.2295282956069 English 0
127.23811800002295 345.2315520000176 125.80566505872412 335.588385493929 157.11857201597013 330.93733243222266 158.55105638584064 340.5804605734618 English 0
187.09394362333114 325.3526047466729 189.0042971818184 336.72032688649915 159.60398325536516 341.66058120049956 157.69367699998838 330.29290099996564 English 0
223.85349775242503 331.54026544037504 190.81767479561677 337.22389315092244 188.80973935498332 325.5535275153057 221.84546900003625 319.8699079999975 English 0
262.5639560000127 324.8518890000006 261.0341099007928 314.75514507724426 305.1896660000057 308.0651590000163 306.7195553366764 318.1618498531817 English 0
57.40651100000832 475.92603400002747 52.42897410476871 451.1558783423601 95.05315900001733 442.59187800000115 100.03083198251261 467.36184919773075 Manipuri 0
161.23650510395237 521.0136118029083 142.46497100000852 551.4035150000121 85.80039140309964 516.4089800348778 104.57189000000653 486.01946700000303 Manipuri 0
152.33283942725393 513.1691643339221 183.95150136901066 517.5084782205197 176.68712578153645 570.4293994504699 145.0684732555237 566.0901323373138 Manipuri 0
180.466165642938 537.8023361792673 206.32772811040923 540.5700418617636 201.33221100004448 587.2375730000019 175.47065285383724 584.469894492415 Manipuri 0
104.42751032402157 573.5445005676127 90.32979755618726 571.8047892074076 95.26353643748735 531.8346183921027 109.36101852261345 533.5743153571495 English 0
97.37855447121547 569.0120984792026 111.3455729999987 541.2834010000164 150.94093955820426 561.223043855134 136.97422363475198 588.9514826968964 English 0
128.67448131379206 583.6630366348099 142.45296300003247 561.0097859999719 180.17676242241578 583.9489631955112 166.39852973421512 606.6019966774629 English 0
171.92408564078505 579.7259904468257 193.1977020103659 581.6293971921917 189.6982840000419 620.7306610000011 168.42466985850479 618.8272709337123 English 0
486.93511299999955 559.6533719999802 484.2742697803624 530.3070468329638 551.2803511905076 524.2326441590274 553.9415514854045 553.5785711242328 English 0
616.8015426151396 520.4295609902883 618.6939404249279 548.2519499932291 554.1315956236213 552.641755559823 552.2395790000155 524.8197259999687 English 0
350.1709799999662 561.7609889999749 348.6292009681347 543.7772513813003 382.25138399997377 540.8953549999965 383.79327542861574 558.8789681636267 English 0
621.0856304105982 516.5067939847644 640 516.0752920000001 640.7917615782208 550.7739760999056 621.8773920919193 551.2054751119687 English 0
620.4116768152016 442.3603394544631 624.4031949999771 508.95825700001467 537.8247650202684 514.145211234458 533.834330000027 447.54832099996713 English 0
553.1453390225215 427.66164746532183 555.1924613918527 445.08277206699967 495.5821999999898 452.08606599997125 493.5352652023721 434.6651123233221 Manipuri 0
590.7384499999898 438.62362699998823 589.6171590335871 418.8914347192366 638.3338139977423 416.12335263267255 639.4552486023895 435.8553917184421 Manipuri 0
276.6559016690735 614.5430235197183 256.1687399999937 608.2699520000035 265.2714425053273 578.5499788701666 285.75833999995666 584.8230069999978 English 0
73.66065640737361 594.364274562469 32.874757994432 591.9745622453753 34.37930545529525 566.3064269137951 75.16475299999001 568.6961260000003 English 0