280 207 298 207 298 227 280 227 Manipuri 0
326 222 349 222 349 242 326 242 Manipuri 0
299 212 324 212 324 237 299 237 Manipuri 0
287.75360692590766 357.0691392748501 291.92263700002513 336.9404400000101 339.64776085435005 346.8242291485998 335.4788777959038 366.95279994484474 Manipuri 0
347.4875879845058 353.80081644688454 385.71481052924355 361.81697100206173 382.6483469999948 376.43878499999323 344.4211294073466 368.42264669985127 Manipuri 0
402.57738233987766 380.8620466075017 392.1593900430162 378.66065735484233 394.44525172664726 367.84411313599156 404.8632129999896 370.0454989999994 Manipuri 0
318.38606682453246 450.01198635875244 315.69571240288496 465.93033120534676 268.2070454969653 457.9052734736249 270.8975020000071 441.987058000013 English 0
362.7011004756787 458.9508335937919 359.1124315574416 474.78678902091355 317.92794799999683 465.45505399998467 321.5166971758299 449.6192135563374 English 0
552.8312553560681 276.932854696225 548.9160803684354 288.6391979608695 505.3073191076692 274.05500791082704 509.22252199998184 262.3487199999876 Manipuri 0
561.4200520949817 293.1470677734796 564.30815599997 278.94679199999325 608.027856330591 287.8380496233091 605.1398306844203 302.03825689289766 Manipuri 0
636.4010700133804 297.18073765247226 633.2663009999669 312.2391340000013 609.7296903499227 307.3397046965707 612.864488999985 292.2813489999652 Manipuri 0
439.3937819015264 276.90839442808135 443.4066200000234 261.40816900000266 503.049320653372 276.8480278401077 499.03659684961895 292.34815487466005 English 0
501.12937665551726 292.17093461712346 504.8188900000241 278.5036480000345 541.134846878922 288.3065765006212 537.4453981906117 301.9738076083647 English 0
510.7580209167645 297.899770220401 507.711857999966 312.71187500001656 483.08647640034906 307.64787181113047 486.1326700000063 292.83580899997855 English 0
524.1391113510326 326.7431570631505 521.502352427633 336.96193354368404 468.98174578622275 323.4108775402458 471.61854799996945 313.19216800000567 English 0
517.9114000000118 300.06259199999965 532.5656156797049 299.8169644779745 532.8932350000105 319.36146400000035 518.2390193345782 319.6070909687977 English 0
534.4639384788752 320.060699681662 538.3308289999695 306.0934509999811 556.7126732040197 311.1821660551062 552.845819163631 325.1493834689973 English 0
600.5459244282247 305.2012902070823 596.875015661717 318.8615887513782 537.0351241590834 302.7817870336698 540.7060929999716 289.1215840000112 English 0
555.1186566537217 326.2425493464132 558.9252729999862 311.53328000000835 595.005365048055 320.8697045442103 591.1988253774325 335.57890787462713 English 0
593.7858373913332 318.2799792627369 597.8429725372553 304.9631342918607 639.4575514366443 317.6405096849247 635.4004966070352 330.95728617280287 English 0
639.8138262616703 357.39481380652285 636.8019856505998 368.60958786715616 581.1013537127292 353.6517956545705 584.1132479999942 342.4371070000265 English 0
548.7677826597792 345.4796858686742 551.3646967935347 334.07694684163425 581.1220830504317 340.85342211505457 578.5252201306866 352.25611663613967 English 0
550.2816209999582 395.5837790000004 566.5849068609532 395.3313240876022 567.1540848549921 432.0836788808776 550.8507990277576 432.33613236259174 English 0
561.6593858262058 431.07429920757085 568.0210420000367 401.75169799997457 612.4916862525424 411.39850288946616 606.1302705984417 440.72089417980544 English 0
590.0211591893458 465.5288152877086 593.6124600000039 444.7953910000273 630.2543289421737 451.1412216246628 626.6631765478814 471.8745143987162 English 0
606.8049539999629 412.7149590000005 627.2523153560905 411.635618251841 629.1181900000083 446.97855599999946 608.6708291278774 448.05789063287125 English 0
223.53031531587476 428.3541311771592 238.5059519999777 346.23976700003345 390.58352890577225 373.97121738035764 375.610043706547 456.08367693336527 English 0
174 447 192 447 192 460 174 460 English 0
0 440 47 440 47 465 0 465 English 0
0 392 55 392 55 434 0 434 English 0