333.08258999997634 75.93631599999505 329.2690573333675 64.30973893211483 407.3780029527552 38.68990670218142 411.19154626940144 50.3164632957379 Manipuri 0
263.62187300001096 118.66516499998129 258.07075596647337 101.05870501880068 490.06011199999193 27.91455299997932 495.6112929926894 45.52089643105073 English 0
299.37192914840125 108.77044956885263 301.77448788766924 116.09606921373471 266.3294580866932 127.72070185178997 263.9269134461938 120.39509417573711 English 0
302.5828239999828 114.57020399997079 300.44238903414225 108.51247190094577 327.06136032582435 99.10701306905645 329.201798497088 105.16473835531733 English 0
370.5530501558678 85.94607436510104 372.6846671626845 92.46563968294393 331.1744751219521 106.0375579904955 329.04287005614606 99.51800282244858 English 0
441.76319418525964 63.397590732405185 443.8717905357771 70.03567996441659 386.8786514877138 88.13948983594203 384.77006825043645 81.50141175215774 English 0
445.7671979999577 69.67193499997083 443.77364301122725 63.61892235446882 494.77769324912515 46.820795734896265 496.7712518944609 52.873801368851375 English 0
293.4222299999965 126.41254999997203 291.44896436919225 119.53857316491359 322.1112503512268 110.73663626492194 324.08452175033744 117.61060344898826 English 0
379.4566269121424 92.75405147631338 381.7915119999816 100.94474499997344 327.4510210500739 116.43516251798309 325.11615699993854 108.2444870000208 English 0
398.003125000032 92.54574299999513 396.18346923532954 86.1963504853003 466.8905233206169 65.93262831013121 468.71018729034404 72.28200705354703 English 0
344.45454799999425 120.49092100000385 342.23818188496807 113.2583728255598 388.2915360000334 99.14572100003352 390.50791009423847 106.37825497576807 English 0
392.57609300002514 104.5536030000249 390.48668860734324 97.64397824954978 428.76934827574587 86.06772569798443 430.8587582455948 92.97734068585382 English 0
192.77657399994496 183.57756599997816 189.99318795162253 174.36376528409315 254.59331116027897 154.84909926787995 257.3767194549873 164.0628608723439 English 0
260.00158399998327 162.00588300003125 257.9368031852209 152.82329129760515 286.6018890000123 146.377810000016 288.66668067275896 155.5603862468302 English 0
293.5463280000113 152.34302300000053 290.9392264820053 143.15908408334153 348.82610400003614 126.72654399997117 351.43322277515836 135.91045431331307 English 0
246.04318071244052 177.69990063073573 249.07492335791176 188.40427226400038 201.17652498127427 201.96981751128385 198.14482621462957 191.2654833787584 English 0
277.38259553545504 168.26894639618402 279.85597237115144 178.2994274428998 252.03001000001677 185.16072600003156 249.5566550239164 175.13026379992772 English 0
347.09345673472853 145.59889309931694 350.271094683776 156.40279617525394 283.9088012132561 175.92071599765626 280.73121552486555 165.1168575491199 English 0
262.9345409999951 200.51802700003523 261.47500084240164 194.59844169318484 279.6782279999752 190.11035200002004 281.137773520677 196.0299292268951 English 0
298.8572369999747 213.4801469999856 296.99569450705894 205.9090198413461 330.9998839999753 197.54850799998428 332.86144000288914 205.1196148566859 English 0
294.94025122541643 208.03359441194135 296.65804624812154 214.52181554717646 279.0186430000176 219.1917760000054 277.30085891693307 212.70356426271087 English 0
247.65765488737088 210.75989854510215 268.9118829999643 204.35319900000496 270.68227252304496 210.22627849915352 249.4280457352579 216.6329749679615 English 0
274.1808800637227 210.25505364566732 271.9224010000471 203.40041700001916 288.26164414407685 198.0170929948055 290.52012783788086 204.8717206833915 English 0
290.8599407244765 198.13615084907036 314.3539620000229 191.2081490000043 316.49595522241725 198.4718032650348 293.0019355893455 205.39980124426006 English 0
253.864814188928 205.13121229575788 222.7542220000032 214.2258650000088 220.8009708843747 207.54442468936156 251.91153189196484 198.44977683687787 English 0
307.5253786304529 260.59517521703026 309.2444302175136 267.4179496694989 280.4162201751751 274.6810042789263 278.69719199996325 267.8582499999915 English 0
307.1443089999957 259.9893089999975 323.30547449324513 255.89371764584516 325.11768629607104 263.0443308678519 308.95652188199165 267.139919283331 English 0
237.78793311830668 311.2979563547119 239.0345711423288 316.94550455938065 223.86868499997945 320.29294900003543 222.62205881088448 314.6454110818723 English 0
238.6484869999549 315.94990499996584 237.40513032636954 310.5852304782686 268.9047710000159 303.2851139999799 270.1481414650334 308.6497685675553 English 0
322.34282631849055 287.8952593395164 324.05775299994275 294.1407509999864 271.94064005809196 308.450289270692 270.22575700000743 302.20483500000773 English 0
267.7919556866982 310.3760190981913 269.2682076362689 316.3669845350337 238.08359651418868 324.05063463495253 236.6073708478507 318.0596918769088 English 0
270.57731100001547 315.66263300001646 268.98292258651054 308.9717471154322 307.55617099996016 299.78060900000975 309.15058003382 306.4714644988171 English 0
234 335 245 335 245 341 234 341 English 0
245.58474799996475 333.0233800000042 263.7409109735745 328.69718249322386 265.17952189882635 334.7342430462161 247.0233600789652 339.06043721945787 English 0
281.51633086825314 324.2765448962217 282.75728763655934 330.55878480385223 266.68546841217903 333.73323931858 265.44452599999204 327.45101199998464 English 0
311.2846253891621 317.2397321508537 312.5551493457897 324.4059730672902 286.1104470000282 329.0940120000047 284.8399491782766 321.927794166266 English 0
241.09387288241123 342.75205551165936 242.31678700394696 347.94165681361346 206.1173879999842 356.47106599998386 204.89450285211205 351.28148977885667 English 0
319.36450300003344 327.27264000001327 318.0355858452822 321.9968584739514 341.9601120000152 315.9709449999675 343.2890393718844 321.24671095883565 English 0
295.4827959999966 333.4092180000227 294.2569875576737 327.49851817988423 317.03372500000114 322.77525000003044 318.2595456834679 328.68593304844893 English 0
290.6080334010039 329.4578828056768 292.01609253985225 334.93531116287494 243.89978762534156 347.30315248961585 242.4917682458181 341.8257583468778 English 0
236.73109822055267 350.7426990098613 238.14346542836574 356.465596287604 215.3190692626231 362.0979056639172 213.90672270892537 356.3750262072417 English 0
251.93648823486 346.9128921828608 253.02925121264707 351.99597445584106 239.40044399998442 354.92561499997964 238.30769163148943 349.84254197201943 English 0
300.8315229583968 334.79949514536406 302.2924232929654 341.2062750561058 255.79547399996954 351.8076150000163 254.33461859276576 345.4008740563738 English 0
333.69916794792516 325.76588441736317 335.3243315533473 331.72776795971095 305.33915688727575 339.90075463503933 303.71401999997033 333.93889399998704 English 0