396.0392444311583 246.74356866704076 386.7491660000087 291.78804900002297 233.0152199407894 260.08172020865413 242.30578499998956 215.03790499997936 Manipuri 0
310.7137373848673 283.99113066194224 300.8279780000157 332.35927300001043 178.85049187323602 307.4293388344145 188.73673800000688 259.06185700002857 Manipuri 0
343.9798521105695 343.2639907328744 306.43156827703933 332.63006090127953 321.7665387974557 278.4874466787097 359.314360999997 289.1213070000067 Manipuri 0
435.0341927942645 308.8172915064533 428.3651539999846 365.00637599999277 357.4499038478825 356.5896047560372 364.11936885233445 300.401007452072 Manipuri 0
382.7884148389421 187.88734950999287 379.01076599999215 201.170579000013 335.84715315591893 188.89542369211367 339.6248270000069 175.61223599999295 English 0
390.6606035776349 208.4585630497679 386.34127099998295 222.46357499997063 329.0068894621072 204.78130059022465 333.3262580000155 190.77635300000193 English 0
247.17990965633362 169.7046409542998 251.44236300002376 153.94375400001152 308.8563923000038 169.47070733497623 304.59400794607063 185.23153498896693 English 0
299.99966379327816 182.57750838597048 296.01086299997405 199.8114499999775 253.5275042847934 189.97883466789833 257.51634100000956 172.74494500002433 English 0
40 476 61 476 61 488 40 488 English 0
12 476 37 476 37 487 12 487 English 0
63 478 87 478 87 489 63 489 English 0
91 479 128 479 128 491 91 491 English 0
131 480 161 480 161 493 131 493 English 0
163 483 184 483 184 494 163 494 English 0
185 485 200 485 200 494 185 494 English 0
202 486 229 486 229 497 202 497 English 0
232 487 248 487 248 498 232 498 English 0
251 488 275 488 275 498 251 498 English 0
277 490 293 490 293 499 277 499 English 0
295 492 300 492 300 499 295 499 English 0
302 493 306 493 306 499 302 499 English 0
307 492 339 492 339 502 307 502 English 0
341 495 372 495 372 504 341 504 English 0
373 496 379 496 379 505 373 505 English 0
380 499 391 499 391 506 380 506 English 0
393 498 407 498 407 506 393 506 English 0
409 498 421 498 421 507 409 507 English 0
422 501 448 501 448 510 422 510 English 0
298 527 305 527 305 532 298 532 English 0
306 528 316 528 316 533 306 533 English 0
317 529 329 529 329 534 317 534 English 0
303 525 308 525 308 528 303 528 Manipuri 0
309 525 316 525 316 528 309 528 Manipuri 0
316 525 325 525 325 528 316 528 Manipuri 0
360 538 374 538 374 544 360 544 English 0
385 532 399 532 399 537 385 537 English 0
386 550 395 550 395 553 386 553 English 0
384 557 396 557 396 560 384 560 English 0
409 536 419 536 419 541 409 541 English 0
405 536 409 536 409 541 405 541 English 0
410 542 417 542 417 546 410 546 English 0
387 546 394 546 394 549 387 549 English 0
386 560 390 560 390 563 386 563 English 0
390 560 394 560 394 562 390 562 English 0
386 538 395 538 395 542 386 542 English 0
395 538 399 538 399 541 395 541 English 0
403 532 412 532 412 535 403 535 Manipuri 0
315 542 323 542 323 546 315 546 English 0
311 542 315 542 315 545 311 545 English 0
303 541 308 541 308 544 303 544 English 0
308 542 311 542 311 545 308 545 English 0
486 538 494 538 494 543 486 543 English 0
471 543 476 543 476 547 471 547 English 0
477 544 486 544 486 548 477 548 English 0
469 538 477 538 477 543 469 543 English 0
474 535 488 535 488 538 474 538 Manipuri 0
486 543 492 543 492 547 486 547 English 0
488 431 513 431 513 447 488 447 English 0
515 430 540 430 540 439 515 439 English 0
515 438 534 438 534 446 515 446 English 0
549 429 553 429 553 432 549 432 Manipuri 0
548 432 557 432 557 435 548 435 Manipuri 0
548 434 555 434 555 437 548 437 Manipuri 0
465.3907800325396 417.28407438672696 461.6237099999853 418.60976499999344 456.41129945448483 403.8000734370511 460.17835300001025 402.4743859999934 English 0
458.9706548524555 403.22068291084145 456.12708358668897 404.03129330177813 451.4951460457087 387.7846253759635 454.338704000038 386.9740169999988 English 0
483 245 492 245 492 280 483 280 English 0