86.5669920000073 253.7243310000245 85.98488209077914 210.43076796546302 267.86628780144383 207.9842591039679 268.44906583406555 251.27714481368218 English 0
388.73730882420205 212.01550242164876 383.1562938585557 261.7578403958737 273.75070900001447 249.4824460000009 279.33213045835146 199.7405741003398 English 0
78.94449200000963 276.4313020000161 78.18583689790103 255.2150239776951 190.7732694720471 251.1887885704278 191.53215027501574 272.40483283597246 English 0
191.88308199998573 274.7155989999994 191.46457153990923 251.54329429016508 339.42106543334376 248.8703264811432 339.83990399145114 272.0422960284858 English 0
278.4709251384629 192.92501297401273 258.83030604170926 192.9670616354665 258.80960747934296 183.29242363300992 278.4502000000066 183.25037500000002 Manipuri 0
297.6487387412635 191.87660837327752 278.4409318344842 192.82140951771368 277.9800141945452 183.45094452602956 297.1877960000711 182.5061439999988 Manipuri 0
339.0226451330818 180.83641734052648 339.41974975670746 190.02859598090797 299.54419299996516 191.75111600000776 299.1471147970151 182.55896267963766 Manipuri 0
389.45439134498884 179.14761937674555 389.87734035094036 189.34829020837208 338.2518909999635 191.4886639999665 337.8289797157049 181.28802946946226 Manipuri 0
391.44432807523117 176.87297079529208 402.4147410000296 178.58978000000363 400.6991936218401 189.55185837643413 389.7287809925183 187.83505046950512 Manipuri 0
286.366868000041 296.884407999996 286.3049729290651 278.54026203200715 373.7952879999648 278.2447589999986 373.8573542366794 296.58873304231184 English 0
379.95563996912097 252.13406819950364 379.2066519371292 275.9191086286791 342.53025400001206 274.7641219999922 343.27932468877407 250.97916680246806 English 0
76.02357900002971 294.70039600003264 75.91511566846748 282.0446750400192 116.02661500000977 281.70086600001673 116.13513228599913 294.3565326359033 English 0
118.79138478274399 278.6353434384398 132.46996599998965 281.2122759999934 129.46822098689154 297.1448230876889 115.7896410000103 294.56789500000167 English 0
129.7216820000176 294.8456310000041 129.61450682472787 281.7301837272603 194.98190833284752 281.1958704772761 195.08917458668293 294.31122596447193 English 0
288.6670309956389 279.9712302019277 288.9756997866061 294.81794203617903 204.98162600000796 296.5636510000184 204.6730935706728 281.7170726145003 English 0
125.66425199998775 314.76630799996894 125.75808382956893 305.0177840027168 157.4130629485444 305.3224085201257 157.3192670383287 315.07089694713204 English 0
187.89290588378208 304.4956212866073 188.00128876049712 316.0222300974297 158.19011586572742 316.30244524894044 158.08177300001262 304.77587599999555 English 0
223.231920649705 316.35755939241113 189.7137171484792 316.80368032453407 189.5561529976112 304.9628793239845 223.07426499995927 304.51675900000004 English 0
262.5120859999879 315.807176999968 262.5806735887454 305.59541128058936 307.23902600002475 305.89524999999406 307.1704914944712 316.1069629877067 English 0
36.24726699999883 432.9276529999973 35.206553618918406 407.68375970331647 78.64503299999342 405.8931300000037 79.68591016753635 431.13685159525835 Manipuri 0
131.7456515366939 493.7027852847773 108.45123599996441 520.781956000025 57.95880111109 477.35395632661215 81.25300100000459 450.2751109999749 Manipuri 0
124.17873497535766 484.56199368255574 154.7295669290179 493.79337096546266 139.27576258356567 544.9270495333063 108.7249710541073 535.6957667571565 Manipuri 0
148.11223041084304 513.2929173740397 173.2226628770877 520.0714587046363 160.98804099994595 565.3837029999943 135.87763330513553 558.6052254785232 Manipuri 0
67.41842535862816 536.6999679885132 53.766369175573345 532.7766522845106 64.89216918293096 494.0701137118883 78.54402712422598 497.993399138682 English 0
61.16526836915 531.1206392030931 79.29810399997223 505.91829200002917 115.28689206221316 531.8065661111688 97.1543020808167 557.0086922471918 English 0
89.78406844071287 550.4870324049746 106.93662500001665 530.2680799999983 140.6075600541226 558.8261061683444 123.45519910515577 579.0448744290075 English 0
133.11702059640083 553.3641495862782 153.8311665855872 558.5713440285175 144.25787500003935 596.6444890000018 123.54374491682393 591.4373382696325 English 0
447.38981800001056 582.8172459999729 449.3536313088407 553.4159011389394 516.4849675251753 557.898496126735 514.5215991695295 587.2994211187033 English 0
581.7933413581341 564.3918286277634 579.3091158025345 592.1676066413677 514.8548898853915 586.4037231264331 517.3394610000105 558.628330000016 English 0
311.9797739999922 563.5042909999952 313.2709083714144 545.5007915628324 346.9293189999735 547.9140280000072 345.6383182265563 565.9174018616493 English 0
605.0118184398889 598.4094165301713 581.906093660873 596.9159155809085 584.1466653124371 562.2639922362063 607.2520449999865 563.757482 English 0
597.5734644086333 487.8485580130377 591.0959030000231 554.2510179999864 504.7701765885722 545.8304018685008 511.24872100001085 479.4290490000252 English 0
533.4329432577215 462.80805812026756 532.7292206218408 480.3349087282822 472.75767899998755 477.9269749999966 473.46157777406916 460.40030828090715 Manipuri 0
568.8483869999618 479.5159980000228 570.828211686021 459.85130287714514 619.3780854789657 464.73834561446097 617.3984437553008 484.4028720980987 Manipuri 0
231.1130722585949 604.1356831437403 211.8592529999296 594.7354619999875 225.49886667191458 566.8058626764316 244.75246599999082 576.2060199999928 English 0
33.77342273495742 552.450420759276 -5.372726383793633 543.8783070197223 0.12867235418525524 518.761523088449 39.27443500004301 527.3335930000014 English 0