9 258 61 258 61 276 9 276 Manipuri 0
76 264 152 264 152 283 76 283 Manipuri 0
95.22497500001919 328.0050200000099 97.13328866680968 285.8575368348178 271.0105685574672 293.72837230147286 269.10314007036504 335.8750029651894 English 0
2.6437470000382746 319.7963440000199 6.304121009088703 278.3475206058397 79.90706462442176 284.8468947916516 76.24706140872149 326.2953736576703 English 0
5.240482331428211 355.70516114520433 5.739660000035656 328.68907700002046 135.73105823641527 331.0898928917316 135.23233757608978 358.10552726369457 English 0
146 335 184 335 184 361 146 361 English 0
197 338 241 338 241 362 197 362 English 0
119 370 201 370 201 388 119 388 English 0
206.25662885504426 97.46438746140619 219.67828399996506 41.385409000001815 396.9487697540171 83.81194631748346 383.52751325226563 139.89058006739637 Manipuri 0
297.50309424904117 124.53296508188296 292.228826999999 146.38805900001384 216.96917540510185 128.22577725687114 222.24349600001005 106.37076300001007 Manipuri 0
464.66926201952447 201.777396111334 467.76827396337467 180.78866444213872 548.9814678573748 192.77939124041808 545.8825969762984 213.7679962200201 English 0
401.3916944752418 162.93702262350712 401.19699000002583 145.85185900000533 434.93470329776756 145.467374746666 435.1294405912631 162.55250487508889 English 0
519.311468076121 256.106690685403 520.884584000014 232.32382599996626 593.3708550577285 237.11806641613015 591.7979073531751 260.90077165626616 English 0
595.0190545690566 265.97175260243114 596.8722890000208 246.79767399998815 640.4011679856922 251.00462437891912 638.5480208633817 270.1786222273141 English 0
156.60725901943806 1.0469924407951283 156.16978785867104 13.633898579914765 126.04577696409251 12.58690534757812 126.48324900001171 7.014116995965012e-12 Manipuri 0
134.964306010952 40.82466819671566 142.50223600000027 14.65789600001115 188.32471197718405 27.858083704085793 180.7868007178331 54.02483980759499 English 0
60.0250959341065 -1.6886681008607682 139.81074583221925 11.901021561269527 135.096881999998 39.576319999999114 55.31123256529099 25.98663295108333 English 0
476.3666091030609 563.0849105680492 263.9442830000189 589.6257339999967 254.29930222933763 512.4212886696506 466.7151150300924 485.88087600717927 English 0
551.174944000013 615.2888489999867 541.6678060196864 574.3627145012638 625.2084870122053 554.9607948353375 634.7161513634637 595.886163626536 English 0
525.831521367727 623.4258287972369 509.55112483650737 627.189744748339 494.0632109782746 560.2153209998787 510.34313400006795 556.4514619999923 English 0
472.7662670084828 627.6103096399211 366.6872306341975 643.7152147641967 360.269210412298 601.4464849983287 466.34621099998185 585.3417370000008 English 0
654.6215683101036 153.90595678443614 636.7751964848139 221.83350200640288 437.10424564727873 169.3740691184969 454.95114999997895 101.44736099998221 English 0