112.71825000003446 243.2764749999936 110.76473401713884 205.99319118812676 216.18448100001842 200.46947199997103 218.13830372338998 237.75242870025582 Manipuri 0
218.82534500000475 235.5793770000198 216.35797927527165 197.29918967364128 308.60309399999096 191.35349500001462 311.07072088489076 229.63340020814672 Manipuri 0
416.0281973821111 178.24581378169586 421.7508200700104 212.84638347344247 314.6618060000037 230.55680100000592 308.93950375357235 195.9565152160206 Manipuri 0
74.38822900003288 291.21487799997533 71.39743413172255 246.58703084425142 222.87435500002175 236.43530800000295 225.86576596739178 281.0624898948389 English 0
221.11417000000074 279.2527750000338 218.92767531477148 230.29589539872316 357.14720152536756 224.12251476352253 359.33430097233213 273.07875478056866 English 0
360.484901000018 264.471750999985 356.33007474556507 217.32117475225408 535.6880673961132 201.5160737571043 539.8435562866507 248.6659070135533 English 0
13.951086000015493 332.30088700001545 13.660813598544337 315.7099272959009 76.28978599997936 314.61409299999104 76.58018117188476 331.2049276894654 English 0
92.54714582202723 332.80116307092806 76.30061099996965 330.10141700000065 79.58202547648398 310.35630740708893 95.8284840000124 313.05604700000447 English 0
157.8065891678125 311.40959237342213 158.25177894475928 327.9728610377367 95.52545174272382 329.6583979475439 95.0803889999952 313.09525300000496 English 0
160.15751500002807 325.70666299998027 159.6133825337165 309.6887225658502 218.87443400002667 307.675612999994 219.418674335393 323.6934414954185 English 0
280.3136475895735 303.3871032712159 281.23501832676993 320.96310181531703 219.739722000013 324.18628799999226 218.81848360295407 306.61041554004055 English 0
170.50960400003532 301.6652629999836 170.24217089332524 286.1822418127154 200.90281600001617 285.65266000003 201.17030005661945 301.1356292761004 English 0
367.19758870494843 295.62902788931365 368.718803249576 314.79112514979875 289.48081777190964 321.08066484020134 287.95978999994986 301.91874199997227 English 0
53.513821000015014 353.7263629999856 53.0794653648627 340.3468817817368 82.39349700001185 339.3952770000336 82.82790148979984 352.774707620032 English 0
62.27091038999788 352.73298884679093 62.501646302771405 363.9257467109171 12.125862163375132 364.9639236301151 11.895203000021866 353.7712409999961 English 0
100.8127574660466 350.7954367409635 100.90399599997909 364.0603149999913 63.9151118517475 364.3145850022356 63.823938999994425 351.0497720000083 English 0
118.63072977175761 350.84779463915754 83.55547538172686 353.6638479115693 82.40258267607715 339.3045100657779 117.4777080000058 336.48846199999764 English 0
127.81499194607022 350.36635512105215 127.6983995550836 364.4010966415053 101.31159383985505 364.1818374291005 101.42823499998485 350.1471450000039 English 0
217.35698191798292 362.7638697535597 184.15284339440404 359.1997676234257 185.7672728068428 344.16133599507225 218.97127999996883 347.72543099999604 English 0
220.14129575785773 347.1295180296716 327.55802299994684 341.50057600000144 328.50704488788324 359.6090666515675 221.0903187184158 365.2379952662238 English 0
268.3894392511138 280.5134802705265 269.3203704183543 294.34722540001326 233.20441500000015 296.77737099996796 232.27354083021055 282.9436795936474 English 0
383.523388816684 291.21291524009064 446.09704800001055 286.6882709999981 447.40409317528247 304.7629186485873 384.8304349823593 309.28755380339345 English 0
464.66962815175066 281.9764145609507 467.32114984843065 305.2980966197766 449.88956265398883 307.27978327326883 447.238090000028 283.95814599999295 English 0
468.497628000041 301.5362639999658 466.2918290732341 281.4453229504942 542.2855459999846 273.10220200002357 544.4914881022123 293.192978641714 English 0
416.7838800000027 330.9497290000189 415.49647181789624 318.81103559748135 446.805686000007 315.4906559999979 448.0931344858982 327.6293034818257 English 0
447.9028180000023 328.7847900000121 446.08555667771725 313.437703386841 494.63490045207436 307.68927342904914 496.4522381963616 323.0362711111138 English 0
367.307112999988 349.56465400003526 365.7543984171207 334.2165228893141 409.5677384899318 329.784388097328 411.1205285116739 345.1324337405061 English 0
450.7259405185323 329.17064924025397 451.8815002316842 344.044624485472 409.9786187017162 347.29963360548743 408.82314299997233 332.42573699998457 English 0
456.6428270000324 342.7465069999912 454.9638682179648 327.37813738997124 501.94384727816214 322.246015557329 503.62288447562605 337.6142951785947 English 0