395.5777221328026 233.80641932320927 397.38663253650884 264.3587590107254 328.5197699999844 268.43563899996553 326.71106683854305 237.88349582894367 Manipuri 0
277.8212260000146 311.54386599998645 274.3539360722207 269.0345736403044 457.69521856767824 254.07974564993137 461.1632560665021 296.588215027304 English 0
214 217 230 217 230 229 214 229 English 0
232 214 254 214 254 227 232 227 English 0
216 226 234 226 234 240 216 240 English 0
236 227 255 227 255 240 236 240 English 0
216 237 258 237 258 253 216 253 English 0
218 249 253 249 253 263 218 263 English 0
217 260 262 260 262 276 217 276 English 0
222 276 263 276 263 292 222 292 English 0
223 288 264 288 264 304 223 304 English 0
225 301 265 301 265 316 225 316 English 0
224 311 267 311 267 326 224 326 English 0
225 321 266 321 266 339 225 339 English 0
235 337 270 337 270 353 235 353 English 0
281 315 336 315 336 341 281 341 English 0
349 307 398 307 398 334 349 334 English 0
398 304 444 304 444 331 398 331 English 0
310 343 343 343 343 364 310 364 English 0
343 341 375 341 375 360 343 360 English 0
375 336 407 336 407 355 375 355 English 0
211.7160270423483 239.27889546736242 213.9792952904827 279.7296614010022 83.0145424733928 287.05580911525675 80.75182000000495 246.6055620000014 English 0
67.60721079692303 287.9900394285561 1.9134889999986626 291.83426900000063 -0.581109904233017 249.20174036538074 65.11205212169443 245.35752722844512 English 0
65.08337384198967 292.9282831648904 66.71898900000087 327.62943200000257 0.2914146698458353 330.75979432265734 -1.3439207677583909 296.0589113494992 English 0
71.87654100001964 326.04675599999223 69.12739587307442 293.90217620067995 127.87160469910305 288.8783682476758 130.62094570566842 321.0227315403085 English 0
213.55882092357206 283.15650494501716 215.41407699995034 315.09311600001325 137.0180542050366 319.6464823326062 135.16309400001774 287.7101520000286 English 0
51.16959899998619 347.6581299999925 50.28115060260461 330.3206082629116 99.35163763249875 327.8061408830825 100.24018715113925 345.14355560467897 English 0
43.994807168564876 333.495297310495 44.863001889389125 351.81754762633716 1.8982559999858495 353.85307199998834 1.0301664155849721 335.53092241099927 English 0
163.15223385056015 321.43766397652763 165.18141300002753 340.29665900003477 106.81452530814568 346.5759747644945 104.78549600004044 327.7171169999905 English 0
66.81118900000001 368.25529700003466 65.34156689143856 351.2500924484612 120.94597900002555 346.44496299998093 122.41571493126685 363.4500414417686 English 0
41.288076024648035 373.4006110764192 8.582048445314285 376.7457483475849 6.410184165724786 355.5121985951554 39.116023999959 352.16707100000326 English 0
60.16179221784114 240.40770669707956 27.693020737569896 241.32302891875256 27.228889982725377 224.85815791768815 59.69756899998174 223.94283699999994 Manipuri 0
63.58673700000509 243.52877700001 62.66867121135874 223.71852228652955 114.49569289252395 221.31672851392818 115.41384314499737 241.1268943142531 Manipuri 0
117.94741579979018 239.1027831023732 116.95406400001957 219.93907300003062 151.48938675680256 218.148978825163 152.4827917618677 237.3126325697589 Manipuri 0
155.1524785014044 238.653404529848 153.87701200001175 220.4122299999949 209.2099569892889 216.54327942378018 210.48550253821304 234.78436820537712 Manipuri 0
25.27292749589833 222.9894027783948 26.184889057840337 241.78533808968095 0 243.05570099996845 -0.9119169592304388 224.2598083388847 Manipuri 0