553 276 640 276 640 323 553 323 English 0
574 318 617 318 617 336 574 336 English 0
622 325 640 325 640 339 622 339 English 0
595 260 632 260 632 286 595 286 English 0
582 234 640 234 640 264 582 264 Manipuri 0
588 150 622 150 622 170 588 170 English 0
632 156 640 156 640 177 632 177 English 0
453 259 536 259 536 316 453 316 English 0
366 253 452 253 452 304 366 304 English 0
419 350 474 350 474 371 419 371 English 0
477 355 503 355 503 373 477 373 English 0
550.6920023054408 142.39887328723438 554.0075249999791 113.85931399998888 643.315339866167 124.23420776006213 639.9999567506165 152.77363929852797 English 0
555 73 565 73 565 83 555 83 Manipuri 0
567 74 576 74 576 85 567 85 Manipuri 0
584 74 608 74 608 89 584 89 Manipuri 0
445 239 473 239 473 255 445 255 Manipuri 0
476 241 498 241 498 257 476 257 Manipuri 0
499 242 538 242 538 262 499 262 Manipuri 0
529.5397752017743 318.28896487524577 525.4864101352723 349.27705967598365 399.2068684384867 332.75929165698216 403.2606367885455 301.7716719974451 English 0
385 229 421 229 421 258 385 258 English 0
267 310 300 310 300 326 267 326 English 0
235 307 264 307 264 323 235 323 English 0
177 301 233 301 233 324 177 324 English 0
255 282 305 282 305 313 255 313 English 0
277 251 343 251 343 287 277 287 English 0
252.50167087644513 283.5206893842972 250.91804511226655 303.3501062652435 173.2925580000301 297.1507310000249 174.8763355189294 277.32148079653575 English 0
147.74873100002878 267.30335200001883 150.08544642965717 242.43421680944041 253.39286299997184 252.14017799998277 251.05641700647539 277.0090637263492 English 0
150.46974800003227 235.1184079999989 153.30478895979468 201.98504403827312 241.9093900000007 209.56600399999985 239.07461101080116 242.69912322397568 Manipuri 0
247.5907300000108 244.35886200002477 251.44926894099626 209.22933228940337 348.13095099998463 219.84796000002743 344.27273447450716 254.97719365404154 Manipuri 0
344 85 355 85 355 99 344 99 English 0
319 83 343 83 343 99 319 99 English 0
356 85 388 85 388 104 356 104 English 0
318 117 337 117 337 126 318 126 English 0
338 119 349 119 349 127 338 127 English 0
350 121 360 121 360 128 350 128 English 0
361 122 374 122 374 131 361 131 English 0
324 127 343 127 343 136 324 136 English 0
345 129 369 129 369 139 345 139 English 0
343 102 367 102 367 115 343 115 English 0
368 104 394 104 394 117 368 117 English 0
316 99 343 99 343 112 316 112 English 0
300 141 337 141 337 156 300 156 English 0
338 146 363 146 363 159 338 159 English 0
365 148 404 148 404 163 365 163 English 0
280 141 290 141 290 149 280 149 English 0
289 142 296 142 296 151 289 151 English 0
293 114 304 114 304 120 293 120 English 0
100 53 136 53 136 70 100 70 Manipuri 0
29 179 103 179 103 208 29 208 English 0
34 115 112 115 112 187 34 187 English 0
0 353 58 353 58 381 0 381 English 0
0 307 62 307 62 362 0 362 English 0