174.45286056637997 269.2121909482964 176.2279979779123 291.46490227425426 75.81788399998914 299.473656999995 74.04300015419722 277.22118257327236 English 0
184.0690999999788 290.3693560000316 181.93873459480528 267.0346938752395 319.99903100004303 254.43018900000595 322.12969019048614 277.76452353663365 English 0
84.66749200000777 335.9410860000349 83.14449959128979 317.3172397639278 154.24319099998684 311.5032630000095 155.76632866046566 330.12694931395197 English 0
210.20731033182528 326.3785238293434 161.1548639999819 330.2800979999994 159.66090466768946 311.4973890441281 208.71313287323574 307.59582358759286 English 0
219.41858799997135 324.6341670000009 218.04967804971966 304.66175210364275 249.51149400003487 302.5054900000322 250.88047186858603 322.4778315767761 English 0
254.4150919999811 321.91356999999175 253.7073302148201 302.19509951307197 266.19691886204237 301.7468441437307 266.90470814472064 321.4652860309068 English 0
317.2410152655357 298.02394109027676 318.69215418279055 316.0181826004151 270.92670799996995 319.8697540000053 269.4756751791283 301.87561160897 English 0
150.19708500003617 343.0815419999765 149.39597445292748 334.0948303189209 174.60784299997613 331.8475100000171 175.40897921586293 340.8341931295948 English 0
146 296 171 296 171 305 146 305 English 0
171.84608199997456 304.14815800001224 170.95891419259715 293.9574519544942 196.46049121896795 291.7374963735744 197.34768509435526 301.92817351559677 English 0
199.86071799998172 300.9725380000355 199.08694516678224 292.0610173655431 228.76939200003108 289.4838710000323 229.54319112330268 298.39536249109676 English 0
135.2836959999695 267.86328899998455 134.26153839893232 255.28363187319653 189.2529690000083 250.81542399997628 190.27518743816472 263.3950141445149 Manipuri 0
192.2879549999925 262.8616699999785 191.25641202663246 252.30715535286183 258.5903139271977 245.7264261020663 259.62191688930034 256.2808732008881 Manipuri 0
639.9999519007542 147.04932219261923 643.0047531709715 177.14813425813986 552.8727010000148 186.14560399997515 549.8680829210207 156.0469608308659 English 0
615.581958158873 183.24233017928373 616.1773059287225 194.43557189235122 576.4064820000203 196.55077899999515 575.811167212596 185.35756870249838 English 0
623.4877340000094 145.06860300003424 623.2580845677148 131.36037578514077 640 131.07990599997112 640.2296610231133 144.7881214589896 Manipuri 0