169.31430250464473 200.81333041561015 202.86149578081677 205.2809674873539 190.87995998968836 295.24568560233524 157.3327739999513 290.7780859999954 English 0
239.9708210114477 309.0866530757543 256.4023640000232 231.988859000016 449.5352531904791 273.14709609353207 433.10560400968825 350.2432352399646 English 0
322.69753730564844 191.46723958214488 356.9853249999869 192.60537600000055 355.44773217065085 238.92577650548037 321.15994460742513 237.78764429986694 Manipuri 0
352.85371412945096 197.42913821482188 381.1249179999868 201.14176299999812 375.403255283818 244.710030382009 347.1320540000306 240.99741900000154 Manipuri 0
371.4755652979511 246.07198273100508 383.21717799997714 206.67851800003228 460.769525413416 229.79273759407 449.02824286218674 269.18592065284093 Manipuri 0
571.4652906139963 262.5021835410095 563.3398419999867 293.1061249999808 486.6200329376443 272.7374792393271 494.7456339999917 242.133780999999 Manipuri 0
548.6640261663706 221.09915958288298 593.4050186352397 234.85486187323684 585.435318000018 260.77551200000147 540.6943398813746 247.01984309583156 English 0
646.033322236035 324.7501625513328 631.9199579999986 390.11910700001687 500.1898278995941 361.67905851609754 514.3039970000245 296.3112330000082 English 0
381.91052578673407 356.69968477512145 375.079842999985 398.70000200001533 257.98763697552204 379.6574797596246 264.81886399997165 337.6578410000272 English 0
590.6544871240476 391.1270382370878 583.214810999998 432.97056900001485 520.2065500057506 421.76875047514386 527.646539999987 379.92562300002464 English 0
423.63825619017007 412.5849985382348 368.26919429717236 405.11644449686975 375.1221002876264 354.3203898554117 430.4903699999704 361.78888999999606 English 0