176.97582399996463 389.48841100000016 178.22785629767168 361.79271202270934 276.6959070437588 366.2431851535519 275.4442745293636 393.9385004186187 English 0
281.586825452614 393.54886101282034 282.2492400000192 365.90941600000735 382.29520479304483 368.30638936026037 381.63319129453157 395.9454419564741 English 0
191.1849230000371 362.8346069999675 192.76172885569395 335.1517542885637 273.53876900000614 339.7521179999879 271.96227154126973 367.43467652603243 Manipuri 0
276.09722199995304 363.3706000000351 277.02745504786435 345.6273528581711 348.9577948124497 349.3978652447444 348.02773933850403 367.14094309596817 Manipuri 0
202.29666400002316 404.3367299999687 203.09668792484445 389.0775031491466 268.4018836809264 392.50073744343 267.6020147823874 407.75981646052344 English 0
297.8886795364815 409.34649548661935 270.7900314811559 407.9264827718285 271.7013522746129 390.53885797439455 298.79985999999917 391.9588670000012 English 0
364.29469388000143 395.715155504744 363.83456399998977 409.6001550000227 301.69745767816494 407.5409086743979 302.15771200004383 393.6560380000336 English 0
228.2427218475641 406.7589405961337 227.72908500002814 417.0559680000081 182.86813828679442 414.8183028080178 183.38184200001706 404.52134599999124 English 0
269.8463868892577 419.26323911174853 227.69262488698587 418.6615592437627 227.87035696863313 406.21701528076824 270.0239580000198 406.81869400000005 English 0
274.16114499996183 418.42189599999745 274.54406784599996 407.70558738208223 338.48542763917067 409.9898401257482 338.10261399332376 420.70604304563096 English 0
338.0840380000154 421.0602990000132 338.4599831463129 410.0355041122683 377.3017626838555 411.35975358855364 376.92588600475574 422.38448217577064 English 0
174.44578089802235 439.28631930411484 177.62933600002725 419.17369700000245 203.43445714410336 423.25773063640924 200.25099656348175 443.3702686180824 English 0
200.81723299997975 441.6207409999919 201.5631893423415 421.02257293848305 267.39731143330573 423.4061635716767 266.65158086085285 444.00411350745924 English 0
305.98529700000654 444.99742099998514 306.546598845016 424.8712379795199 379.0431107059703 426.89251824386133 378.48205185553525 447.01846448175667 English 0
205.24165200004063 456.79723300000944 205.82497250084998 443.2624399349521 282.0515418566356 446.54676154871834 281.46840184046596 460.08138088606165 English 0
283.32417099998565 460.8893640000347 283.9086150429648 445.9704808986677 364.4127992058202 449.123289741985 363.82856607830036 464.0419694198067 English 0
267.1160436620994 459.23632141265836 266.9451939999999 474.6197940000084 205.30227069255488 473.9348772560246 205.4732829999557 458.5515690000267 English 0
267.8916349999781 474.66939499999575 268.4004392918723 458.66976829072394 354.6205545428529 461.4106866916597 354.1119977879862 477.41007316322197 English 0