338.7455140932434 184.87345035794831 331.2159960000281 205.49213200002248 224.0899273474497 166.37238095319643 231.61951399997633 145.75385300000337 Manipuri 0
340.84857635032677 208.97220524862604 345.3418760000204 188.8102770000182 419.1755048886989 205.26424366033632 414.68234066334844 225.42605392388506 Manipuri 0
500.60099936781626 236.62957255660461 494.8860667092231 256.32309587170397 417.40466044750065 233.83911248259707 423.1196749999799 214.14572800002858 Manipuri 0
488.23454829034745 298.48999581352075 499.6488641483302 260.14615907880824 632.973872871662 299.83173747812435 621.5602549762116 338.17497581768606 English 0
330.059050327327 246.12222515615673 344.1826378738915 204.13375531168472 502.1048667123978 257.25083399532224 487.98205541017524 299.23864080054614 English 0
73.20455900000525 156.91082400000698 87.27705568839156 117.58575417911429 335.275690773924 206.3290216347341 321.2040210143459 245.65338870721143 English 0
184.52487434682553 218.13622307226626 190.920330500594 200.67769928065775 295.6432526323624 239.03835352066517 289.2479919030302 256.4967114778699 English 0
364.46817347467004 260.43118512754853 357.3025620000408 280.9368219999941 290.50055365609296 257.59403270386633 297.6662319999741 237.08853499999935 English 0
360.84702997970453 275.38875938922666 366.59825823961 257.97531373058297 444.91365827139816 283.8392685780027 439.16260569028964 301.2525648654305 English 0
527.1558801057836 311.9944621914034 522.6989812927786 326.1947006947821 439.61000236915424 300.117712920248 444.06697799997346 285.9176149999973 English 0
365 294 374 294 374 309 365 309 English 0
251 257 263 257 263 273 251 273 English 0
399.02280318281555 301.5047230854858 395.1063710000017 316.4120499999923 372.2595882816677 310.41014690654544 376.1760460000369 295.50285999997254 English 0
366.2164619343821 292.01674161455566 361.32240200000524 307.8420720000319 337.55193500408495 300.4913711122978 342.4460189999809 284.66608400000376 English 0
343.5667875195213 284.31708869669245 338.81409699999494 299.3418190000062 306.27476088993717 289.0493846235665 311.0274809999828 274.0247090000169 English 0
259.1826942037005 274.3394674946193 264.5300419999694 258.63092099996584 304.4094205095462 272.2054911551151 299.0621520118293 287.9139702223772 English 0
221.80849982672953 259.8073947473106 227.19121000001905 246.40218200002658 253.22840203305532 256.8566019129645 247.8457345363131 270.2617784729914 English 0
222.98523419922276 244.78979099233095 218.60832099999243 262.1696109999662 192.95946933241794 255.71048686896305 197.33641059399815 238.3307095292741 English 0
182.1991830796469 233.41327594843435 177.0796999999584 247.7664520000272 151.7549671605957 238.7339751808132 156.8744660000084 224.38083300002728 English 0
182 234 194 234 194 251 182 251 English 0
142 224 152 224 152 237 142 237 English 0
424 309 462 309 462 334 424 334 English 0
464 322 512 322 512 348 464 348 English 0
592 360 637 360 637 385 592 385 English 0
406 374 445 374 445 398 406 398 Manipuri 0
532.1169796785398 402.96990340734766 527.6074009999866 423.47170300003006 444.33281908197387 405.156202871645 448.8425840000127 384.65466499998695 Manipuri 0
494.485553155464 607.6554044894057 394.5880535826291 592.2521182857251 397.98868899997615 570.2063099999999 497.88523012211954 585.6095210062939 English 0
432.25361400553084 596.8549566637727 430.630020000026 612.2997159999805 400.8703869569581 609.1720027623951 402.4940719999722 593.727347000035 English 0
492.51726090842567 605.9910559703711 490.6851209999877 621.4001800000151 434.89446910403785 614.7680807427731 436.7267780000111 599.3591530000039 English 0
215 597 269 597 269 632 215 632 English 0
277 605 320 605 320 636 277 636 English 0
328 612 392 612 392 640 328 640 English 0
401 620 454 620 454 640 401 640 English 0
130 586 185 586 185 619 130 619 English 0
29 571 103 571 103 608 29 608 English 0
181 498 380 498 380 577 181 577 English 0
0 380 388 380 388 519 0 519 English 0
0 562 22 562 22 597 0 597 English 0