30 227 88 227 88 263 30 263 English 0
87 230 154 230 154 257 87 257 English 0
159 220 235 220 235 248 159 248 English 0
86 218 115 218 115 237 86 237 Manipuri 0
126 208 177 208 177 231 126 231 Manipuri 0
186 201 232 201 232 223 186 223 Manipuri 0
251 181 301 181 301 214 251 214 English 0
276 239 304 239 304 255 276 255 English 0
315 233 334 233 334 247 315 247 English 0
324 222 333 222 333 233 324 233 Manipuri 0
306.8171569999686 203.07383600000037 302.5026342322235 195.4773445152963 323.5404810000182 183.52896400000176 327.8550040264963 191.12544223635354 Manipuri 0
302.02868799999123 199.07384200002087 295.9373565545684 191.3573213330257 319.46982272136665 172.7815476449652 325.561146333348 180.49805237079903 Manipuri 0