210 360 260 360 260 392 210 392 English 0
263 359 368 359 368 396 263 396 English 0
201 287 373 287 373 360 201 360 Manipuri 0
376 309 494 309 494 354 376 354 English 0
398 284 439 284 439 306 398 306 English 0
274 280 357 280 357 307 274 307 English 0
366 284 391 284 391 306 366 306 English 0
11 355 56 355 56 375 11 375 English 0
375 376 401 376 401 396 375 396 English 0
402 376 429 376 429 396 402 396 English 0
429 376 444 376 444 394 429 394 English 0
445 377 461 377 461 396 445 396 English 0
461 378 473 378 473 393 461 393 English 0
475 377 493 377 493 395 475 395 English 0
504 341 542 341 542 354 504 354 English 0
542 342 562 342 562 353 542 353 English 0
564 340 586 340 586 352 564 352 English 0
498 310 534 310 534 340 498 340 English 0
534 310 591 310 591 340 534 340 English 0
593 306 628 306 628 338 593 338 English 0
334 520 360 520 360 574 334 574 Manipuri 0
337 582 360 582 360 640 337 640 Manipuri 0