275 231 287 231 287 246 275 246 Manipuri 0
316.2913304704125 229.20781921777854 317.39538670604816 243.73981713283553 289.85606800000824 245.831952999967 288.75204959054827 231.29999050798943 Manipuri 0
319.3070699999953 242.45987099996856 318.4618312060775 228.498556581473 350.0721799999883 226.5848729999755 350.9174548066221 240.54614881131047 Manipuri 0
359.4186076987535 244.616750448324 362.30219002070953 285.41354946051206 249.81217699998524 293.3632199999709 246.929083631112 252.5668805341388 English 0
137.8368529999716 351.85477600000644 136.87744422823016 309.19282604042724 268.71766399999615 306.227437000005 269.6777456593554 348.8886974786187 English 0
296.6191940000135 349.14095399997825 294.92831637377094 303.08374347372984 470.9877899999992 296.6192389999896 472.67960454541026 342.6754762772808 English 0
308.56367300002603 373.9145730000156 308.55246548133437 358.45875423624994 351.41157599995495 358.42759500001256 351.4228736574296 373.88332366949305 English 0
304.9855597196438 359.7213453250158 305.00607266294537 374.98736977257454 266.12314199999673 375.03946699997323 266.1027102418302 359.77352360640464 English 0
261.7951888497919 359.5915374454776 262.06052925284894 375.3891612469449 225.02129399996193 376.0110849999876 224.75603493614472 360.21354126466923 English 0
0 453 57 453 57 478 0 478 English 0
565 293 640 293 640 357 565 357 English 0