34.690019999979995 398.6928530000263 25.202911971282447 308.76344671954035 243.33250900002895 285.7518989999965 252.8218255018146 375.67880157142014 English 0
236.50005700001202 374.28881900003086 226.153837548336 271.8768315973154 432.3946949999663 251.04144900001316 442.7430997113697 353.4509544880154 English 0
426.2261679999938 357.59889799998075 411.6821291942324 248.60711457467218 625.6863290000183 220.05037099998728 640.2324985370797 329.0396511235176 English 0
237.58979081067082 413.73443613238777 236.25144408433698 455.2686235673067 114.38498700001219 451.3407049999662 115.72412013112626 409.80733153702226 English 0
249 396 345 396 345 451 249 451 English 0
367 392 426 392 426 443 367 443 English 0
82.40348799998173 294.1845780000096 74.86143200454535 209.84341206939294 247.15245699997467 194.4366010000003 254.69570878718514 278.77642168964184 Manipuri 0
242.47534900001483 260.8452420000058 232.23442068476288 196.55688611076837 391.7706259999977 171.14349799997018 402.01222454932577 235.43101973422566 Manipuri 0
393.6264449999726 236.3224440000085 381.00486371069564 162.18900554678356 574.9269769999955 129.17276100001703 587.5493402392021 203.30520723801473 Manipuri 0
92.52291700002388 167.336267000035 87.98662042914657 144.24429947323142 150.10903751826845 132.04080293353945 154.64539515058277 155.1326895859256 English 0
149.87895199999912 154.2287839999825 145.55405065118975 132.91674196526768 241.00022519349295 113.5477113841149 245.3252025711845 134.859649476413 English 0