109.74509799998486 115.29851799999987 93.34359847322048 93.29336005047946 151.69038071195246 49.80493138961451 168.0918627270148 71.8100412392734 English 0
180.80013299513666 46.73593362084357 208.14574600000924 45.34687799999827 210.07111765669833 83.25056272086725 182.72550476402103 84.63961706278394 English 0
244.94932200977928 260.7092943566365 188.7505315816088 273.8087046469211 179.25527778977994 233.073366871328 235.45365300000412 219.97400699999838 English 0
221.48916299687698 328.0424883530987 184.53749701715424 334.1183254263612 181.65654918986547 316.5980371390902 218.60806099997717 310.5222130000022 English 0
231.06838423438603 276.4125273774704 191.26897900001495 281.7174759999966 189.2639541358949 266.6755209176531 229.06323905830504 261.3705804183496 English 0
233.74970400000166 275.8260020000121 230.4289891483495 258.365219202802 265.84954899997683 251.62920499998393 269.1703105743363 269.0899260758629 English 0
218.7531214304181 311.51594683128377 248.25601599994116 305.4341740000066 252.0372805342049 323.77588184618816 222.53439005398832 329.8576412211526 English 0
250.8892139999807 325.7163159999723 247.9093816178647 305.48506694107414 281.3683740000124 300.55727000003156 284.3482717908046 320.78843933999167 English 0
335.05256033779006 253.7618169930156 340.6238157354528 274.5816136726749 306.5558640070958 283.69740736977826 300.98469399999885 262.87768399999146 English 0
339.30648100002145 275.0063459999896 334.750940126105 252.4741419777526 381.98490000002494 242.924841999995 386.5405181148526 265.4569412572198 English 0
402.99070799999754 261.72052300002133 398.4614192691515 231.9211129362365 454.3723519999912 223.42337499998678 458.90176457789494 253.2226321958855 English 0
289.44770820286067 49.514084381804075 263.98142899997765 51.1908430000004 261.8738121482602 19.180635901501034 287.3400699999911 17.503878000002352 English 0
329.7214299999905 294.35803900003265 325.9789179921063 279.1075534728102 387.02176200000395 264.12819999999886 390.7643404266855 279.3785857145956 English 0
434.4002364822518 254.3146894907159 438.4241163382103 271.2941138406956 395.3904660000262 281.49178999999987 391.36667248181766 264.5124402808014 English 0
312.4791710000136 309.92228300003416 310.55226184471394 296.9399252007226 332.43448699999135 293.6922600000219 334.3614225624333 306.6745855394203 English 0
354.4483176428912 286.77895834576 357.4536268689553 303.0339029704554 333.73696509341244 307.41843432557357 330.7317049999983 291.1635329999879 English 0
384.40139782062033 281.5439923616902 386.57517907187867 297.08058274277886 355.9975359999953 301.35846100003215 353.82381247749436 285.8219225327894 English 0
413.1632779999927 291.03222299998515 410.9338010809006 273.02573946386417 450.43457300002046 268.13518299999345 452.66411348558904 286.14159185931726 English 0
246.64115586332628 232.2004354035435 246.11863354351954 217.56462995557743 278.52853099997446 216.4075639999872 279.0510914695915 231.04332972098672 Manipuri 0
338.5759959999996 253.5773000000109 335.94573383787065 242.5904699694795 419.2026747699856 222.65923606021417 421.8329932085908 233.64598227142181 Manipuri 0
124.21733100003621 312.9819529999944 138.7169884920877 309.9425791048627 141.32265446998645 322.3722684233706 126.82299837724713 325.41163775939094 English 0
159.1417578290566 305.39205091159425 161.38698958551686 318.07210352036714 140.3833950968692 321.79085208726474 138.13819900002272 309.1108309999969 English 0
180.1012562784308 315.8127272820526 160.55429425498005 317.3626116914408 159.39661068412533 302.76266978778756 178.9435070000036 301.21278800000164 English 0
103.02428000002692 328.22965499998213 100.65118972896016 317.6683320417792 120.68539399995643 313.1670539999947 123.05850241580629 323.7283510628332 English 0
474.25874399996246 131.2759239999726 468.7998842160596 107.70026397799505 554.8104929999681 87.78488300000198 560.2694113156031 111.36045736585176 Manipuri 0
571.9435189999786 105.73634000002228 567.6974206355226 79.92615029866501 620.3848100000323 71.25844300003472 624.6309444536018 97.06858706987866 Manipuri 0
529.5661159999872 143.5615959999932 526.4721790244948 130.1862876485437 559.0897319999931 122.64137400001508 562.1836843104393 136.01666024671107 Manipuri 0
569.5610820000002 135.1824280000214 566.3431343674165 119.41302268439324 597.4159423761739 113.072282973168 600.6339069604292 128.84166510909228 Manipuri 0
472.0658540000295 177.4670670000064 470.5745821460732 164.00008084266815 489.6996019999642 161.8823059999785 491.1908881063573 175.34927578916353 Manipuri 0
517.6237877483072 170.36713354052583 489.2544300976442 174.61989471512484 486.84017902298365 158.51502592607397 515.2094809999835 154.26226899999716 Manipuri 0
517.5922249999712 153.6138020000001 532.336500009551 151.6687760696555 534.1886481831898 165.70873290234698 519.4443734975357 167.653757198199 Manipuri 0
559.4834463993902 145.13520772845044 562.2990218449559 156.60840936188168 532.9822930000228 163.80270399997647 530.1667405948683 152.32952226776942 Manipuri 0
586.5866465593717 137.95526742693536 590.0145980791422 150.41177890497406 562.1250319999672 158.08664999999112 558.6971036114846 145.6301583566473 Manipuri 0
590.7668209999974 150.30247699998117 588.6822136553383 132.73786721100768 622.2205150000082 128.75750999997896 624.3051488467609 146.3220888780617 Manipuri 0
480.05574399998295 297.4748130000096 479.39823964952666 277.21776118769765 545.1274920000287 275.08428700000013 545.7851333916187 295.3411969279138 Manipuri 0
553.2099810000364 298.2224030000187 551.0789403090894 272.94307700983 616.8583220000437 267.3980829999735 618.9895214991702 292.6772330161878 Manipuri 0
281.00240544932603 367.46549942100984 263.213336278568 369.74024503643807 260.719098917325 350.236213660873 278.50807599999825 347.96147399999853 English 0
187.56301399997028 316.7306580000072 185.44242984586162 306.4613827117578 220.01860600001237 299.3219300000117 222.13922051720147 309.59116373735577 Manipuri 0
238.37486797492602 293.778429122084 241.40746818855405 306.94793155013633 220.66853000003903 311.7232120000234 217.63596617121948 298.5537411318891 Manipuri 0
278.3998460722796 289.7171830747375 279.6271629448165 304.06741616177106 240.08803793622064 307.44868991090163 238.86078900002758 293.09851999997085 Manipuri 0
220.12401402389514 329.42294227011473 221.25117254901852 339.93718123846753 197.35676811957092 342.4984673974585 196.22964399997727 331.98425999999256 English 0
219.76101799999014 341.2228999999675 218.39645924897923 328.9006730746879 241.55328799999552 326.33649000003334 242.9178778019559 338.65868129571567 English 0
243.63708800003224 338.0081340000082 242.3293844453292 324.96971708862907 269.6651565148204 322.2282385996625 270.9728989790892 335.2666115820946 English 0