63 271 242 271 242 365 63 365 English 0
209 371 295 371 295 408 209 408 English 0
299 384 382 384 382 421 299 421 English 0
386 397 479 397 479 435 386 435 English 0
247 303 457 303 457 395 247 395 English 0
464 334 624 334 624 420 464 420 English 0
487 419 520 419 520 438 487 438 English 0
466 274 592 274 592 347 466 347 Manipuri 0
255 249 441 249 441 323 255 323 Manipuri 0
121 218 234 218 234 288 121 288 Manipuri 0
573 259 612 259 612 276 573 276 English 0
615 264 630 264 630 277 615 277 English 0