115.86920915324299 34.45417170888678 149.88335200003348 42.24873300000432 140.86204876715783 81.6160775130192 106.84790799998154 73.82152299999602 English 0
140.48257499998726 73.92844199997312 142.28892221210117 37.26790774861219 251.27261399997224 42.6376870000243 249.46635789172433 79.29813395834219 English 0
242.56947599998966 76.39549600002681 243.46034764334036 40.159008953801454 385.2350529999967 43.644393000013224 384.3442974043137 79.88075688779831 English 0
115.88985100002901 182.0152049999918 120.80327433075581 128.7945007707108 421.7252037915023 156.57315341822468 416.81287001607416 209.79288251010132 English 0
352.2707161321887 126.79296275449902 350.7198141779372 154.9919916020302 209.8205037018488 147.2422348672563 211.37159587939095 119.04340532747624 Manipuri 0
99.18237099998805 283.2899510000226 103.96885565940465 243.74559816818248 171.60208611872804 251.93147845301138 166.8158961924928 291.4755632039607 English 0
297.17327504520654 269.53084431156697 292.590182999993 308.4915929999748 177.18789793339965 294.9162928965959 181.7713989999902 255.95601800000892 English 0
294.53123699997377 308.76438999998294 301.6702983441064 263.63807563123765 413.977741048584 281.4038440932546 406.83931212013704 326.5295928984226 English 0
205.96894277943647 248.7964747361846 174.5084695074911 243.68588561680485 178.17750115820672 221.10089511177443 209.63785100000678 226.21147399999884 Manipuri 0
237.42010574685992 253.87666591807266 212.314555950652 249.3326219018562 216.74173515290022 224.87413011972131 241.84717600001022 229.41816400000178 Manipuri 0
242.06032299996878 252.54875100000356 244.10870347834134 231.09874730531018 289.00870999998006 235.38626699998545 286.96042451752874 256.8361829033525 Manipuri 0
287.86443395292736 237.20550378033892 334.0244306537352 239.71089967970852 332.5311711771792 267.2217864214208 286.3711749999493 264.71639699999866 Manipuri 0
102.15373902625288 258.62651184644295 96.23449128841457 305.30049753646387 46.98704700000235 299.05500799998026 52.9064985934383 252.38126202957162 English 0
89.94269506139972 341.9925902561398 49.69123545168259 336.33604409831287 54.50417899999593 302.09152499999533 94.75531074072933 307.74804780184945 English 0
242.0837290000054 -1.5745231787419323e-7 242.08372922155831 6.2201029751472126 177.93613491361612 6.220102756053186 177.93613513335004 1.1431732021048686e-8 English 0
116.15695303233224 21.668364171418514 85.5136907868291 19.0837449245424 86.99916113582731 1.472027932242749 117.64241899996705 4.056646999997472 English 0
116.91510299999209 19.794861000031545 118.12357664195588 0.4719934920796558 155.91734699999506 2.8356569999702854 154.70887674193364 22.158520983614615 English 0
153.55231400004413 19.663741999986637 153.75228209100896 2.474947882940641 271.3950628697057 3.8435359187706766 271.1951038071129 21.032320902594847 English 0
270.62148799996066 17.636236000012126 270.8534967058222 2.045467156911856 330.5797389990039 2.93425769573398 330.3477340203244 18.5250229164291 English 0
167.41258630259836 19.631568197224336 166.25964682774793 38.413941155375475 80.39968999997654 33.143459999966225 81.552644211406 14.361102713706062 English 0
220.24541982085793 20.45658939456134 219.72293547230947 34.84534270192023 168.50490900003933 32.98549800002081 169.0274003957893 18.596751968966732 English 0
251.05946755444165 19.507093581762728 249.49789890350075 37.5833860477534 225.12181626691017 35.47758909672885 226.6833890000271 17.40130100001178 English 0
249.08873399996082 37.050617999996255 248.94597547136073 18.014262871452125 316.66063399999985 17.506435999989563 316.8034055852331 36.54277816231587 English 0
339.77136307716137 22.074467776626218 336.11299360760313 39.815018942616845 316.0133086985297 35.67015927279884 319.6716809999634 17.929612000004308 Manipuri 0
358.63574389710266 18.12550542106314 359.08066030126065 37.92861939636016 338.4678189999977 38.391722999976025 338.0229069320194 18.588613097259362 Manipuri 0
350.47799699997995 37.43957099997399 349.25104059497244 21.962953739013624 388.0565873526939 18.886520778345364 389.2835495453619 34.363131926054905 Manipuri 0
419.3542108665861 22.698814638102093 419.56186761395657 38.82893710804756 386.8423199999961 39.25015400001484 386.6346694059757 23.120037575786906 Manipuri 0