362.42735858875676 20.107068854009395 366.2548760000209 4.681182999993943 434.5875104948209 21.636070246608465 430.7600029501191 37.06194750374946 Manipuri 0
219 42 256 42 256 75 219 75 English 0
346 125 392 125 392 145 346 145 English 0
375 87 397 87 397 113 375 113 English 0
400 93 436 93 436 119 400 119 English 0
439 103 470 103 470 127 439 127 English 0
472 109 505 109 505 135 472 135 English 0
497.92129258166824 322.3908102403449 355.3066572744865 295.9837750022781 359.53720099998463 273.1396649999999 502.1511204493436 299.54663219913937 English 0
328.9178038011596 267.4483440276888 323.8823360000242 291.80421699999533 213.30914695114188 268.94420986821535 218.34481500001857 244.5886110000075 English 0
91.28350134735228 209.11492365438818 112.67107300001953 111.34241499998835 298.27366819510644 151.9414487927615 276.88753802882275 249.7126951434939 Manipuri 0
522 370 545 370 545 390 522 390 English 0
547 373 580 373 580 395 547 395 English 0
279 285 332 285 332 310 279 310 English 0
335 297 387 297 387 320 335 320 English 0
390 306 448 306 448 332 390 332 English 0
289.3449405364663 254.00124484272231 307.2771709999506 166.86939300002933 599.892571136952 227.08681859914054 581.9630181589309 314.2163163185314 English 0
602 92 638 92 638 113 602 113 English 0
253.669955048681 72.72507012448952 258.379369999966 51.65051500003415 290.80122391351324 58.89562514306845 286.09182892956596 79.97016269035781 English 0
289.83927212597337 82.55770036319285 295.4455289999896 62.446121999965996 324.99950772988086 70.68448478737592 319.3932713835966 90.7960455607052 English 0
323.29372525920917 93.63971339725438 329.34458800002176 72.96464099996757 374.9948090617545 86.32475851573588 368.94398496362555 106.99979779452241 English 0