95 192 153 192 153 223 95 223 English 0
42 116 76 116 76 132 42 132 English 0
76 125 107 125 107 142 76 142 English 0
111 130 147 130 147 150 111 150 English 0
350 311 405 311 405 329 350 329 English 0
331 291 418 291 418 313 331 313 English 0
329 281 350 281 350 292 329 292 English 0
349 282 369 282 369 293 349 293 English 0
371 280 424 280 424 297 371 297 English 0
74.7295103999204 189.22217921044563 67.45240500975342 212.11381210770426 11.740848953122622 194.4037980885807 19.018006000042078 171.51225999996956 English 0
207.36052162668784 220.5125241645884 200.38599777581112 241.431999166161 153.43511024133477 225.7790945273859 160.40967799999635 204.8597050000217 English 0
157.2893464218214 78.0310942201273 154.11349499998323 90.2075050000314 125.74999872806075 82.80975717027079 128.92585699999472 70.63335699997604 English 0
50.61504258133937 110.26128124799605 60.90394600003492 71.01377699998736 229.077870177789 115.1005877120002 218.7892999349424 154.3478050111458 English 0
49.78243064833805 112.34665737878146 16.54249991021061 108.37511563186766 22.103564999997616 61.83234899999896 55.34339588455623 65.80388471663194 English 0
20.56113192011253 54.58851634493632 24.11331199997221 38.86084000003005 59.00002420115925 46.74017273052114 55.44785640806367 62.46783833130708 Manipuri 0
341 269 370 269 370 281 341 281 Manipuri 0
372 269 390 269 390 282 372 282 Manipuri 0
391 270 415 270 415 283 391 283 Manipuri 0