181 329 206 329 206 353 181 353 Manipuri 0
207.71610700001474 351.17303600001094 208.06639929738594 326.6266875432797 273.3723050000117 327.5584100000165 273.02221817939426 352.1045552904677 Manipuri 0
286 227 292 227 292 232 286 232 Manipuri 0
294 225 307 225 307 232 294 232 Manipuri 0
535.2312569999776 180.14948499997072 533.5771578678396 167.22573902169995 573.3703210000385 162.13272400000113 575.0244481088157 175.05643685514696 Manipuri 0
470.49204000002646 341.3126519999747 470.08986570086563 335.48761458256274 492.173729999995 333.9629990000279 492.5759192563419 339.7880202270141 Manipuri 0
469.57204900463694 336.3431708251817 469.56936293281615 341.6584277282534 462.23802301843534 341.6547169942593 462.24071399999957 336.33946500001827 Manipuri 0
282.54804434058315 564.6783999009308 283.7336789999972 553.0352249999772 296.83546985761495 554.3690819936561 295.6498698637006 566.0122249794042 Manipuri 0
327.70275018381653 560.314168280346 325.677807999964 572.1278389999931 295.70485967858986 566.9913624666754 297.7298609999707 555.177767000029 Manipuri 0
228.84021627425682 549.1507049058798 218.02297427449957 547.5198476584172 219.8886720000155 535.1478509999984 230.70586030822597 536.7787041288921 Manipuri 0
259.1578075633879 544.296809045537 256.7071620000206 556.3625239999743 229.514117227518 550.8405188802967 231.96481300001324 538.7748719999682 Manipuri 0
113.29809897069936 322.9807748654491 113.70719915845257 327.18538704252217 97.63287112720718 328.749242329111 97.22377985068306 324.54463837496075 Manipuri 0
135 370 141 370 141 376 135 376 English 0
139 357 146 357 146 362 139 362 English 0
150 357 189 357 189 380 150 380 English 0
192 352 310 352 310 389 192 389 English 0
295 398 311 398 311 412 295 412 English 0
273 398 293 398 293 410 273 410 English 0
483.9447249999648 206.56277900002812 482.42411373605137 187.21685501665826 539.1874909999751 182.75523800000946 540.7081750972429 202.10108204235257 English 0
503.0235730000277 217.8571019999689 501.32837050136004 208.64427627335405 515.49940900004 206.0368240000311 517.1946195163036 215.249639252585 English 0
537.5996409999789 289.4318879999718 537.171496464216 279.3556844694437 570.1123150000058 277.95605000003326 570.5404930037184 288.03221849981804 English 0
537.3143436393002 205.5118571324249 537.8821717052779 214.86087838734704 516.2571120000212 216.17424099999528 515.6893006785685 206.82523559498134 English 0
539 203 548 203 548 213 539 213 English 0
573.5170949999883 287.3667969999846 573.1290253881161 277.78028109695225 604.5393039999908 276.5088070000285 604.9274038524891 286.09529131384284 English 0
627.3382819770632 274.6910307835432 628.0108678374381 284.97384006772296 607.1094060000178 286.34086500000427 606.4368439336977 276.05807819924144 English 0
631 274 640 274 640 284 631 284 English 0
548.8866379999672 212.0141709999789 547.8107660849491 203.11266408779312 573.6072280000371 199.99488100003293 574.6831151124934 208.89637019586735 English 0
493.8754499999777 342.6770479999771 493.3213818469085 333.29733800829644 531.9527100963751 331.01547125458575 532.5068207926233 340.3951357633099 English 0
509 345 516 345 516 352 509 352 English 0
516.1328219999996 351.32917800002673 516.002576619212 345.4431946796723 535.0318173311825 345.0221362419359 535.1620768864814 350.9081050558631 English 0
591.3389113352605 343.4560643464187 591.3861510106653 349.82785757143523 565.8513269999821 350.01709899997286 565.8041084497381 343.64532673234703 English 0
536.1137310000049 350.2463389999674 535.9798198218778 344.4201937367908 564.7954509554256 343.7578960533437 564.9293832889816 349.58401965205996 English 0
581.0312379999959 340.1703989999786 580.4729953808419 329.56651902227173 639.9527862254035 326.43522785703396 640.511102755554 337.03903061362564 English 0
296.31036678845703 251.3944504167789 293.6035160533356 277.70480683670763 263.77485400000296 274.6360630000029 266.48177269140433 248.3257833729786 English 0
222.28183100000024 275.20650299997465 220.89150167528715 258.98330826974467 258.129495999965 255.79213500000716 259.51987941924017 272.0152698771819 English 0
128.21277259376075 352.2805687502682 139.40745544306992 356.338770304263 137.86301599997387 360.59875299998976 126.66833438321191 356.5405538832618 English 0
155.5711970000266 392.26712100001066 155.86241453514958 389.35714186783406 165.86830100000952 390.358366999973 165.57708808628377 393.26834187262847 English 0