218 369 270 369 270 406 218 406 English 0
270 354 378 354 378 402 270 402 English 0
198 283 376 283 376 373 198 373 Manipuri 0
375 287 497 287 497 344 375 344 English 0
392 269 435 269 435 295 392 295 English 0
270 277 355 277 355 313 270 313 English 0
361 275 388 275 388 300 361 300 English 0
19 392 65 392 65 416 19 416 English 0
383 365 411 365 411 388 383 388 English 0
409 361 438 361 438 384 409 384 English 0
436 358 453 358 453 377 436 377 English 0
452 357 470 357 470 378 452 378 English 0
468 357 481 357 481 373 468 373 English 0
482 353 502 353 502 373 482 373 English 0
506 311 545 311 545 328 506 328 English 0
543 308 564 308 564 321 543 321 English 0
565 303 588 303 588 317 565 317 English 0
495 281 534 281 534 315 495 315 English 0
531 273 591 273 591 309 531 309 English 0
589 264 627 264 627 299 589 299 English 0
362 513 394 513 394 569 362 569 Manipuri 0
375 575 404 575 404 635 375 635 Manipuri 0