330.84759365723585 17.315047480038285 333.04169600000023 1.5735810000226105 402.7722650340729 11.29287118481585 400.57816931788693 27.034331591624774 Manipuri 0
193 53 228 53 228 84 193 84 English 0
327 122 372 122 372 139 327 139 English 0
352 81 372 81 372 106 352 106 English 0
378 85 412 85 412 109 378 109 English 0
417 91 447 91 447 114 417 114 English 0
451 94 483 94 483 118 451 118 English 0
497.1964394056704 303.780914717608 352.60286208031175 292.4247701180012 354.42237399998703 269.2636080000001 499.01523821718 280.61972444932843 English 0
323.37566919697565 266.8040261498661 320.91380600002594 291.55286199998665 208.55694114041398 280.3761337648735 211.01905600000464 255.62758199997333 English 0
80.94579307180538 233.62974550093594 91.99618500002543 134.1572369999833 280.8255645018653 155.13324012298415 269.77667263592593 254.6043670349864 Manipuri 0
528 348 550 348 550 366 528 366 English 0
553 348 584 348 584 368 553 368 English 0
278 289 329 289 329 311 278 311 English 0
334 294 385 294 385 314 334 314 English 0
390 298 447 298 447 320 390 320 English 0
282.61457550281193 257.5671679682387 291.3403609999659 169.03815600001707 588.6467570264358 198.3385040708606 579.9234137313033 286.8652478730957 English 0
578 63 613 63 613 82 578 82 English 0
617 72 635 72 635 86 617 86 English 0
228.1860521139606 81.01304584507263 230.6667749999906 59.561672000023115 263.6683328294748 63.37808767521403 261.1876311168453 84.82944193121219 English 0
265.1850230033597 87.01108888707623 268.65833000003477 66.42367000002105 298.9115431020764 71.52766897613431 295.43825709144585 92.11506923991217 English 0
299.61460142978467 94.53545305317213 303.47117099998286 73.34115199997149 350.26781283318996 81.85632702733885 346.41128084724187 103.05059479615073 English 0