176.71151399998053 324.33529900001014 166.00369725572818 265.67752804077537 349.9535260000266 232.09869200001148 360.6622165167937 290.7553215305712 English 0
131.11035699999775 261.3602300000337 127.77303077033139 240.28932014801413 175.956204000031 232.65808999999848 179.2936061934597 253.72890527522998 Manipuri 0
521.949324540692 142.21864418192112 529.8795780097134 176.76644232523205 423.6228590608516 201.1560571500115 415.69288199993025 166.6084980000298 English 0
614.5886034161231 154.54582540752745 528.997743113141 176.19173915080938 520.3318512324768 141.92553274828742 605.9223940000084 120.27966099999222 English 0
515.4862449999928 106.52430700002841 509.6372815885843 80.61770597458505 576.2078389999806 65.58803000002884 582.0568421570351 91.49457441168899 Manipuri 0
576.2874938239838 61.6291555987854 600.6499110000004 56.31697300000236 606.9446334370878 85.18535663014634 582.5822176867223 90.4975349404932 Manipuri 0
313.8734359999944 326.37016600003267 312.0371795625397 303.11008257546484 352.8219249886024 299.89054486613793 354.65828253756627 323.15051713827006 English 0
396.76724980578 307.8412537922846 353.77963877050206 318.5910543702962 349.3632632018125 300.9311854113551 392.3507050000626 290.18140699999213 English 0
303.93050899998343 451.2767239999762 300.05881216457055 426.83479297164456 314.908642416558 424.4828653365233 318.78038740716875 448.9247365705643 English 0
298.81242700001167 490.5340239999984 296.57462430841406 474.8933546849537 324.7613013420778 470.8611843175952 326.99916986442986 486.501773888117 English 0
299.25422970976797 503.06363130822444 330.0319040447357 499.02609822633883 331.96951300000364 513.7934750000029 301.19184089249757 517.8309967088685 English 0
306.0876719999942 536.4681160000036 303.5344773916586 523.082894999891 330.2571146497212 517.9866411961113 332.81036322936416 531.3717908075428 English 0
306.8973019999976 557.9391389999882 304.7610702848033 544.453737383895 335.4090719999658 539.5997950000055 337.54537243301456 553.0851112755842 English 0
338.9197976281139 574.0345452328028 309.5357383044757 578.6874089995141 307.60019296030805 566.4664115660936 336.98410099998 561.813559999999 English 0
340.9707510278531 615.612262003071 322.6451451839239 618.5139693404836 319.17446503306564 596.600459829168 337.49989100004314 593.6987669999955 English 0
452.70893279564916 418.33147141036045 453.34595499996794 431.4995080000068 420.81890328845475 433.072718723094 420.18195199998445 419.90474999998804 English 0
277.0663294305268 384.6007746436193 279.01888000000326 371.41722400003295 299.0307563922397 374.38076120466724 297.0782478246838 387.5642741918501 English 0
302.6193390000117 393.598385999997 315.1423724965571 392.2794764747114 316.7294530000072 407.3470129999998 304.2064199719607 408.6659195482837 English 0