58.009450000026845 423.7881730000158 46.60810287517961 357.7367950923884 252.20157499999914 322.2502550000239 263.60442163007974 388.29971309834804 English 0
295.586237000025 379.1017469999674 285.8662139331136 314.80629915223926 394.1600830000243 298.4357769999749 403.8808300250821 362.73033547457203 English 0
405.61613800004125 359.04507200002547 393.4460486128228 290.5933623639977 637.2224560000177 247.2526249999804 649.3940287139412 315.702408616466 English 0
51.78755026499857 427.73808836666433 13.324291000026278 429.90230099999934 9.69009274369455 365.3151548971607 48.1526180000219 363.15096300000005 English 0
27.476163000028464 461.6601530000328 23.263999647824676 432.3227150685407 196.10021199994662 407.5090099999851 200.31305961252656 436.84561711394804 English 0
199.03890800000227 438.39576100001625 193.31058207026217 406.94665940334846 247.90740899996308 397.0032499999703 253.63594352304062 428.4520806100859 English 0
269.9809300000197 424.35551400001714 266.16415553908155 391.4321676690181 342.837772999992 382.5442850000352 346.65487724189006 415.4672491612018 English 0
364.18614599999273 414.17652199999554 358.6837714785361 376.17275482726745 511.908603999982 353.98924300001823 517.4116719153972 391.9921688790626 English 0
514.9031470000045 388.075505999971 512.5764258848358 342.2926053799365 578.0343420000281 338.96623499998753 580.3614472494519 384.74872776736873 English 0
38.5971299999801 503.0723729999929 35.50927663134644 475.557087872156 149.87255200001528 462.72420400003085 152.9608997435571 490.2389197295088 English 0
154.33600600001228 489.31702299998017 150.3059777127055 463.09173814290347 239.22425199998543 449.42944400000243 243.25461442160304 475.654317107329 English 0
313.9604279999912 469.461501999966 308.9660536825977 438.79092095436704 420.28925400001754 420.6650430000124 425.2840853570524 451.33505156580304 English 0
421.6510207948886 421.24536359925577 535.2099009999802 405.8571460000011 539.1934212996421 435.2500966914735 425.6345559016336 450.6382415350315 English 0
303.3615770000324 503.78503899998293 299.3601139410748 475.38301578335336 353.9223810000112 467.6971349999927 357.92407860375533 496.0988755703726 English 0
353.5695510000369 493.30719300001124 351.4661377597804 466.8732386646801 423.39549199998146 461.1503310000018 425.4992136485089 487.5839461840253 English 0
424.67911599997024 488.86548400000896 422.03727038351644 455.86843269868984 473.6220820000017 451.73898899998414 476.26419967084075 484.7357410861921 English 0
75.91930633607262 533.3589356771503 42.83677702085697 537.760324261575 39.154480716897524 510.0870447058694 72.23665600002278 505.6856800000008 English 0
75.90049999998882 532.2924569999713 72.81986626883736 503.70157695354436 133.67642099998193 497.14544199996806 136.75734792414005 525.7359872821922 English 0
131.79883299999346 527.0494310000042 127.74375812950893 496.49458073288343 176.7437400000199 489.9927240000002 180.79905533253623 520.547288501749 English 0
180.7941377379757 309.6277485210067 184.13039736966311 336.75306218433843 148.5499500000151 341.1287670000249 145.21381976170233 314.00357080740986 Manipuri 0
180.44132700000773 335.23795599998556 174.69956647641084 310.88969731961834 253.27955400003702 292.36022300001264 259.02147128821525 316.70825209819503 Manipuri 0
282.5459078692802 318.86301817815354 254.5631780000258 320.075373999999 253.20895655619097 288.8180525049372 281.19148799996765 287.6057010000013 Manipuri 0
281.2180042768159 284.1114948495582 320.20490200004133 277.32325699999416 325.4478154268145 307.4330059845854 286.4609236744582 314.2212209720732 Manipuri 0
322.38121900001715 310.3569730000261 316.378745728216 281.3245412286476 399.16165399998135 264.2099419999946 405.16431880227174 293.24211053584486 Manipuri 0