360 275 412 275 412 316 360 316 English 0
253 261 355 261 355 326 253 326 English 0
179 248 248 248 248 299 179 299 English 0
454.5079626391089 327.7566319140461 461.44393700000364 293.20738299999084 553.0989883463917 311.6060702106416 546.1634525192494 346.154934773685 English 0
216.4203614580765 241.71741257351647 221.5723589999834 210.98119600003076 323.2677351000166 228.02639178949377 318.11604963761056 258.7623308671423 Manipuri 0
320.5741785986902 261.55637274202974 325.8729889999813 227.29671699998056 403.660015305868 239.3270643221432 398.3614864201809 273.58646789066665 Manipuri 0
409 251 461 251 461 281 409 281 English 0
465 259 505 259 505 285 465 285 English 0
54 406 80 406 80 428 54 428 English 0
85 409 101 409 101 428 85 428 English 0
64 426 93 426 93 442 64 442 English 0
117 434 133 434 133 445 117 445 English 0
97 430 112 430 112 445 97 445 English 0
197 319 254 319 254 366 197 366 Manipuri 0
69 303 192 303 192 361 69 361 Manipuri 0
339.2827533450327 501.1161843008209 350.19959327248216 512.964967646661 318.8142851052544 541.8757572785668 307.8975461511436 530.0270718063438 English 0
328.07925255590817 478.3172839906669 343.20154318957066 496.2525745885763 293.5814996334375 538.0818133856646 278.45944275701186 520.1467425039017 English 0
337.49566103586403 448.923081765511 346.58126417780295 457.33046583416154 325.41679571862915 480.1985451924568 316.3312362680881 471.7912063573689 Manipuri 0
321.1673448095098 467.135821987539 328.3639066501928 475.7522847024037 298.301372074784 500.8563802278823 291.10487503698096 492.2399782195986 Manipuri 0