298.41001900000265 199.21595800002265 301.92956603190396 179.25691868213863 360.21046400004707 189.53373100000397 356.691013588279 209.49268476557702 English 0
294.3892318044527 318.73401675986776 330.61816599998565 325.1216340000018 327.8398027789808 340.87852485310646 291.61087180713366 334.4909201527587 English 0
-0.7261847022891743 326.2683716745096 5.202032884408254 292.6536786297616 103.4722744487226 309.98293791102833 97.54450891668967 343.5972251986558 English 0
61.056291665154276 182.27488490281826 56.81166900001699 210.77173600001046 17.21606619816157 204.87402094975414 21.460756000014953 176.37725199996507 English 0
59.05064304337429 212.75666118364472 73.96729022315412 172.95232711101738 110.59622499997204 186.67863200003268 95.67971498028783 226.48284940371767 English 0
329.1830530000152 337.86604600002454 332.9260310802056 322.24040425033166 367.8198120000161 330.5981660000207 364.07691457548935 346.2237379419164 English 0
360.5011650000961 344.471396000001 363.0815122290369 328.6810544116745 446.9486060000054 342.3844640000318 444.3684511804895 358.17463497087556 English 0
92.39923422755965 527.5409934574675 88.15287953249936 547.0651409066586 35.49241895940213 535.6139396125575 39.73892199996044 516.090000000012 Manipuri 0
16.62677663291106 509.12629256927295 12.627785992299323 524.5489962112413 -3.999023266660515 520.2385939314885 0 504.8159410000076 Manipuri 0
7.84550457727164 261.3483349639423 71.02066481224028 270.26678918801395 66.8430864786933 299.85755039760824 3.6679320000257576 290.9391240000011 Manipuri 0
80.57708394597284 352.15749463543517 77.32669341261499 368.2506104372237 46.88214499998139 362.10209699997563 50.132584541643155 346.0090474692762 English 0
102.41358238214161 360.34038618138754 96.1344381323579 378.55180921553597 74.69945628370624 371.1618900318131 80.97862800001167 352.9505230000214 English 0
64.20081961849064 537.9961426055056 59.282769999990705 552.7518409999847 39.19830429709691 546.0591233932025 44.11638600002334 531.3034880000332 English 0
63.91184335923754 538.387623322465 78.92466299999796 539.6073699999973 77.38434906270413 558.5615677243733 62.371529988304246 557.3418257770916 English 0
348.029061000052 186.30269999997395 350.7410609516228 172.32483420809763 392.37968999994337 180.40337100000957 389.66773611515237 194.38119630860882 English 0
88.56123800025671 168.71268700002915 91.27835989391315 157.07141500648498 129.2369208789023 165.93089625551468 126.51983165895217 177.57213986581866 English 0
39.73712000006344 233.7559539999768 43.186889621574664 220.5596880421516 86.6206670000247 231.91365300000274 83.17095707272529 245.10986758620305 English 0
320.8050876818743 200.27648820936486 335.30549750495993 204.38609231510776 330.62758459098404 220.8911925846613 316.1271769999439 216.7815939999931 English 0
330.42716299998574 218.5809860000054 331.49127790660714 208.03639379037418 351.9534350000322 210.10126899999483 350.88933885883307 220.64584393216853 English 0
356.1237650000112 220.22366600001726 358.09961380262394 209.01868284203178 385.92744399997173 213.9255599999963 383.95162408749457 225.1305176267453 English 0