177.9953644683701 190.592352009904 211.1492467746575 197.38916307369837 192.9213070615515 286.2989332701093 159.7674410000036 279.5021769999985 English 0
240.9267954392999 303.5306090387286 262.6966320000065 227.7669030000203 452.48835962433077 282.2973126430339 430.7204324770282 358.05938245041835 English 0
331.65694044357224 191.96859250484908 365.7818309999857 195.49566800000105 361.01684591667436 241.59594540018765 326.89195714927337 238.06888304259573 Manipuri 0
361.3237693634437 200.01954720652665 389.2671519999567 205.6951549999983 380.5202794871002 248.7580879979416 352.5769030000083 243.08250100000112 Manipuri 0
376.50701347200084 249.84277441310897 390.9680920000392 211.36437099998136 466.71928902746004 239.83214239238924 452.25854470620106 278.3102626062684 Manipuri 0
574.8637306125602 280.1835876920417 564.6231000000262 310.14616700002404 489.5108817779692 284.47542606783367 499.75163499999326 254.51309799999723 Manipuri 0
555.0059149791196 237.29104077046975 598.6784590806928 254.1340185559472 588.9200220000203 279.43561200000573 545.2475009804039 262.59267803489115 English 0
644.9082547535363 347.48150098433933 626.2688750000234 411.7067370000344 496.84306264985935 374.14698003414827 515.4831269999704 309.9228999999871 English 0
379.19995629927143 360.92900829682156 369.4558369999868 402.3504679999762 253.97695449530147 375.1863758328701 263.7215339999966 333.76558500001096 English 0
585.0340215174947 409.8337399363118 574.6932039999956 451.05631599996855 512.6194325600227 435.48650087294095 522.9605230000016 394.2643379999884 English 0
416.9273715883901 419.58890056181394 362.2140955468785 408.27661084993457 372.593678508274 358.08230511177385 427.30617499997607 369.3945119999963 English 0