122.17208100002608 338.91682899998045 120.67708372684137 326.74144600217653 154.41246399997908 322.59942000001473 155.9075047767692 334.77475207749626 Manipuri 0
193.24227162724128 317.29418997963467 195.07976059911016 329.40604883188206 157.1630500000174 335.1578159999722 155.32562399333983 323.04601347071343 Manipuri 0
326.62360043643275 288.02084871072844 354.40565199998673 284.6098800000036 358.17549097846495 315.3128885259217 330.3934415866388 318.72384540128405 English 0
132.5756420000107 390.83595100002594 126.45347507081169 345.9295420540302 365.5863169999793 313.328026999987 371.70967085614393 358.23301470443056 English 0
387.3818900735205 356.31514435750387 394.5398812316853 405.58550105383114 109.78776614130766 446.9423384092266 102.63213097758126 397.674095019068 English 0
43.987736124472576 341.4989213446414 47.08915499999421 357.2706079999657 17.54346996975073 363.07998146666705 14.442121999964002 347.3083569999844 Manipuri 0
47.219149000011384 358.32932399997253 44.314988741462 341.0598782123275 94.02813100001367 332.7003769999998 96.93237964784203 349.9697109219419 Manipuri 0
23.33694499997364 393.50200499999914 65.91954979710863 388.87327048440284 72.14539059197705 446.14143903878255 29.562792734141112 450.7701318986507 English 0
133.19787362765055 261.26025096283803 134.73091790168837 276.16781635966686 51.47679900001094 284.72850499998884 49.94389239662269 269.8210662946865 English 0
192.46394325622532 255.05835578129833 193.29430023310124 270.6906517929785 137.139188000001 273.6731470000045 136.30892163368117 258.04093736828474 English 0
130.26210822135909 273.4427004802724 131.48850213714468 282.40805355392564 91.7434730000241 287.84445799999895 90.51712070489884 278.8791424434456 English 0
147.45822111719463 272.4060882356161 148.6282610276976 281.93453721753326 128.78386900003534 284.37114499998046 127.61385078578314 274.84271572978645 English 0
165.4480894619337 271.27188426718385 165.82296712142124 281.9310960578339 147.42514078279783 282.57807059914524 147.0502839999972 271.91887900000415 English 0
163.0460630000016 281.2389539999724 162.8877973248018 269.04626126083195 192.25042513018707 268.665120961318 192.40872694797872 280.8577770123165 English 0
0 149.545388 5.871794 149.545388 5.871794 178.305051 0 178.305051 English 0