8.095713000002434 341.8104720000079 1.8692980170453666 312.84917363424756 38.78556900002877 304.913108999997 45.0120783442253 333.87427569880265 Manipuri 0
89.21971199997643 338.2762719999739 79.21916583756683 289.54565246043677 150.34994561690837 274.94905127853366 160.35078800872725 323.67926559406584 English 0
160.88806799998565 319.8988410000133 152.48964618804166 264.5016313353656 304.91294200000993 241.39427299996618 313.3120900053473 296.7905842229978 English 0
183.74477272140211 262.6984303516581 158.7811048122967 265.64846764876245 155.8359174268844 240.72654334043085 180.79946899997594 237.7765130000006 Manipuri 0
190.1166430000012 256.37187699998736 187.12968476582319 235.27396344985294 225.53949499997543 229.83626400000585 228.52651458335458 250.9341034221622 Manipuri 0
202.56920439278474 325.5381644860384 205.19188401667634 336.8792741300351 163.9449169999716 346.4168690000105 161.3223065272905 335.07581926656314 English 0
221.38124934856023 319.4111414503326 225.06654305740085 331.78447355735125 205.41939700000512 337.63569900002153 201.73413957163575 325.26239785817506 English 0
247.6544992512936 328.2666973899987 222.79403118300252 333.79043719463255 219.86951693252195 320.62905081412214 244.72990700000082 315.1053200000056 English 0
10.241179000004195 406.8860000000023 4.655090817614109 375.0746819427485 64.205271000028 364.6186940000177 69.7915737141011 396.4297338913295 English 0
3.086117999991984 375.3081899999643 -1.2820378535980126 342.1497887650619 24.670417090528645 338.73124916892976 29.038670084628393 371.8895350051271 English 0
373.25435200000356 306.11801500001525 371.17905991806765 294.175947481888 393.7900549999904 290.2468559999722 395.8653708451311 302.18889309417256 Manipuri 0
394.6825173764955 287.0906420048925 414.2348399999901 284.5401309999989 416.21959612610226 299.7543967312702 396.6672743418894 302.30490346397903 Manipuri 0
416.39880800001265 298.28934000001686 413.59141177767015 282.90607501371744 465.1711280000018 273.4934190000084 467.9785901071591 288.876598030226 Manipuri 0
378.80849222667166 328.26571131201916 362.41402499996184 328.7961070000003 361.7210848545801 307.37775834187636 378.1154690000403 306.84736399999974 English 0
379.68350027731503 303.7087621442407 394.321248999986 303.57560300000006 394.52863830170827 326.37157621537057 379.8908895841305 326.504735003783 English 0
396.89445399999386 323.1771859999925 392.53956979198847 304.0041173789211 470.0631946523208 286.3967138874948 474.4181993627717 305.5696096482102 English 0
572.3894163675868 45.72607132713316 575.8806433715654 60.789647104064166 548.2368249999854 67.19651999998624 544.7456083209545 52.132953141078886 Manipuri 0
628.5321820824902 149.26189417908435 635.2034284664114 174.08138231860877 592.9812300000049 185.42998600002738 586.310062343473 160.61056555034037 English 0
611.3221081455413 241.35343244013285 615.3255600872217 250.61534235504408 593.1904364181537 260.18274611724183 589.1870089999429 250.9208570000157 English 0
613.6989729999914 252.4146279999869 609.5815604877862 241.13278821400462 631.9797900000412 232.9586950000106 636.0972134036274 244.24051047430828 English 0