382 308 447 308 447 341 382 341 English 0
455 302 511 302 511 334 455 334 English 0
522 299 591 299 591 335 522 335 English 0
448 263 517 263 517 296 448 296 Manipuri 0
521 260 585 260 585 287 521 287 Manipuri 0
166 295 355 295 355 355 166 355 English 0
166 364 183 364 183 386 166 386 English 0
204 363 220 363 220 382 204 382 English 0
240 360 256 360 256 379 240 379 English 0
276 358 292 358 292 376 276 376 English 0
307 357 324 357 324 374 307 374 English 0
341 353 353 353 353 371 341 371 English 0