296.3053349999973 199.61115100001325 299.47600375977345 179.59372615593497 357.927389999968 188.85183199998082 354.7568172799947 208.86917110572074 English 0
294.37104734170134 319.181130244576 330.7059339999978 324.9355420000053 328.202988748817 340.7385249550745 291.86810470651835 334.98412450206393 English 0
-0.619404906683485 331.85671072187694 4.7212341074919095 298.14366914650327 103.33039749755699 313.7634073210355 97.99021483646357 347.47603561547385 English 0
58.692084720823914 186.81504678014045 54.94545800000196 215.38164199999062 15.252964144819998 210.1758657821317 18.99966199998744 181.60935500003345 English 0
57.21872972615529 217.3271889036381 71.43842859113647 177.26858353379276 108.30133900002693 190.35353699997913 94.0817808641441 230.4120225511791 English 0
329.4934600000124 337.7030579999856 332.9631419840007 322.0144686595443 367.99749199999496 329.7619810000277 364.52789042537916 345.45050035824596 English 0
360.9220820001792 343.76082599999614 363.2264315911016 327.9278572710382 447.31993400004285 340.1654960000034 445.0157748536003 355.998294409504 English 0
96.0559898471547 531.4815593548776 92.15108065487584 551.0768592687377 39.2987845652533 540.5464545804186 43.20384999999078 520.9513650000124 Manipuri 0
19.973698270623572 514.3920517235341 16.244521162225283 529.8822377450964 -3.729218627922819 525.0745735189141 0 509.58444900000825 Manipuri 0
6.869436201304779 266.8051154204913 70.19061532853812 274.61969827698834 66.53010363392241 304.27886404446787 3.2089289999566972 296.46430599999593 Manipuri 0
81.17477581647108 356.3311015932958 78.20576349491603 372.478497457719 47.65852500000619 366.86224799998354 50.627589005889604 350.7149194638044 English 0
103.15075900856755 364.1316476259772 97.19041836753604 382.4498893425749 75.6297273371456 375.4351867616137 81.59009800001513 357.11700200001087 English 0
68.04430670868896 542.4272428897068 63.38455899996916 557.2665340000344 43.18637644937553 550.9253652106536 47.846159000037005 536.0861379999704 English 0
67.7622408719617 542.8236609190233 82.79405700006464 543.7812670000021 81.58477242213849 562.7594711964553 66.55295664459118 561.8018688584546 English 0
345.6914520000282 185.83388799996456 348.1590851652436 171.81081959756196 389.9323700000241 179.16143199996424 387.46478249428037 193.18445997763976 English 0
85.95616000013251 172.7748919999891 88.46970021921152 161.08797008588834 126.57709656145016 169.2836364216211 124.06358967316919 180.97052921294878 English 0
38.27463899979193 238.66035099999317 41.493576028515236 225.4058841316706 85.11889300003531 236.00009999999435 81.90001679613488 249.25451427614678 English 0
318.7155020638602 200.2806724289967 333.28542364215537 204.13659026872932 328.89627761309384 220.720817661347 314.32635799996206 216.86490499999428 English 0
328.65556900003867 218.41445399997002 329.5354861733358 207.85289728833132 350.0305710000248 209.56034299999715 349.1506723704515 220.12188243515797 English 0
354.37692600004084 219.60841599997582 356.1569128127303 208.37065612013254 384.0661489999911 212.79112400003362 382.2861908105551 224.0288583788203 English 0