132.29402799996024 94.4422719999923 118.28257387205667 70.84323039537884 180.85547658003634 33.69193248740875 194.8669305241492 57.29093408195958 English 0
210.12655465652642 33.682563734999334 237.46756400003505 35.15950300000092 235.42037927050842 73.05679214874394 208.0793700000504 71.57985400000176 English 0
251.55799991436652 253.1891660262687 194.2978644190589 260.342698772268 189.11265072652895 218.83796641568347 246.37237000002642 211.6844599999991 English 0
221.1881405688473 317.70124447597937 183.8038246522774 319.8815962442061 182.7700317320705 302.1561373047603 220.15419500006828 299.9757899999985 English 0
236.11168229639588 267.3551918795665 195.97579499997664 268.4711359999999 195.55406791725545 253.30200251920127 235.68983740922704 252.18606003700572 English 0
238.83963200001745 267.0523809999937 237.36235629257862 249.3401261303669 273.29288499997347 246.34348400000238 274.77021595143015 264.05567792644456 English 0
220.1946108174161 300.97948648434186 250.17157999995106 298.0146790000023 252.0149069686886 316.6511408972109 222.03793874097755 319.61594200517703 English 0
250.67029199999524 318.4609570000325 249.82168496593658 298.0290421640591 283.6123210000369 296.62567400001734 284.46100360633864 317.057509755722 English 0
341.8938748333312 255.69809141208904 345.2582493544469 276.9862034539819 310.42406034321175 282.4910019663603 307.059769999978 261.20296499998614 English 0
343.9038360000268 277.2709020000328 341.72862907995295 254.3859132604929 389.7018879999814 249.8262539999644 391.8771913667297 272.7111344341496 English 0
408.62794000000576 270.7146749999704 407.23850052061607 240.60502082340463 463.73125199999777 237.99816699999303 465.1208448221587 268.10765925447464 English 0
317.8885517422168 47.8022478998112 292.3865130000195 46.80787199999983 293.6364198364754 14.752715489916126 319.13843900001666 15.747091000001099 English 0
332.34849000000395 295.51467499996807 330.2206806365575 279.95649401108466 392.4948030000087 271.4399530000025 394.62269852017926 286.9980306260742 English 0
440.6395216753299 266.6325848693301 442.8664558696619 283.9396087168848 399.0026729999954 289.583190999978 396.77582612464903 272.2762461133674 English 0
313.57377899999847 309.19134899999926 313.01454518790706 296.07868505389195 335.11627699997916 295.1361349999699 335.6755419401452 308.2487663218879 English 0
357.7321505384316 290.5617734284108 359.0217885162565 307.0418178540924 334.9767386230815 308.92327013311126 333.68714800002635 292.443269999964 English 0
388.0683477956336 288.48643142030323 388.6061104472901 304.16513043262484 357.74890900000173 305.22334800001727 357.21120150941715 289.5447023400146 English 0
415.68087699997704 300.9291259999952 415.34592013784277 282.78821695473505 455.14138899998215 282.0534289999742 455.4764226450061 300.19425963347055 English 0
256.22053447652434 225.01332074113563 257.230788185916 210.40307406164925 289.58407400001306 212.64010500000546 288.5738612987916 227.25031298369493 Manipuri 0
345.4172980000294 255.88289099998403 343.94993265887024 244.68130302443555 428.83412174822297 233.5620184376202 430.3015606439294 244.76351865120537 Manipuri 0
126.02343500002462 292.55553699999945 140.76134617629577 291.0483148788484 142.05348508708994 303.68227718095915 127.31557423481718 305.18949718051994 English 0
161.54990259106853 288.6578115868019 162.45730607428413 301.50309799657884 141.18005644377263 303.00600428799373 140.2726850000181 290.1607480000147 English 0
181.30532125353056 301.2122647742923 161.7034334300115 300.71058466326946 162.07820300893218 286.069608694867 181.68002800004615 286.5712880000009 English 0
103.35266299996874 305.50443400000466 102.09662525820022 294.75289980464925 122.49149700000999 292.3704359999739 123.74755591881694 303.12194562173 English 0
493.14073599998665 148.4342040000244 490.17613741743844 124.4170028567633 577.7972659999796 113.60136100001199 580.7619529022486 137.61845795532042 Manipuri 0
592.9599969999981 133.2453679999938 591.4428395277355 107.26554366825852 640 104.4299309999715 641.5172098024777 130.40969924284025 Manipuri 0
546.8609270000161 166.4337679999648 545.1820544833754 152.8083097544083 578.4095669999806 148.71420799997685 580.0884623626189 162.3396395676144 Manipuri 0
587.5126569999702 162.2811140000056 585.9607068773039 146.26171058116782 617.5260775046627 143.2037157365486 619.0780532830831 159.22309020963974 Manipuri 0
486.1315689999901 194.14308699998625 486.0561840783339 180.5939878426946 505.29776900002616 180.48692999999957 505.37317199217796 194.0360109762474 Manipuri 0
532.1820790490892 191.8441485863367 503.5235974639363 193.10825570877586 502.80599642421294 176.83925070695415 531.4644140000746 175.5751449999987 Manipuri 0
533.9018870000291 175.17929499999934 548.7687022382306 174.78609151801592 549.1431318656396 188.9427359042054 534.2763166430814 189.3359390094409 Manipuri 0
576.4498780138092 171.1259616094117 578.0507494132326 182.83062112106478 548.1426169999759 186.92108099998478 546.5417716856609 175.21644502105997 Manipuri 0
604.1551112363231 166.81840998578286 606.2622253332665 179.56500413765878 577.7231990000291 184.28258599997622 575.616111978452 171.53601592214554 Manipuri 0
607.0217540000158 179.5349369999762 606.7850862343039 161.88422450672763 640 161.43885099998553 640.2367044218408 179.08952686511265 Manipuri 0
481.53346500002954 314.3285889999682 482.9971646579361 294.1137335872978 548.5891899999842 298.86257100000324 547.1256517477741 319.07727476893456 Manipuri 0
554.2088109999895 322.7187839999747 554.7320514271269 297.3551120057946 620.730498999983 298.71638600000034 620.2074559345056 324.0798641152868 Manipuri 0
276.25453696578916 363.12911996683454 258.3251505784574 363.53211578811045 257.8833091344859 343.87420578205047 275.81260300001304 343.47121100000015 English 0
188.63025700004073 302.90513299999 187.59480100990913 292.4704428924494 222.72776199999498 288.98430500000853 223.76325391873252 299.418954542431 Manipuri 0
241.56291997067456 285.38992366210874 243.20222472058958 298.8042839687529 222.07783799996832 301.3855880000208 220.43856750919076 287.9712588501597 Manipuri 0
281.79315185334417 285.5346754813186 281.5136402196367 299.93457670547093 241.8376754852943 299.16437116208067 242.11724799999502 284.7645320000235 Manipuri 0
219.68617882797844 318.93143976718915 219.70803372118098 329.50589711551964 195.67679819650948 329.5555106993768 195.65497399999003 318.9810839999731 English 0
218.09174000001804 330.62881199999606 218.0227881612518 318.2314471856925 241.32068400002026 318.1018629999724 241.3896704949002 330.49919297312016 English 0
242.17304999998305 329.92738499999746 242.2355080316629 316.8236977728051 269.70809418868157 316.9546092064187 269.6456796609709 330.05825317235315 English 0