382 312 446 312 446 343 382 343 English 0
456 309 511 309 511 339 456 339 English 0
523 308 591 308 591 341 523 341 English 0
450 270 518 270 518 301 450 301 Manipuri 0
523 269 586 269 586 294 523 294 Manipuri 0
167 296 355 296 355 350 167 350 English 0
164 360 181 360 181 381 164 381 English 0
202 360 218 360 218 378 202 378 English 0
239 358 254 358 254 376 239 376 English 0
274 357 290 357 290 375 274 375 English 0
306 357 322 357 322 373 306 373 English 0
340 353 351 353 351 371 340 371 English 0