0 59 180 59 180 180 0 180 English 0
163 180 197 180 197 201 163 201 English 0
199 178 252 178 252 203 199 203 English 0
0 264 66 264 66 329 0 329 English 0
132 244 258 244 258 322 132 322 Manipuri 0
166 351 203 351 203 375 166 375 English 0
207 342 269 342 269 372 207 372 English 0
360 172 463 172 463 213 360 213 English 0
325 206 418 206 418 250 325 250 English 0
392 154 439 154 439 177 392 177 Manipuri 0
329 149 393 149 393 178 329 178 Manipuri 0
512 189 563 189 563 214 512 214 English 0
480 188 507 188 507 215 480 215 English 0
478 171 499 171 499 190 478 190 English 0
488 264 505 264 505 280 488 280 English 0
544 262 565 262 565 280 544 280 English 0
511 262 544 262 544 281 511 281 English 0
258.3088449999923 469.2143880000287 237.5897739987704 434.24492605939685 289.971074999994 403.2139449999965 310.69013386812003 438.1830607823738 English 0
592 96 618 96 618 113 592 113 English 0
570 0 610 0 610 21 570 21 English 0
516 169 542 169 542 187 516 187 Manipuri 0
544 168 560 168 560 185 544 185 Manipuri 0
336 11 362 11 362 28 336 28 English 0
340.98855500000354 7.221309000011043 342.3456279467064 -3.3043175124802566 371.692679082189 0.4794085730668558 370.3356066744891 11.00503452485925 English 0
333.7100900787482 11.42042980857072 333.4668361880176 24.364422492318187 305.42243900003086 23.837386000015933 305.665695187854 10.8933955842144 English 0
270.43801200001326 21.50469199998652 270.1281628073775 9.761033272181784 302.84670087821723 8.897772764710771 303.15655219499604 20.641429389733975 English 0
319 177 357 177 357 209 319 209 English 0
367 273 389 273 389 288 367 288 English 0
325 274 351 274 351 289 325 289 English 0
296 277 312 277 312 289 296 289 English 0
407 276 433 276 433 289 407 289 English 0
405 252 426 252 426 267 405 267 English 0
328 257 353 257 353 268 328 268 English 0
448 273 465 273 465 284 448 284 English 0
442 253 465 253 465 265 442 265 English 0
525 287 545 287 545 297 525 297 English 0
620.7418799999868 359.0828130000268 616.479222599155 348.69244321805894 633.5039659999893 341.70866200002655 637.7666323509038 352.09900685942023 English 0
601.6035969999939 366.8203150000245 597.4984672941355 357.0410725765711 618.7323699999979 348.12834200003243 622.837509879464 357.90755447934214 English 0
599.2887540649826 357.0430985643574 602.8474877306144 366.6227530199226 588.6226319999696 371.9065779999694 585.0639215599222 362.32694322672666 English 0
618.9188507614745 333.14273129413544 633.2294560000446 326.8499159999882 636.7184868611366 334.78373736217605 622.4078856638516 341.07654587884014 English 0