546 230 639 230 639 263 546 263 English 0
570 269 612 269 612 280 570 280 English 0
620 267 639 267 639 278 620 278 English 0
582 207 617 207 617 228 582 228 English 0
565 184 629 184 629 204 565 204 Manipuri 0
554 101 586 101 586 116 554 116 English 0
599 99 637 99 637 114 599 114 English 0
446 232 524 232 524 277 446 277 English 0
359 242 440 242 440 281 359 281 English 0
425 329 479 329 479 341 425 341 English 0
483 323 507 323 507 338 483 338 English 0
615.1807764262048 65.98125667326173 617.0990902559424 94.64201511448951 512.2928644511558 101.65662283323715 510.3746500000125 72.9959579999646 English 0
505 32 514 32 514 41 505 41 Manipuri 0
517 31 525 31 525 41 517 41 Manipuri 0
534 27 557 27 557 39 534 39 Manipuri 0
611 25 636 25 636 62 611 62 English 0
429 216 456 216 456 228 429 228 Manipuri 0
460 212 480 212 480 225 460 225 Manipuri 0
483 208 520 208 520 223 483 223 Manipuri 0
525.3634724164294 278.3385604615 527.2977335564792 309.53050128886105 400.1862117544806 317.41122045977295 398.2524149582605 286.21971750308694 English 0
371 217 403 217 403 241 371 241 English 0
268 319 300 319 300 331 268 331 English 0
236 323 264 323 264 334 236 334 English 0
178 327 232 327 232 341 178 341 English 0
253 294 300 294 300 318 253 318 English 0
269 259 332 259 332 286 269 286 English 0
246.78122113531572 297.07017872303106 249.01058851020935 316.83745795488414 171.62814100003743 325.56363599997303 169.39896849515208 305.7965349014167 English 0
140.8584780000092 301.138628999984 138.406768404966 276.28052316603953 241.66836000003968 266.0961949999778 244.12031087180367 290.95402853556425 English 0
137.38832499999262 269.02581900001655 133.84889352724713 235.96026816645318 222.27233500001603 226.49537900001627 225.81200356689806 259.56065746418597 Manipuri 0
234.48808300003293 259.56494300002737 231.5724280005088 224.34466804448104 328.5041959999944 216.32039599997952 331.4201260574191 251.54036657719672 Manipuri 0
301 84 310 84 310 97 301 97 English 0
275 86 298 86 298 99 275 99 English 0
312 82 343 82 343 97 312 97 English 0
280 121 298 121 298 127 280 127 English 0
300 119 311 119 311 125 300 125 English 0
313 118 322 118 322 124 313 124 English 0
324 117 336 117 336 124 324 124 English 0
288 129 306 129 306 135 288 135 English 0
309 127 332 127 332 134 309 134 English 0
302 100 325 100 325 110 302 110 English 0
327 98 352 98 352 107 327 107 English 0
276 103 302 103 302 112 276 112 English 0
268 148 304 148 304 157 268 157 English 0
306 145 330 145 330 154 306 154 English 0
333 142 371 142 371 151 333 151 English 0
247 151 256 151 256 158 247 158 English 0
257 150 263 150 263 159 257 159 English 0
254 123 265 123 265 127 254 127 English 0
54 99 89 99 89 111 54 111 Manipuri 0
10 236 83 236 83 254 10 254 English 0
10 171 80 171 80 233 10 233 English 0
3 415 73 415 73 432 3 432 English 0
12 366 67 366 67 413 12 413 English 0