65.19335700002557 264.25303799998113 60.53380763223686 210.98325484486332 283.91229783926974 191.44329528455756 288.5727596336801 244.71205469241798 English 0
303.83764758160396 246.8229373416597 298.6703029999626 194.81691400001068 483.025151942129 176.49894179465173 488.19316817753133 228.50420292740648 English 0
0 272.5203439999741 -7.013799629639834 214.63228761049436 39.17255416410626 209.03653363275083 46.18656066057156 266.9243497300966 English 0
152.52822926944646 163.68334382068198 155.32912199996645 198.80496199999334 65.69286262332753 205.95273569604117 62.892201800932526 170.83133364289083 Manipuri 0
289.0208483931201 161.70318583043195 290.2109128050506 191.95720150696565 159.93237199996656 197.08086800000103 158.74257810268318 166.82709973097204 Manipuri 0
396.90350018136087 150.89851075424858 399.7442130000127 179.5347520000229 294.3837216657994 189.98582860253157 291.54321699999855 161.34977900000393 Manipuri 0
494.1353434793564 150.11112276923387 495.4135649985983 175.93616515030283 400.7756971750496 180.61986271569407 399.49763299999177 154.7949709999668 Manipuri 0
499.52637920308916 144.51317568667315 577.2299333050614 139.94694358307493 578.7740299999859 166.22239600000012 501.07047658704687 170.7886211430437 Manipuri 0
573.9433092903346 174.5221183231552 578.9205930000026 218.98211899998245 500.75882584176725 227.7316758615078 495.7818280000356 183.2719370000079 English 0
338.5786401387304 285.20876934005037 341.8280500000401 319.0865659999879 169.90895862756588 335.57308579589187 166.66027899991604 301.69596399999887 English 0
168.7395421257679 288.477952860053 128.8922074077709 292.9108600392451 125.8245403390174 265.33612356828763 165.67165000000386 260.90322899999813 English 0
172.05568600002152 289.08904600003336 169.72690492701076 264.4358695805024 244.32193300002837 257.389699000032 246.65088146670314 282.0426872023052 English 0
314.55764735714183 257.212599130842 315.47925760743965 281.0257007818557 249.61711500000092 283.5742439999923 248.6956681994343 259.7612998289595 English 0
398.99938299720816 243.19051901479824 401.1381230485131 271.70484194592206 318.97550731300726 277.8667631370578 316.8370100000175 249.3526680000292 English 0
407.8090180000436 265.6504200000295 405.12141117142164 238.97536931704775 459.2708316453354 233.51979901508415 461.9585576652753 260.19471502108934 English 0
487.2016312890628 267.4183206845377 464.58300980419153 267.2099011393369 464.9309475946211 229.46078417648113 487.5494120000076 229.66920300000004 English 0
543.2817336235166 258.45963948928704 486.33968234869826 257.9349443156022 486.6380145280709 225.57855735571542 543.5797340000136 226.10325100000028 English 0
427.0620569550374 270.48370002289363 432.55573000002187 309.5670700000319 344.8063217823801 321.8999341376104 339.31307200000447 282.8169439999801 English 0
535.2166384181328 261.97205273743293 538.4789180000371 298.9891349999814 431.4513674542832 308.41997890348387 428.1895419999637 271.40331899997216 English 0
298.268517107208 329.58660196287633 300.69507099993643 353.95046300001957 141.21789002689184 369.8304919840828 138.79188699989754 345.4671389999709 English 0
305.7933690000209 350.00249600001655 303.56295493525977 322.5468246585574 376.2240514930454 316.6443511847027 378.4546911327925 344.0997735053038 English 0
469.35168710479047 304.40930094749655 473.14207800001896 334.0232150000114 386.30445979688375 345.13637188859514 382.5144139999611 315.52276999996775 English 0
154.5270950000122 474.66792800002855 146.1423251854285 411.2150974714883 274.5858777777903 394.2440170158997 282.97176523614326 457.6955163660888 English 0
540.6723479209904 366.5758238621511 547.7797670000291 422.63131700000633 310.7100994775101 452.6809423864287 303.6049290000665 396.6274859999796 English 0
348.9720783221128 373.05963033826583 351.8730450000294 396.30674100003324 280.87579502971494 405.1648561278645 277.97509300005913 381.91798500000175 Manipuri 0
408.79953246381774 360.277056849527 413.4967119999783 386.56895000003436 355.47386805614224 396.93354882631695 350.7769348703732 370.6418727913059 Manipuri 0