258 215 277 215 277 236 258 236 Manipuri 0
307 220 330 220 330 241 307 241 Manipuri 0
279 216 305 216 305 242 279 242 Manipuri 0
296.16576291220554 362.9634919172181 296.0583100000076 342.4078629999926 344.79507936506707 342.1530256680078 344.90266303764656 362.7085232511364 Manipuri 0
353.9145083512267 347.34645928347686 392.97301977807365 347.2403424268183 393.0136130000028 362.18013799999994 353.9551015744655 362.2862546475069 Manipuri 0
413.4268025739584 362.3632619816955 402.77877369000635 362.3757769275585 402.76579436147586 351.3203449274996 413.4137919999921 351.3078300000001 Manipuri 0
345.4523471732682 447.5064754699309 346.13090126164025 463.6362940051156 298.01146101213817 465.66001769049393 297.33304399996996 449.5303310000315 English 0
390.6574811837345 447.03637732743914 390.4402334585757 463.2724326089915 348.21503300001496 462.70731600003245 348.4323950979888 446.4713767125858 English 0
538.7891671791294 229.46567029922818 537.3935788098606 241.73022673281645 491.70555030381365 236.53147140085173 493.10118100002 224.26696399996456 Manipuri 0
550.5616075192665 243.53981872982217 550.4339949999849 229.0493809999927 595.0467163382564 228.65644832906585 595.174385156497 243.14682925970075 Manipuri 0
624.7423590930703 231.8959313992263 624.8071060000075 247.2770010000031 600.7663798301655 247.37815368905504 600.7016660000227 231.99711700000654 Manipuri 0
427.82569252623944 253.0266986192516 428.527963000015 237.0308620000151 490.07725312461844 239.7328360953178 489.3750766509038 255.728582316284 English 0
491.38547350201407 255.12016461437196 492.1525770000153 240.9844350000317 529.7128912060725 243.02258814657375 528.945839415901 257.15826847916094 English 0
501.99440501965 258.72190579008947 502.09461700003885 273.8436479999871 476.95469408827194 274.0101925298139 476.85451999997895 258.8884879999833 English 0
521.0799969726213 284.1529294885585 520.6256253664469 294.696623866127 466.4354609021393 292.36130012528236 466.889891000028 281.8176670000081 English 0
509.44134099998337 259.35017900000247 523.7243003615004 256.06328521217074 528.1082479999895 275.1124250000039 513.8252907808783 278.39931239925545 English 0
529.7902445616637 275.4698298829505 530.6684429999586 261.0038110000203 549.706365484235 262.15949372746445 548.8281961484608 276.62548502756573 English 0
591.338307891856 247.195966164459 590.5879422472208 261.32098559164865 528.7127078504273 258.0339113525839 529.4631510000181 243.90897399999358 English 0
551.2789133912884 277.2222314711036 551.9438529999752 262.0429409999754 589.1763985384023 263.67381320283175 588.511518158848 278.853046693501 English 0
587.4455808570929 261.3943180654827 588.6450798855367 247.52497311911276 631.9858256771113 251.27308285557288 630.7863884963444 265.1423703288086 English 0
640.5634837198158 290.0827522929608 639.949351440082 301.6786634386975 582.3924757701025 298.6304077993446 583.0066770000121 287.0345710000007 English 0
549.0663788171514 297.3594007030546 549.2355608686921 285.665932385286 579.7513906283712 286.1073836344158 579.5822478557238 297.80081310723494 English 0
560.9641660000489 346.0538509999942 576.8587907012989 342.41757738478407 585.0566708404949 378.24817275570666 569.1620521315781 381.8844283344192 English 0
579.4730541361059 378.40325984879723 579.5983210000122 348.3987529999763 625.1020046260237 348.5886725413598 624.9769234333507 378.59299392667396 English 0
640.0000723907579 406.041695 613.5797030057438 406.041695 613.5797920000186 385.181083 639.9999992863741 385.181083 English 0
620.5827422050061 380.6661109479458 619.8141020000185 351.0588119999874 639.8236553667084 350.5394045636832 640.5923740928847 380.1466228213078 English 0
248.16862212021078 446.0434558228385 245.7423469999776 362.6099300000112 400.26006775398855 358.11626552962304 402.6882152370672 441.54785049095466 English 0
204 472 223 472 223 486 204 486 English 0
21 500 82 500 82 527 21 527 English 0
24 450 82 450 82 494 24 494 English 0