177 179 463 179 463 303 177 303 English 0
467.34544217652 68.1957039273136 473.0577339089359 95.26656758355158 377.0766520000325 115.51946000000706 371.36446430682554 88.44868746122759 English 0
561.684467849991 45.37170560301532 567.0519195294764 76.77472064114345 476.51446299998497 92.2493279999663 471.14709389010386 60.84638552907669 English 0
58 151 108 151 108 180 58 180 Manipuri 0
78 460 387 460 387 561 78 561 English 0
428 410 610 410 610 524 428 524 Manipuri 0
502 547 569 547 569 576 502 576 English 0
572 545 637 545 637 573 572 573 English 0
0 268 51 268 51 322 0 322 Manipuri 0
102 212 136 212 136 229 102 229 Manipuri 0
76 218 102 218 102 234 76 234 Manipuri 0
89 198 111 198 111 213 89 213 Manipuri 0