137 392 166 392 166 441 137 441 Manipuri 0
261.6665625603491 361.25762059544184 274.8126527995191 397.58760116861697 175.53155531233642 433.5074255881429 162.3861324830068 397.1780105737644 Manipuri 0
332.12771507802245 330.24448999318724 346.5499700521468 362.91515634033493 272.8809351148084 395.43210323420766 258.45909731542633 362.7617908033105 Manipuri 0
119 460 153 460 153 512 119 512 English 0
160.45637399998668 501.5889210000284 143.0209588957223 460.75399369591685 248.50141050337697 415.7232956026719 265.9370855538873 456.5574231317964 English 0
354.462412803332 372.56641602379204 374.5369532737095 416.6091270835951 260.90294013127277 468.3949210274463 240.82940885971766 424.35306656186305 English 0
156.2700569187291 209.56438123686698 161.07991969598515 218.08133065871456 124.49557551750331 238.7411419045278 119.68574723498023 230.22422227104173 English 0
159.42493000002287 205.37487400002217 155.11900108969712 197.75570439056114 182.56646841378824 182.2443546677423 186.87239776045317 189.8635068971741 English 0
195.5130529194139 186.30218874047097 200.4566840442567 194.02725138523436 160.74110886722337 219.44227898285936 155.79750891774893 211.7172437539098 English 0
163.67709777296113 247.26956711876403 167.5083761159476 254.3495597574831 135.14115702280833 271.86387321535443 131.30990790436044 264.78390569912506 English 0
175.81448500000988 249.59954700002027 171.91009905567626 242.54676930762545 190.384283205276 232.31998136337654 194.28866987065703 239.37274572426423 English 0
120.78095100005157 269.0251000000293 117.5033925059688 262.8408583330772 153.00003561125777 244.02904353164385 156.27759654227702 250.21326140111867 English 0
172.7173364329792 233.896699901783 175.6566624732659 239.2021233356062 155.7196748774004 250.24716826717167 152.7803614649747 244.94175571668524 English 0
181.32715600004303 235.46141800001547 178.1336711259064 229.9097270358838 205.31675012331107 214.2738483161455 208.51023508199432 219.82552473995338 English 0
135.77344699995592 218.87503999997472 132.85613192601886 213.23404156427242 150.88495612173574 203.91050748419997 153.80227240209933 209.55149692064577 English 0
320.6870349561359 441.93488130561195 324.1809796794405 449.8778274155859 290.04023255736683 464.8932522526825 286.54634666141646 456.9503560646946 English 0
346.825398546207 433.4758619261762 349.85416519433784 441.41757325418183 323.65199899999425 451.4088849999786 320.6232755853853 443.46721031389 English 0
362.1506678303558 427.8008674791788 364.82801912687137 435.356348831467 350.74063200001547 440.34761200003277 348.0633021813992 432.7921488678536 English 0
484.16807760520896 30.40529179437788 499.22669999999925 27.43397100000177 508.46960603601474 74.27684425898947 493.41098445729585 77.24816229098263 English 0
517.3606768057653 123.26130562284673 503.8565080000262 126.21299699999524 493.33344742619374 78.06964390670588 506.8375680000463 75.1179579999945 English 0
495.6219460000284 140.6155410000273 493.2803816589876 136.2266976330163 508.4046880000096 128.15758499999762 510.7462527152529 132.54642461434094 English 0
512.7184670000133 130.40619300000935 510.17195447806444 125.58010259429776 525.5485749999934 117.46663700001106 528.09508795086 122.29272353445496 English 0