52 258 326 258 326 351 52 351 English 0
344 277 531 277 531 363 344 363 English 0
547 285 640 285 640 370 547 370 English 0
206 215 337 215 337 269 206 269 Manipuri 0
347 227 440 227 440 277 347 277 Manipuri 0
449 233 545 233 545 275 449 275 Manipuri 0
145 351 283 351 283 395 145 395 English 0
288 362 383 362 383 397 288 397 English 0
386 367 495 367 495 402 386 402 English 0
500 370 623 370 623 407 500 407 English 0
532 451 624 451 624 485 532 485 English 0
19 430 30 430 30 466 19 466 English 0
32 429 63 429 63 473 32 473 English 0
66 434 143 434 143 473 66 473 English 0
146 436 160 436 160 465 146 465 English 0
253 436 283 436 283 473 253 473 English 0
164 433 194 433 194 468 164 468 English 0
201 436 214 436 214 471 201 471 English 0
216 437 248 437 248 470 216 470 English 0
290 439 303 439 303 472 290 472 English 0
306 440 356 440 356 480 306 480 English 0
357 442 367 442 367 475 357 475 English 0
370 439 409 439 409 476 370 476 English 0
413 448 445 448 445 480 413 480 English 0
447 445 461 445 461 478 447 478 English 0
462 450 492 450 492 483 462 483 English 0