16 220 70 220 70 245 16 245 Manipuri 0
82 235 160 235 160 263 82 263 Manipuri 0
95.92484700006025 300.552166999969 102.95562879429781 258.9514450935632 274.57776319504774 287.95377677211775 267.5478761276463 329.5537022151934 English 0
5.03409199998714 281.1218640000156 13.718665367923677 240.42811214802197 85.98098413385742 255.84894224864513 77.29675516835414 296.54239368444286 English 0
3.2351304047188023 317.0794627140372 7.023177000010037 290.32560900000885 135.753294043825 308.5503481859806 131.9656979006686 335.3037960654819 English 0
143 314 184 314 184 344 143 344 English 0
192 323 239 323 239 352 192 352 English 0
112 346 196 346 196 373 112 373 English 0
234.22473979713686 85.26130959918149 254.3806439999753 31.2360180000169 425.15934279581415 94.95012242658234 405.003828116387 148.9750835920975 Manipuri 0
321.492243534085 123.24828922938138 313.59380200003216 144.29768099997182 241.10854054553783 117.09892071011024 249.00701300000947 96.04960200003379 Manipuri 0
477.998516255102 220.2893213920201 483.632444874529 199.83468337957603 562.7790850088059 221.63353349201844 557.1453174386988 242.08803330613824 English 0
419.92612809270213 174.02689310954602 421.81508000001486 157.04535700003538 455.34821842877136 160.77534866287004 453.45930569659686 177.7568486682678 English 0
525.6122704421432 280.87285805750463 530.0722590000078 257.4590229999706 601.4341328835872 271.05150247611243 596.9743432744144 294.4651620542983 English 0
599.5533074435662 299.8908203250817 603.7296439999773 281.0855569999793 644.1762140107312 290.06743697718247 639.9999754592136 308.8726155044504 English 0
171.43200680293376 20.80926616863737 181.9690006923338 -3.930011550321904 224.77568164933473 14.30227855842891 214.23869643513171 39.041549065497684 English 0
172.99935100003495 -0.0000014714846212781273 172.9993521139113 19.13253394297805 120.1101109143201 19.13253099999532 120.11011300004611 7.120466793126448e-12 English 0
445.5763940829638 580.3240304403288 231.50300300003437 580.784511 231.3390161911957 502.9803032813418 445.4057167767314 502.5198299036959 English 0
510.70978800002194 599.3010360000003 596.2203006156051 593.6874995190752 598.9440234629728 635.1662305870681 513.4335169375117 640.7797133607207 English 0
486.65975474359584 639.999967128647 470.2741901673289 641.7277187204113 463.72305661439896 579.6137081321372 480.1081610000256 577.8859809999981 English 0
434.02685619395925 639.9999725425205 326.7760358133819 643.0605145213967 325.66944865837286 604.2595515205003 432.9183449999982 601.1990370000001 English 0
661.5987260992551 191.63331862917778 635.606849568212 256.8795482848544 454.58789543619787 184.76817537362086 480.5801110000175 119.52282700000806 English 0