91.75903106166515 53.331933258184556 126.32307899999432 58.132303999998115 120.7671959286381 98.13610128367786 86.20314899999357 93.33573600000156 English 0
119.7191429999657 90.51079299997502 118.3234558768163 53.83227539536478 227.3604239999986 49.68311999996611 228.75621168474026 86.361532789358 English 0
221.63259100001596 84.07099900001329 219.36185295024188 47.89474826487722 360.9008360000007 39.01039999999145 363.1716805574979 75.18652301430377 English 0
104.640384000013 200.32965099999 104.89662164596666 146.88303770441993 407.0944673993654 148.32913862623167 406.8392837244028 201.77474910972646 English 0
335.3088138062594 124.71558538655756 336.2215564848884 152.94248870622567 195.18294449153473 157.5023934527297 194.2704164438328 129.27569586718857 Manipuri 0
96.82315799997014 302.6751679999858 98.14475694758585 262.86411927816766 166.23404273792403 265.12423248622883 164.91273919164087 304.9349949144736 English 0
292.8612550278194 271.7123457006446 291.69146200001705 310.9243089999663 175.54533214017283 307.4586150285506 176.715600000025 268.2471410000004 English 0
293.6489060000167 311.0268939999916 296.8275224077661 265.4501333514815 410.25597200292395 273.3599942242483 407.0779547586426 318.93618913456714 English 0
200.19707646395545 259.00588754273565 168.41090291061846 256.65660590729 170.09756328785443 233.8377862963922 201.88360399995872 236.18706299999758 Manipuri 0
231.97132611305278 261.32559770518856 206.56527179009572 258.98685491491153 208.84390585008077 234.23558560769152 234.2498440000054 236.57432300000207 Manipuri 0
236.47814299998572 259.5983129999953 236.64915663961438 238.0514097878857 281.75206899999466 238.40931699996634 281.5811460945406 259.95613021911686 Manipuri 0
280.7707069999742 240.32136100000088 326.973415516768 238.79430986372273 327.883564906806 266.33066590929405 281.6808565876272 267.85771307973096 Manipuri 0
97.63365835548029 277.84658992525465 95.80507026403211 324.8589094305328 46.20046800002456 322.9293560000284 48.029305828749784 275.9172966264296 English 0
92.73492461950809 361.95993664780445 52.14361695063417 359.83281932039114 53.9536439999938 325.2991580000017 94.5445943409868 327.4262659564644 English 0
66.77832554581983 -0.41083122637131697 105.47591700000339 3.717273283960485e-13 105.26783108820382 19.600321048292493 66.57023963147367 19.18948985052063 English 0
148.91765499996836 -3.878036010612399e-7 148.91765693544585 21.758118267877702 106.6383450000285 21.758117000033312 106.63834644197777 3.2959836900186585e-7 English 0
215.11105600002338 -0.0000015207463711209039 215.11105791447335 18.19199591741908 150.98869499997818 18.191993999977157 150.9886968901992 2.56917563898154e-8 English 0
90.93132601628895 40.569697981227996 60.17940074852959 40.66565019428201 60.12426031440555 22.99148419369931 90.87617299999692 22.89553200000002 English 0
91.52329999997164 38.63724799997234 91.04308151945588 19.2825732827746 128.89903700001014 18.343308000034064 129.37926312915806 37.69797448366342 English 0
128.00966800001333 35.31348300000608 126.71078615348961 18.172667005187975 244.02517266462382 9.282866719407075 245.3240698823356 26.423665694897217 English 0
244.4566499999928 23.090442000026044 243.3289524497377 7.53877947203944 302.90538003246184 3.2187074369499653 304.0330818849179 18.770365399231114 English 0
141.81439234584104 34.07338178291304 142.30284778583155 52.884777420800795 56.310247000001254 55.11757800003529 55.82181899364514 36.30620901238109 English 0
194.51808723249997 30.29061535246342 195.2516592414031 44.670155609779414 144.06643199996324 47.281341999973165 143.3328711152717 32.90181232613854 English 0
225.13212499048677 26.659121275752213 225.15195367872366 44.80272947331252 200.68509579723468 44.829461437717384 200.66527299997688 26.685858999974485 English 0
224.6979100000317 44.307649999984655 222.8965685210278 25.35616858423743 290.3092900000047 18.94856100003287 292.11064504233946 37.900027476933566 English 0
313.73020561128214 21.484976758270097 311.6319489021407 39.47686787013388 291.24750184586446 37.09958311308019 293.3457620000263 19.107695999984124 Manipuri 0
332.1786275498016 15.906901913664285 334.347806625301 35.59588228668946 313.85376500002167 37.853750999995704 311.68459028696816 18.164774481333417 Manipuri 0
325.7352549999632 35.85846600000375 323.1640901375795 20.547679445253785 361.5538423498947 14.100824652027068 364.1250116567244 29.411605892299217 Manipuri 0
393.0646322605753 15.170848640921037 394.6773301041685 31.221491796369335 362.1190029999707 34.49279999997109 360.50631041383895 18.442161664417167 Manipuri 0