279 209 295 209 295 228 279 228 Manipuri 0
407.29215118815773 177.5663370518147 414.3979814537306 203.5292683988348 309.1055257996777 232.34547906328348 301.9999467134767 206.3827625728115 Manipuri 0
423.8135190000321 199.76943999999452 417.82456799730426 173.06033467013236 499.37021300000197 154.7757339999702 505.3592674914398 181.48469128086631 Manipuri 0
165.4352839999774 320.90893600000254 159.94588732064585 280.71725466555387 203.8541389999591 274.72062799997724 209.34370048591518 314.9121118135499 Manipuri 0
47.04252738534706 298.23206757532137 70.64873600000283 298.6612410000006 69.92348856605531 338.5497513962994 46.31728000000294 338.1205800000001 Manipuri 0
271.00118698399456 232.63924530194063 310.9564959999989 230.91435099999916 313.4636869895621 288.98794591660254 273.5083786186442 290.7128304913381 English 0
316.8451749999804 281.99618000000515 307.79609760749736 224.76959434523621 420.73356399996555 206.9116230000192 429.78312041726895 264.1376080635732 English 0
426.60745200002566 263.7566060000131 416.45409743527125 202.60266084544588 509.91612600002554 187.08565299999773 520.0698664916854 248.23911180294868 English 0
512.9110424017563 272.84433353211784 440.1370461789338 285.15986258059536 436.5984070767445 264.2498158913848 509.37210099997174 251.93431300000043 English 0
393.2628219999606 292.5816819999866 390.8778316459211 270.9869214415807 435.76075400000263 266.03015099998277 438.1458326412394 287.6248099575866 English 0
389.41305123240454 275.1399522374972 391.6712541352899 294.0651777887936 357.3779210000066 298.1567870000238 355.11979456976405 279.2316310184116 English 0
275.1151839999511 311.9784749999777 272.13104907481465 291.239381810629 355.8515239999542 279.19338999996864 358.8358181346848 299.9322898863974 English 0
573 133 612 133 612 150 573 150 English 0