174.63392799989379 215.49227600001188 209.41776176674466 101.8688289450656 496.81387631782854 189.8468949848396 462.0331130496197 303.4676868268698 English 0
86.13961100003507 292.86596200002697 91.62523922495893 264.49921986784614 353.0104495890555 315.04010578555085 347.52579624706414 343.4059883234178 English 0
353.336342393377 349.2836784133549 357.5754930000403 327.5111039999787 468.84940434880264 349.1737705874666 464.6106190454884 370.9460240571486 English 0
467.0512679999956 375.195202999976 470.7631902395224 350.73063315170873 561.8835043852596 364.5542345824401 558.1719290819456 389.0184934802155 English 0
180.38878100000147 329.4614250000064 183.69960023992462 308.71149702313807 219.53229166872916 314.4284308446976 216.22157359088305 335.1782686459379 English 0
288.8571808084089 366.2433951372567 292.76643199998944 348.52769100000853 335.62126682678354 357.9833203315041 331.7121360231977 375.6989197005141 English 0
330.83028443834337 373.49267811844237 333.36488900000404 357.4635740000321 374.1182674863376 363.90699620282555 371.58376459199644 379.93600968797546 English 0
375.6895332962449 378.3598817455875 377.8257699999813 366.21519899996747 417.007736557498 373.1064794123875 414.871576161313 385.2510946400972 English 0
354.97027565565077 349.63837486351855 352.421822000033 363.09598600001215 311.9814843075437 355.43841452658114 314.5299929999601 341.98087600002555 English 0
419.064337000018 375.22967700003574 420.5779421592888 362.90392000723966 434.682765999969 364.63581900000895 433.1691873552336 376.9615518954558 English 0
378.3014933782397 315.7661905406632 374.5598440000322 331.57203000001175 245.67103997207596 301.0618622255496 249.41285299995798 285.25626299999635 Manipuri 0
378.9372649999859 332.1095089999978 381.8165626870177 315.25853143637386 422.91977160093666 322.2811619177656 420.0405704548757 339.1320537688406 Manipuri 0
421.0133610000048 339.2513139999764 423.51681679007015 327.6246173563672 494.704265526816 342.95111512202817 492.20093303651083 354.5777042516776 Manipuri 0
579.9515926032473 308.17182074346124 575.4551940000238 327.9232409999974 517.8815672975179 314.81734706159864 522.3780599999736 295.0660619999867 English 0
490.97802084928844 298.75426104998996 486.6069679999782 315.6970449999734 464.90284636922297 310.0979591049094 469.2739270000311 293.15521800000903 English 0