106 107 189 107 189 141 106 141 English 0
102 148 174 148 174 191 102 191 English 0
64 370 131 370 131 430 64 430 English 0
502 579 535 579 535 602 502 602 English 0
537 586 600 586 600 609 537 609 English 0
521 413 550 413 550 432 521 432 English 0
552 415 620 415 620 439 552 439 English 0
504 267 539 267 539 288 504 288 English 0
537.4510919124441 104.74238759013409 534.2278904434352 156.73727986790655 290.906318999987 141.6520800000023 294.1300585807767 89.65775811397117 English 0
306.99114349641604 241.6956517930048 309.50655200002075 187.2887159999654 516.3449621676409 196.84994835976525 513.8305125975603 251.25596425595347 English 0
264.10124499998346 379.1354399999839 270.031798580967 317.09101739450057 499.3597966733796 339.00704195703486 493.43130996916443 401.04955095356127 English 0
182.80731700004253 477.6989729999971 185.5713508311601 440.3108269636447 369.24547179427464 453.88504997097294 366.4827094683278 491.2720038985465 English 0
196.40915399999358 551.9284139999937 200.7525955708843 508.8351310659752 335.77140900000813 522.4397940000008 331.42923542211065 565.5319105860162 English 0
104 331 137 331 137 352 104 352 Manipuri 0
160 293 200 293 200 309 160 309 Manipuri 0
120 246 164 246 164 264 120 264 Manipuri 0
586 75 627 75 627 96 586 96 Manipuri 0
522 155 554 155 554 174 522 174 English 0
555 155 624 155 624 184 555 184 English 0
423 456 462 456 462 502 423 502 Manipuri 0
477 445 563 445 563 517 477 517 Manipuri 0
450 524 530 524 530 558 450 558 Manipuri 0
540 269 591 269 591 294 540 294 Manipuri 0