165 355 238 355 238 408 165 408 English 0
242 351 322 351 322 408 242 408 English 0
162 411 278 411 278 470 162 470 English 0
153 471 225 471 225 489 153 489 English 0
229 471 267 471 267 486 229 486 English 0
270 469 300 469 300 487 270 487 English 0
303 469 334 469 334 488 303 488 English 0
207 491 242 491 242 510 207 510 English 0
159 317 215 317 215 352 159 352 Manipuri 0
217 316 249 316 249 349 217 349 Manipuri 0
252 306 300 306 300 348 252 348 Manipuri 0
158 514 185 514 185 534 158 534 English 0
191 521 210 521 210 535 191 535 English 0
213 514 230 514 230 534 213 534 English 0
235 514 263 514 263 538 235 538 English 0
284 516 307 516 307 536 284 536 English 0
309 515 326 515 326 532 309 532 English 0
179 534 218 534 218 552 179 552 English 0
223 537 244 537 244 552 223 552 English 0
244 536 292 536 292 556 244 556 English 0
293 539 312 539 312 554 293 554 English 0
381 19 483 19 483 52 381 52 English 0
496 11 611 11 611 46 496 46 English 0