66 414 228 414 228 471 66 471 English 0
237 427 337 427 337 472 237 472 English 0
344 433 374 433 374 476 344 476 English 0
380 435 534 435 534 486 380 486 English 0
244 219 269 219 269 236 244 236 English 0
271 224 284 224 284 238 271 238 English 0
286 224 333 224 333 243 286 243 English 0
333 228 400 228 400 249 333 249 English 0
298 243 345 243 345 261 298 261 English 0
136 337 235 337 235 386 136 386 Manipuri 0
240 343 313 343 313 387 240 387 Manipuri 0
320 359 371 359 371 390 320 390 Manipuri 0
377 354 476 354 476 399 377 399 Manipuri 0