49 263 328 263 328 375 49 375 English 0
341 259 534 259 534 358 341 358 English 0
543 253 640 253 640 344 543 344 English 0
196 216 330 216 330 279 196 279 Manipuri 0
338 217 434 217 434 273 338 273 Manipuri 0
440 212 539 212 539 260 440 260 Manipuri 0
150 357 291 357 291 411 150 411 English 0
293 356 390 356 390 398 293 398 English 0
391 350 502 350 502 393 391 393 English 0
505 340 630 340 630 386 505 386 English 0
545 420 639 420 639 460 545 460 English 0
33 459 46 459 46 496 33 496 English 0
46 456 80 456 80 501 46 501 English 0
80 453 159 453 159 497 80 497 English 0
160 452 176 452 176 482 160 482 English 0
266 440 298 440 298 479 266 479 English 0
178 446 210 446 210 482 178 482 English 0
214 447 229 447 229 482 214 482 English 0
229 445 263 445 263 480 229 480 English 0
303 441 318 441 318 474 303 474 English 0
319 436 372 436 372 480 319 480 English 0
371 436 383 436 383 469 371 469 English 0
383 430 424 430 424 469 383 469 English 0
427 434 461 434 461 468 427 468 English 0
460 430 476 430 476 464 460 464 English 0
475 432 507 432 507 467 475 467 English 0