7.381696000011289 325.4567729999819 2.6796766170446062 296.2092744134992 39.96055099996738 290.2161590000103 44.66267167386832 319.46353099388494 Manipuri 0
88.57948199998646 326.17311799998095 81.14321454922901 276.98586170810006 152.9404358476313 266.1319709927634 160.37702439920395 315.31883210208696 English 0
161.11141900000803 311.57170400003474 155.6239564205316 255.81082620155217 309.0475249999872 240.7124040000147 314.53577149550256 296.4723919805491 English 0
186.93043322127778 255.64591306374456 161.84659289043339 257.2854731480659 160.20975678991817 232.24356033665458 185.29348299998674 230.60400399999938 Manipuri 0
193.62468200000876 249.66150799999355 191.7460487995413 228.43617649242051 230.38775499997428 225.0161500000347 232.26645362985437 246.2414086949195 Manipuri 0
202.44029488414526 319.38472229028383 204.46577979986614 330.8475549594613 162.77623300004052 338.2133740000181 160.75081513808982 326.75060058619727 English 0
221.54722102059168 314.2506412900147 224.57984195141762 326.7998993659645 204.65344399999594 331.6148439999677 201.6208587984147 319.06561679264996 English 0
247.320999220683 324.4690979140214 222.20553006860428 328.68427198351765 219.97383977934078 315.3878633038655 245.08923000001232 311.17269600000157 English 0
6.118430999995326 390.5554020000324 2.2050858163129305 358.4952958115506 62.2206659999938 351.17028400003363 66.13423974267789 383.23012069136837 English 0
0.6258299999899464 358.64640099999303 -2.0007776682905387 325.3048138992258 24.09502497779613 323.24920798939246 26.72173362065223 356.59068426479644 English 0
373.9078950000112 308.92415799997485 372.46048597422487 296.88983564213976 395.2460879999853 294.1495050000035 396.6935236127756 306.1837963538493 Manipuri 0
396.30251439870335 291.04438739086265 415.96151999998256 289.5205980000021 417.14730468454945 304.81787816382547 397.4882993906067 306.34166496337366 Manipuri 0
417.40294499999436 303.3642180000265 415.4045398521703 287.8550871235608 467.4061430000438 281.1548250000037 469.4046229578089 296.66386729747984 Manipuri 0
378.2953019679553 331.3321181419751 361.8955450000067 331.0038309999999 362.3245058683824 309.57863169808394 378.72417899998254 309.90691799999945 English 0
380.4543181239569 306.85473954842064 395.07898099996964 307.48778499999975 394.0930427664716 330.26331074112466 379.4683800000348 329.6302670000008 English 0
396.6227919999801 327.1971769999758 393.27738442756527 307.82245433598456 471.6162044293742 294.2964964343572 474.96175140659034 313.671041012501 English 0
586.3979133755493 59.31099054658535 589.0959946806106 74.53663929007777 561.1547460000293 79.48797100000058 558.4566772797552 64.26233334569021 Manipuri 0
637.0450890097709 165.643202001539 642.4082487005944 190.77782110845823 599.6499690000201 199.9011429999982 594.286895027908 174.76659876906774 English 0
615.0389030812221 256.7078316799294 618.5521426671039 266.16657568341066 595.9466330341093 274.56240850505463 592.4334200000885 265.1036869999799 English 0
616.8336139999883 267.87826799997754 613.3122937929147 256.3963933474616 636.1076219999813 249.40574199997283 639.6289569244982 260.88759028712514 English 0