91.69762185738364 31.389356458813115 93.0510632757796 45.62824501463648 50.39564623912156 49.68272358100479 49.04221467229945 35.44384394751312 English 0
122.34205204702448 42.60856023136473 105.5630822902458 41.334522217520934 106.8556055243971 24.312172268613477 123.63456799997948 25.586209999999245 English 0
182.910726085247 208.67158426452792 188.2834630143043 258.6952431740377 77.9897276423435 270.5398399669094 72.61752600003092 220.5166629999714 Manipuri 0
7.0192620000307215 256.5996329999678 11.103817076000269 217.70330153496647 54.06822500000999 222.21486199999907 49.983832930374774 261.11104355385845 English 0
88.52297099998395 298.2556280000002 88.85829575679963 278.0328622270363 149.99240400000417 279.0463639999984 149.6572141064098 299.2689970907096 Manipuri 0
4.502654620882822 282.081889154288 24.81884099994204 283.7016659999978 21.1824364005588 329.3084859831864 0.8662508377892664 327.6887175889884 English 0
39.282026654982474 336.2638379441089 39.327609229585505 354.9012731827869 9.071094999962952 354.9751710000231 9.025585066337953 336.3378082058857 English 0
157.28495908348123 346.18670872588547 147.32488272027695 345.1804781037729 148.98883171081252 328.71165746902557 158.94886699999915 329.7178859999985 English 0
159.2257090000203 347.3565480000327 159.7810933432629 328.70281059524524 183.7903560000268 329.4175780000168 183.23502964733052 348.0712590471007 English 0
602.2600326830434 155.43559726714057 639.8749709999538 155.18175200000022 640.1447836562875 195.16188639877768 602.5298453494906 195.4157310043901 Manipuri 0
496.77876800000377 249.6888600000123 495.4071901569114 199.6545328284012 640 195.69035200000016 641.3721605111641 245.72408909445852 English 0
640.0006342102279 314.86935 495.66207903546456 314.86935 495.66305234649917 263.7880359999999 640 263.788036 English 0
361.2887912023871 336.58361573787727 362.18218800000614 319.54034800002177 401.3155119017756 321.59148088514576 400.4222008405486 338.634666672319 English 0
401.71099224833597 338.16797622698175 402.52060599996184 322.7225260000274 434.4031114338577 324.39356264293065 433.5935613753827 339.8389521541053 English 0
365.7526835863973 430.27471845422804 366.87812700001814 414.3160010000064 426.1565197319578 418.4956895513659 425.0312354270136 434.4542573065616 English 0
328.70035898878996 411.78907981918934 327.43005999996967 432.5430960000177 265.8005121428869 428.77101791764454 267.07099799998105 408.0172020000232 Manipuri 0
293.8298788711836 372.5620947723004 319.6071839999786 375.52219999999744 317.9560510070587 389.89911418415403 292.1787469125411 386.939015030244 Manipuri 0
284.7400073841709 337.91233834156714 285.1266527862026 352.7939207870523 249.8768189999828 353.7095670000119 249.4902427604393 338.8280520168531 Manipuri 0
283.1039990000136 353.8487340000335 283.24693770257 337.34916439280835 308.78286500003014 337.5703529999971 308.6399809412251 354.069868410549 Manipuri 0
246.20547600003192 385.56107500001133 245.8640554161684 373.83902178343845 266.07058000001416 373.25052999998127 266.4120329996513 384.97254978643724 Manipuri 0
288.74800807119755 376.04112135326795 287.7481060797436 388.829188428123 266.1434929999814 387.1400480000061 267.1434308591415 374.35202017053433 Manipuri 0
355.9687569491507 377.7454324386092 377.9356099999859 378.0449970000001 377.804789810034 387.63690861141635 355.8379367674206 387.3373444589607 English 0
376.8255958583177 387.5622200662318 377.56420500001695 377.49146800003024 404.8981795216241 379.4959447645477 404.1596123182535 389.5666574735508 English 0
430.4150842416857 381.87731927727634 429.6601830000145 391.9711370000151 405.17026214038196 390.13971713632935 405.9251960000256 380.04593499996906 English 0
553.1117864078988 346.30129789863867 607.8016614884109 349.5111729823218 606.5520570000081 370.79992800000036 551.8621827095922 367.5900620484506 English 0