556.3910742797452 166.53609755697227 562.149132265622 221.65474982654882 179.37301199999638 261.63435099997093 173.61679090543475 206.51738639691192 English 0
414.86068009493465 182.14138882491602 240.38514200001373 197.4057170000012 237.13171780917037 160.2141467361366 411.6064290000213 144.94985499999953 Manipuri 0
278.81125708394393 131.9408812325864 184.00475734553766 140.23531120096584 179.44961734188837 88.16753424961824 274.2557140000281 79.87312199999955 Manipuri 0
261.7540901961911 395.7647359443722 155.5683483244502 409.7906212640837 148.4377661984763 355.8067377221368 254.62191400001757 341.7809589999995 Manipuri 0
382.69844952119456 71.45593912893949 390.4291300699697 120.477323698816 283.6680898164923 137.31308532060993 275.93763800003217 88.29190200001655 English 0
321.0602407417173 343.18303236953994 327.0818329999747 390.04933600002465 267.9825761756365 397.64142755149703 261.9614079999883 350.7755070000207 English 0
335.14169900001434 390.41493099997786 331.3894601985521 341.5695122009003 431.86484008481784 333.8515268652808 435.6176854362275 382.69628097375573 English 0
102.7612180000142 450.3630109999872 97.80326196487295 411.0228216413159 125.59429927554447 407.52087362469194 130.55240483532543 446.86088743124526 English 0
304.69687144875934 436.97891752843617 131.50395338627277 449.0193056838472 128.39725871432165 404.32008260473907 301.58775500000047 392.2797790000007 English 0
391.16352951081353 425.13107819212706 311.63678617493133 432.08794080508346 307.8256742613303 388.5210286373664 387.3513719999755 381.5642119999991 English 0
392.46439571092196 385.1441939363126 472.8351084113092 372.72542210697503 479.40963699998974 415.26906199999735 399.03894280032546 427.68775433383144 English 0
476.06781150265306 374.8025615117803 541.9515818413493 366.74069914844563 547.0353160000377 408.28183999999874 481.15155487612356 416.34365322545375 English 0
558.9399720000074 76.381300000031 556.2785800200072 55.3551350898399 615.0530840000283 47.9157339999881 617.7145004999329 68.94186942967349 Manipuri 0
433.8360129999637 252.22061700002848 433.4557974772906 227.3507186205316 496.60154299999704 226.38526199998157 496.9818963373109 251.25502076085098 English 0
617.2345451460569 274.7218345334459 635.1219602608035 290.35764475641565 598.6343294738617 332.09664633009095 580.7470059999469 316.460933999977 English 0
607.4721875433897 98.90380759807498 563.5327733190934 105.21892601555646 559.4293453532737 76.66792234101128 603.368677000035 70.35281000000016 English 0
637.0117464401847 405.28455028608454 624.4781221485755 416.3872192549313 590.537720993525 378.07672041149436 603.0712369999674 366.9741340000097 English 0