75.18905225479102 264.05450466979977 73.4556529999827 201.90976299998846 295.7860083538253 195.7070456505409 297.52055662174826 257.85059687426036 English 0
309.28868641509325 253.94160446159145 307.20603000001574 198.14132400001796 487.7654779874865 191.40153213898589 489.8489369426534 247.20097536450524 English 0
632.2430549732962 192.0201156283914 632.7564559999882 246.08292600000397 495.2738125306496 247.3873820051349 494.7610239999631 193.32517700001262 English 0
331 177 375 177 375 201 331 201 Manipuri 0
376 171 418 171 418 198 376 198 Manipuri 0
423 174 460 174 460 197 423 197 Manipuri 0
366.2747798492637 148.57322792355586 366.37943699999596 130.58182599999603 422.5135396006226 130.90830134682759 422.40893523950945 148.89965079973467 English 0
470.84543749515433 150.48159690030946 470.30655900001875 134.2873609999791 520.7073126251635 132.61020982760155 521.2462326436798 148.80440248813952 English 0
422.78458671673434 148.3322793064041 422.9625289999967 129.8529480000177 472.3222325740062 130.32820121702642 472.14433807559544 148.80748502719854 English 0
298.366337386542 89.58545724052739 299.34522299998207 55.985216999973105 421.3658513368864 59.539925212292964 420.38708294712706 93.14005009605835 English 0
296.2448656302877 51.093215029103234 291.46749164508947 105.61969937709412 138.56618600002548 92.22276900003031 143.34375873026147 37.69649870257359 English 0
168 440 613 440 613 640 168 640 English 0
68.95785403743503 519.6742900529382 111.22391840275668 519.2971953441314 112.30107600000338 639.9999999999998 70.03501179802697 640.3770848922774 English 0
526.6612745889142 13.019440798614319 528.0428414344351 -4.3808543058292155 590.820036259538 0.6035930248876249 589.4384725954296 18.003884689797236 English 0
557.9053919849684 31.976469161275737 559.2867660000047 15.92480600001509 602.4161534694576 19.636428059804672 601.0347866660595 35.68808450014783 English 0
515.9112686230947 31.337402681214037 517.2113769999851 12.989372000034002 560.877362848405 16.083459255056496 559.5772620142816 34.43148291099861 English 0
563.2695690062974 36.22343768988612 561.9752677436918 47.595674760777705 526.3553065133601 43.54167503620922 527.6496129999578 32.169444000034645 English 0
602.6437006982451 38.88677827688938 601.4369333362265 49.85354453021583 565.9195812581311 45.945258054919584 567.1263539999927 34.978497999981954 English 0
104 123 123 123 123 143 104 143 Manipuri 0
253.2134189624776 147.09118303958235 220.2221990947146 147.05156616649583 220.24616510418127 127.12229916709668 253.2373180000286 127.161916 Manipuri 0
194.83316975783964 124.86213046359 192.74131099999067 147.51191200002918 158.31343519166694 144.3322641598113 160.40532899998652 121.6825220000244 Manipuri 0