316 204 390 204 390 233 316 233 Manipuri 0
394 212 465 212 465 239 394 239 Manipuri 0
468 223 488 223 488 236 468 236 Manipuri 0
491 221 573 221 573 252 491 252 Manipuri 0
0 320 67 320 67 360 0 360 Manipuri 0
174 392 199 392 199 411 174 411 Manipuri 0
111 387 169 387 169 410 111 410 Manipuri 0
268 227 381 227 381 288 268 288 English 0
389 240 469 240 469 291 389 291 English 0
494 250 622 250 622 302 494 302 English 0
412 290 435 290 435 299 412 299 English 0
438 291 464 291 464 301 438 301 English 0
331 290 377 290 377 306 331 306 English 0
382 294 432 294 432 313 382 313 English 0
439 301 497 301 497 318 439 318 English 0
310 305 348 305 348 325 310 325 English 0
355 311 368 311 368 325 355 325 English 0
372 312 406 312 406 328 372 328 English 0
414 313 449 313 449 338 414 338 English 0
452 317 473 317 473 333 452 333 English 0
521 321 568 321 568 343 521 343 English 0
479 318 516 318 516 336 479 336 English 0
488 415 519 415 519 430 488 430 English 0
490 436 516 436 516 529 490 529 English 0
55 230 131 230 131 264 55 264 English 0
62 294 113 294 113 309 62 309 English 0
63 308 112 308 112 318 63 318 English 0
111 414 140 414 140 426 111 426 English 0
145 417 173 417 173 428 145 428 English 0
177 419 199 419 199 431 177 431 English 0