5 276 59 276 59 298 5 298 Manipuri 0
73 276 150 276 150 300 73 300 Manipuri 0
96.33091799994872 343.6650329999952 95.29434436743031 301.4871059773534 269.29708123127057 297.2097613172457 270.33450834438554 339.3868089752295 English 0
3.402605000010226 341.9344930000338 4.162575533264317 300.3312992119063 78.03956963740347 301.6805783565819 77.2799735776789 343.28340405894414 English 0
8.498035704833455 377.5746917718988 7.111301999975694 350.58960399998716 136.9533550398046 343.91691817667487 138.34053367667366 370.90153405751676 English 0
148 344 188 344 188 372 148 372 English 0
198 343 244 343 244 370 198 370 English 0
123 379 206 379 206 402 123 402 English 0
191.01039032349945 105.94080631735196 200.4874910000217 49.06218900000831 380.2856575317128 79.01964333440483 370.8089585396374 135.8979041171538 Manipuri 0
283.92278658458963 126.57840342040018 280.1859189999959 148.74818800001586 203.84267051478673 135.88000273200046 207.5796039999841 113.71030199999629 Manipuri 0
456.07011976135254 191.97376946731464 457.6974225849699 170.82002163682517 539.5491653132194 177.11634692295746 537.9219898267911 198.26997525743624 English 0
390.23729093205475 157.64202063959263 388.85123799998837 140.61205899998637 422.4799272321252 137.8750831402591 423.86600896970776 154.90501277287532 English 0
514.3690752577822 242.3590685509518 514.2792590000317 218.52440099997602 586.92330307269 218.25052624428903 587.0132673116314 242.0850444752823 English 0
590.5803826051852 246.91900753181648 591.0915060000116 227.66235699999623 634.8077371825639 228.82261146277875 634.2966902044282 248.07918733807702 English 0
134.53626259717566 25.83162104530666 104.44018985654111 25.306602286929657 104.66017057180579 12.696629287253662 134.7562380000454 13.22164800000042 Manipuri 0
115.94074605636706 54.41215959148003 121.63502299998072 27.783312000019777 168.26667901856126 37.75494382420989 162.57242712214065 64.3837694874995 English 0
38.21851465036161 17.229886177577544 118.75777996887336 25.220901995695847 115.98592999995162 53.15760699999781 35.446664987612166 45.16659408018667 English 0
492.9429816431366 551.5877752583016 282.88897200000065 592.8791880000028 267.8817222928774 516.5355538417999 477.92944480330334 475.2447755984226 English 0
560.4990620000171 557.7803459999981 638.7307795356173 537.1785420910875 649.4416877402546 577.841991481976 571.2100372578425 598.443613316008 English 0
546.4960953801346 608.3286016315964 530.5178061317565 613.2188427110843 510.39563941674714 547.4879808305043 526.3734879999538 542.597812000004 English 0
493.8519526923483 616.204548718796 389.1544531829277 639.6682441629202 379.8034688211919 597.9502513158811 484.499022999953 574.486782000004 English 0
642.2202454683429 130.9688171250712 629.1557634263154 199.97574633992517 426.3118896204105 161.5721892545887 439.376953999963 92.56602800000434 English 0