30.7438700000057 246.65786700000655 47.74484160589054 170.63343706661865 280.62310699999216 222.70762500002888 263.6239613496582 298.73046565542427 English 0
291.3400769999862 286.60876699997635 300.7297420620307 237.79180032272282 379.0456119999726 252.85454100001644 369.6563914942817 301.6711169513885 Manipuri 0
498.53176699994947 243.98612899998528 508.0361001374695 212.61909917302654 562.9528467918135 229.2583850038737 553.4486994536564 260.62525622535026 English 0
443.42509381975105 260.96236369353676 448.8949319999665 238.1096519999844 605.5317159439437 275.5980817419099 600.0623025364621 298.4504258386443 English 0
496.59604417392984 213.25549384331654 491.98031799998716 229.0519010000247 422.62416038822266 208.78641570148287 427.23993899999186 192.99009800001943 Manipuri 0
500.9644932586525 332.3831001711642 503.8276970000152 314.30782200000226 543.9536380046047 320.6634074014932 541.0905343163904 338.7385962047543 English 0
579.5697111738264 351.33457059164573 582.6313167951594 334.1076466670157 622.8872586978105 341.2613400172094 619.8257557833858 358.4881730108467 English 0
446.18023239258036 266.10523553391164 483.73965793682146 276.5390557888894 479.6425799999997 291.2867610000047 442.08316097501665 280.8529572870957 English 0
559.2025614439626 293.29921548166857 556.2434399378253 307.4274988787742 478.4857939297217 291.1420767286187 481.44500399997924 277.0139149999784 English 0
555.7805390000431 308.6397640000104 559.9935981187446 292.05919137839714 601.4879471889435 302.6019743570389 597.2749817386648 319.182466258554 English 0
596.8488298305601 137.93539122679715 591.3968179999938 162.08018799999138 510.8283470712922 143.88748743278808 516.280431999985 119.74279399997837 English 0
566.993482266189 123.16947454440749 563.9133860454604 133.3205330687902 499.8543079553201 113.88344144452206 502.93442099995445 103.73241300002307 Manipuri 0
494.11958429031074 134.09989270200123 478.32372440883773 130.8570156460267 482.66582210111665 109.70725012428993 498.46165199996904 112.95012399999678 English 0
514.9176384320162 115.55647372110597 510.1766137545201 139.38857704989002 493.8569905557961 136.14206770698758 498.5980289999861 112.30998299997431 English 0
138.67449205332377 28.328194065913422 130.12071800003469 55.05181299999366 47.3076890160155 28.544740723289674 55.861475999990944 1.821145999993023 English 0
201.2124261349527 45.91684479645736 193.56336999997438 72.15872300003248 134.66298694977013 54.990260108052766 142.31206099997507 28.748410999971185 English 0
289.74923737332574 73.30490589927064 281.59239100001287 101.10063399997071 196.45860637021542 76.11751462954358 204.61549300001934 48.32185400001215 English 0
133.1009050171997 54.092584866766956 128.2758769999782 75.05303800002197 74.48701952132978 62.67100644214104 79.31206499997643 41.710577999999046 English 0
132.21317286988779 56.05805996641054 179.50979736429872 66.67563669248088 174.02189599997655 91.1217209999956 126.72527374437777 80.5041515490062 English 0
168.76958673849003 89.26095689865947 177.29195899999468 66.93461700001944 229.30822570924647 86.79005729078912 220.78590148659714 109.11635645831551 English 0
81.79337485860742 38.57426036864108 74.6688172219001 66.23815965361564 39.075476574362256 57.0714508619821 46.20004600001266 29.407568999990183 English 0