382.2489425892127 71.98802795353927 388.75552500001504 38.24312999997738 441.0994814213336 48.335891599843144 434.59294511609187 82.0807488884377 English 0
499.63934607381816 91.97555273274207 442.9708423642296 86.82522047556373 446.4473361516866 48.57454782323658 503.1157279999752 53.72487500000042 English 0
412.7273011087527 76.27462696043851 438.1497006790596 77.40308082568238 436.7961110000033 107.89728000000031 411.37371150776744 106.76882731193594 English 0
488.0361009814078 88.07164325696621 484.439996000001 114.43667899997277 434.4455755848321 107.61758521341123 438.0417210000451 81.25259799999293 English 0
383.6007580000296 123.42438299997708 386.60295239642437 100.05018969616152 404.8775813719112 102.39737481963465 401.87540697923396 125.77154994742328 English 0
401.92948410403915 126.67988515941104 404.4827190000069 102.42989400002287 439.3823284823884 106.10436420914674 436.8291338004201 130.35431838923571 English 0
470.836299932198 137.00938523289483 438.12703968542337 134.72215573874178 439.7640309999406 111.31263199999795 472.47322153358255 113.5998590683969 English 0
509.79765040370694 118.40116272293336 507.38556700001936 141.70370300000323 473.97562172147445 138.24538405144335 476.3877379999758 114.9428809999671 English 0
376.37931000004755 146.44338000000332 380.12684317014646 127.88153793538353 412.53835831055767 134.42513879709213 408.79086173277756 152.98694890173013 English 0
310.9565136383753 268.04259065387004 343.0619251958706 272.1923237556265 335.36121700002695 331.7668749999997 303.2558107319346 327.6171697018184 English 0
367.6529566299723 282.6999034434244 389.4487528051832 286.13005192889653 380.09089699997276 345.58739199999656 358.2951064166991 342.15726762332855 English 0
524.2327784041845 317.3511136474907 511.40711599997303 370.8089869999697 441.160722144632 353.9563278021852 453.9867100000265 300.49893700002116 English 0
159.88152500001888 341.95083800000106 165.7192870444851 312.44767662132284 224.2342164189904 324.02493299592635 218.39670277768164 353.52787690443 English 0
309.6379459767195 354.516489645863 269.0530691931781 347.4794784138651 271.8067759999394 331.5997999999963 312.39148960536113 338.63679676239263 English 0
363.8553316684556 351.58017858558117 358.92882518870465 367.8809714954401 309.82616038912965 353.04210032442836 314.7527290000289 336.74141699996903 English 0
368.8452302556834 365.3364804507427 371.76597700003185 347.1438000000014 444.1015272687946 358.7555633983901 441.18098214697966 376.9480639979838 English 0
456.45611300016753 380.154119000023 459.56134848594957 363.2220902483701 528.6886243912159 375.8980695958394 525.5835787006072 392.829930822278 English 0
385.168795349673 383.0536429312971 348.54515510669444 378.9556799199654 350.3581690000283 362.7551610000032 386.9816448266647 366.8531147115769 English 0
420.8817435945821 376.3816164695934 417.70219400001224 391.7011320000185 385.59568855474936 385.0380783996167 388.77528999997594 369.7186340000272 English 0
463.6872137083992 383.60410154290014 461.79669700002705 395.49736700000255 420.71141418527986 388.96715434043733 422.601988000024 377.0739599999747 English 0
372.3065381502238 386.06276172240973 391.798940001172 390.7278670857296 388.4720909999305 404.6269629999918 368.97969254947384 399.9618674373957 English 0
377.234265198058 250.70543611011263 372.4532590000308 274.48140599997174 322.5702392324456 264.4509816346187 327.35133100002713 240.67512799997925 Manipuri 0
381.52918244893954 275.3593908757964 386.8399469999713 246.26067200001575 422.67408643092494 252.80037500744572 417.3634401867457 281.8989892076132 Manipuri 0
510.5515318745893 279.147504913067 505.9466306256945 301.46127322561455 427.57939374387206 285.28915244462024 432.18443199999456 262.9755710000236 Manipuri 0