83.83175259361451 234.63655357370956 89.68493699998362 172.74379199999163 311.1142446512531 193.6823579269863 305.26224856163026 255.57401483030145 English 0
317.41869750083424 253.12858159112483 322.15223100000003 197.49044799999155 502.18746510981873 212.80583235235665 497.4548680977023 268.4430927042928 English 0
645.5126472168195 231.02664573317298 639.4334420000087 284.7493169999857 502.8163587110612 269.28938917279413 508.8961600000039 215.56740299997014 English 0
348 184 390 184 390 203 348 203 Manipuri 0
393 184 433 184 433 207 393 207 Manipuri 0
439 191 474 191 474 210 439 210 Manipuri 0
386.8214808891935 155.49048872192654 389.11800000001676 137.6459519999674 444.79393837616954 144.8110459095987 442.4974810207641 162.6555267060654 English 0
490.3801076931268 170.1285915759397 491.8188740000187 153.98939700001347 542.0483803337265 158.46708848577774 540.6096676696325 174.60623310148875 English 0
442.93943010736257 162.13814661336247 445.36815899999056 143.81825199997905 494.30206546931004 150.3054282062338 491.873394807335 168.62527005767026 English 0
326.6080331214471 88.6664476770484 331.67448899999727 55.43595900002656 452.3524016949523 73.83479240165755 447.2860834007588 107.06515706603747 English 0
329.19341141525365 50.202656299122346 317.8065031879669 103.74043458706082 167.67762800001947 71.80936600000118 179.06466961816477 18.27176546932371 English 0
147 473 576 473 576 640 147 640 English 0
84.28269125324732 491.83498928588153 72.75830491234956 643.3166977712901 29.160639999972773 639.9999999999831 40.686309851153055 488.5197288017403 English 0
561.35136246412 40.252166100749925 565.0194753087999 22.286663760315047 627.9022749902651 35.12575533761185 624.2341807425692 53.09124123857959 English 0
591.2333008107089 63.11672049554335 594.5606029999908 47.35305699999017 636.9161844740302 56.29319360402039 633.5888996921858 72.0568418845834 English 0
549.6300793306 57.364621157333914 553.1565769999725 39.31180300003418 596.120015168126 47.704399385316904 592.593535089618 65.7572021370955 English 0
596.0399422985938 67.98575334836829 593.3693591032352 79.11549151252932 558.5089548619726 70.7507398764954 561.1795449999772 59.62101199996681 English 0
634.7960075747687 75.42773959365293 632.2617193822225 86.16569715294177 597.4853993480792 77.95807859428795 600.01969500001 67.22013200001177 English 0
129 100 146 100 146 118 129 118 Manipuri 0
274.7835152738844 140.24078250602182 242.0430342599866 136.1808895167241 244.49558847954904 116.40308786526126 277.23600800003624 120.46297699999872 Manipuri 0
219.54749287884624 111.06267119641915 214.71088799997233 133.28867900000154 180.92711603276257 125.93702673458449 185.76374500000384 103.7110530000306 Manipuri 0