348.12582368373114 186.5102660901718 339.1763390000415 206.55345499997645 235.04007582690974 160.05623843270936 243.98960200000147 140.01319700000437 Manipuri 0
348.54265309288166 210.69697305047964 354.43147600002703 190.89760899996725 426.9375281556131 212.46189427704266 421.04884357766423 232.26113999191477 Manipuri 0
505.9767612184078 249.4307500345002 498.9019335213379 268.67762334609694 423.1776104268647 240.84358090651762 430.2525009999954 221.59684899998783 Manipuri 0
489.32499280475895 310.27774771022223 503.3865128281468 272.82353277031905 633.6186225779966 321.71293372051286 619.5578280929476 359.16653204089675 English 0
335.18790894515405 247.0038292292615 352.2061902326823 206.1028650938744 506.03860228795384 270.10674508888553 489.02109988943266 311.00704655691595 English 0
85.18226599997433 140.09252200002595 101.96357855726092 101.84486260568065 343.16792962104955 207.67115402568885 326.387387002178 245.91815931634676 English 0
191.9605390886136 208.93408980449158 199.55824446886254 191.9642663999838 301.35020824534877 237.5365392171531 293.7526881129452 254.5062052367573 English 0
368.51522161930916 263.6782641824504 359.9366049999662 283.63407300002194 294.9255879597331 255.68825099150442 303.50424800002656 235.73257800000871 English 0
363.85939172745566 278.34674869708596 370.8113749232871 261.37692498375543 447.1318950327259 292.64091990097944 440.1800871605519 309.6105949907561 English 0
527.2097700962331 326.4644321318615 521.7730906532233 340.31915092451584 440.7054883281671 308.5096894864281 446.1422239999956 294.6551130000164 English 0
366 297 376 297 376 312 366 312 English 0
255 252 267 252 267 269 255 269 English 0
400.1205431536073 307.0621508025825 395.1736990000063 321.65994599999726 372.8011739663634 314.07893142549034 377.74803799999063 299.48117600001734 English 0
368.0559563128918 295.3088286950337 362.0698370000173 310.7541930000111 338.86997441150015 301.76323274252644 344.85611099997186 286.3179109999839 English 0
345.9985452725232 286.0479666777167 340.20930799997586 300.70454599999454 308.4671539264673 288.1673368992135 314.2564119999588 273.5108110000133 English 0
262.5159265819093 270.2082788929841 268.9460549999785 254.9110249999925 307.7814172711078 271.23438767549936 301.35136549513845 286.531576530713 English 0
226.24649685720215 253.10452098473627 232.55121100002725 240.10744899996936 257.7957369529031 252.35267156065146 251.49106306183967 265.3497092252773 English 0
228.46799093676964 238.20560519247405 222.8893500000413 255.23775699997435 197.75353797544085 247.00519232288707 203.33220007072669 229.97308105267132 English 0
188.57485732398345 224.01170743807734 182.4666050000087 237.97279300002668 157.83362513240718 227.19574807634325 163.94188700003724 213.23469399999374 English 0
187 225 200 225 200 242 187 242 English 0
148 212 159 212 159 226 148 226 English 0
423 316 462 316 462 343 423 343 English 0
462 332 511 332 511 361 462 361 English 0
587 379 633 379 633 407 587 407 English 0
401 380 441 380 441 406 401 406 Manipuri 0
525.8127809238067 417.5643560338287 519.883858999965 437.7016119999952 438.08957275308785 413.6217655221857 444.01864899999055 393.48477400002105 Manipuri 0
473.99509638300515 619.1243747753399 375.4150218483119 596.7919603623131 380.34520299996075 575.037035999996 478.9243379452091 597.3693398718641 English 0
412.6680346685316 604.0110141954038 409.9707330000092 619.3048490000257 380.501483699918 614.1087872149955 383.19886600002064 598.8150559999664 English 0
472.14759588299785 617.3286375705633 469.2447269999684 632.5723770000257 414.05230885226047 622.0646392824042 416.9553270000324 606.8210970000066 English 0
193 589 249 589 249 627 193 627 English 0
255 601 299 601 299 634 255 634 English 0
306 612 371 612 371 640 306 640 English 0
378 625 433 625 433 640 378 640 English 0
111 572 167 572 167 608 111 608 English 0
10 551 86 551 86 592 10 592 English 0
165 488 366 488 366 580 165 580 English 0
0 358 380 358 380 523 0 523 English 0