316.4573350000137 283.4978990000008 311.4385378266161 237.99056828713117 446.9576219999726 223.04490799999556 451.976929508528 268.55165142307186 Manipuri 0
460.7119760000205 208.81191599999826 523.6000378586323 199.4890145878067 531.73922674614 254.39027990079558 468.8511749834288 263.71313663577115 Manipuri 0
31.402797338014352 448.53861600583116 33.26105680309411 463.60796797450917 0 467.70873299999107 -1.8581647806422552 452.6394670187517 Manipuri 0
53.960043685292476 445.98242630965626 55.01664642521064 461.39367383534216 31.84714000002714 462.9818629999787 30.790601452172268 447.57067589796833 Manipuri 0
0 501.57367900002544 -0.0998865881410893 489.37825201293657 13.652221000011195 489.2656359999972 13.752138240015483 501.4610320473015 Manipuri 0
37.03599498367112 486.21848289627656 37.62749829940731 500.6164097005041 14.208188999982667 501.57827300000923 13.616750037035672 487.1804080786291 Manipuri 0
36.36610000001383 499.0010629999696 35.98166386625962 484.1808337333995 65.21160100004636 483.4227040000325 65.59611416218104 498.2428541768329 Manipuri 0
13.145232000024407 544.7818510000264 12.189877016935498 523.0753237886561 70.07405399999698 520.5280360000236 71.02964649398928 542.2343139102783 Manipuri 0
141.292904372458 422.2537554965441 141.69161760750285 439.29348013479046 105.51942999998573 440.1396009999814 105.12081783366739 423.0999751575798 English 0
120.75339265422372 493.2763711894163 96.71103907101497 493.65365532773177 96.52652795790345 481.8945463334761 120.56877900002291 481.5172630000001 English 0
145.0848900481651 481.1676331566134 145.2513370000088 491.8899309999734 121.18930254218867 492.2633141532122 121.02290299997549 481.5410630000314 English 0
105.63049500000488 537.3452979999781 104.63018047805235 518.4514102622413 145.184530111801 516.3046620332941 146.18498641932092 535.1983994242472 English 0
152.17536360964004 436.1759504659531 141.829982647032 436.38357905515306 141.4930070000264 419.59415599999954 151.83833270872128 419.3865279653303 English 0
272.04382500000065 456.3436890000083 271.2112671240902 431.9849575867968 323.46592499998224 430.1990830000134 324.2986853097682 454.5576043952723 English 0
220.1747400000022 337.78733900000054 215.12493536851252 286.5832441269291 540.3418416471686 254.50688293241052 545.3932835844898 305.7091423247774 English 0
566.4349189439963 323.8743432427048 571.7250545667775 383.5415490115648 227.02794953678676 414.0898543809356 221.74085100014054 354.4254390000339 English 0
587.5712744852353 409.9133209781215 590.5134876562806 441.907033605182 520.2129841827991 448.3705551586917 517.2711600000184 416.3772029999769 English 0
621.9191815794329 442.1560334757719 593.742202841313 443.96885870146355 591.5355594477296 409.673031390698 619.7122329999547 407.86021600000106 English 0
117.96175248811778 441.8916821730017 120.58714099999634 441.783770999999 120.82345232694934 447.53218493701917 118.19806382147362 447.64009600733857 English 0
120.93575999999302 447.3563199999761 120.57147747960698 441.3599830286172 128.16131999999925 440.8989600000138 128.52560955259833 446.8952894425866 English 0
133.13520075855195 440.7323733389064 133.4416335861897 447.9161455594299 128.94692927467986 448.10783988442773 128.6405019999802 440.92407299999826 English 0
132.9324551881291 447.3845654631361 132.71937500001513 440.0697080000283 141.07504419545876 439.8263442990859 141.28813416522462 447.1411916709028 English 0
152.05687507419498 446.4237950291922 140.52313631778816 446.3959095612681 140.53864360437728 439.98793856152423 152.0723580000049 440.0158240000002 English 0
142.9265991153079 534.082837109702 144.84129800002847 520.6011520000043 160.1548407307564 522.775567020394 158.24018743318447 536.2572111149731 English 0