191 178 478 178 478 307 191 307 English 0
512.6848141272785 100.93678743681365 513.1268102591275 128.6002392235861 415.0447189999977 130.16708199999522 414.60284121327277 102.50374751378219 English 0
609.6455958436854 96.5328045058486 608.9225109174004 128.38304562110577 517.0957279999857 126.29811599997984 517.8189308238507 94.44799487824007 English 0
92 108 142 108 142 137 92 137 Manipuri 0
43 437 353 437 353 543 43 543 English 0
396 444 579 444 579 561 396 561 Manipuri 0
452 584 519 584 519 614 452 614 English 0
521 594 587 594 587 624 521 624 English 0
9 212 62 212 62 267 9 267 Manipuri 0
125 176 159 176 159 193 125 193 Manipuri 0
98 175 124 175 124 192 98 192 Manipuri 0
115 158 137 158 137 173 115 173 Manipuri 0