217 368 269 368 269 404 217 404 English 0
269 355 376 355 376 401 269 401 English 0
199 284 376 284 376 371 199 371 Manipuri 0
375 290 496 290 496 345 375 345 English 0
393 271 435 271 435 296 393 296 English 0
270 277 355 277 355 311 270 311 English 0
361 276 388 276 388 300 361 300 English 0
18 387 64 387 64 411 18 411 English 0
382 366 410 366 410 389 382 389 English 0
408 363 437 363 437 385 408 385 English 0
435 361 452 361 452 380 435 380 English 0
452 359 469 359 469 380 452 380 English 0
467 359 480 359 480 375 467 375 English 0
481 356 500 356 500 375 481 375 English 0
506 315 545 315 545 331 506 331 English 0
543 312 564 312 564 325 543 325 English 0
565 308 588 308 588 322 565 322 English 0
496 285 534 285 534 318 496 318 English 0
532 278 591 278 591 313 532 313 English 0
589 269 627 269 627 304 589 304 English 0
359 514 390 514 390 570 359 570 Manipuri 0
370 576 398 576 398 636 370 636 Manipuri 0