276.7864056156395 164.53149141901176 280.97393700001703 146.18355899998176 326.1233434777387 156.48774458876974 321.9358706718049 174.83562607009236 Manipuri 0
321.6091774831875 175.6935047481916 327.3091557047155 154.0971619702589 413.78950417660235 176.9214900354536 408.08967398923414 198.51770497740478 Manipuri 0
373.7388797274616 6.231735010150478 370.8352130000276 29.821445999980043 322.58315906517964 23.882073284519652 325.48683100001654 0.2923669999777526 Manipuri 0
505.3134339125245 81.28777093312598 492.0089318292594 119.0874890879343 363.23038788970734 73.76072934936555 376.5349620000052 35.96115499998242 English 0
257.51450509975257 35.13930819372548 269.67494871445524 -0.6572824683383877 377.9534563472407 36.12592326591103 365.7930784126802 71.92245697041997 English 0
319.833049543231 61.84462873495946 313.9083527420007 77.92091586107763 220.66894206422148 43.55876580757012 226.5936530000181 27.482509000033446 English 0
406.1707475748699 92.68409219898489 400.37943720635667 107.95785902547998 310.9244875109289 74.03951328559793 316.7158170000039 58.76579100001747 English 0
243 67 266 67 266 89 243 89 English 0
230 66 238 66 238 81 230 81 English 0
284 347 382 347 382 367 284 367 English 0
324 367 380 367 380 381 324 381 English 0
291 366 321 366 321 379 291 379 English 0
492 391 516 391 516 403 492 403 Manipuri 0
465.3556522837607 387.6786717707249 465.35573599998315 402.589521000025 438.3915636432357 402.5895891666747 438.39153900000383 387.6787990000232 Manipuri 0
467.35797499997716 390.31010300000037 489.75064325888525 389.6572537485816 490.1598353533336 403.69087612617534 467.7671671537246 404.3437240246731 Manipuri 0
556.5699567989213 409.47228395582306 555.4556130000128 432.7033350000186 515.5804447798437 430.79066906655356 516.6949259999819 407.5597630000021 English 0
517.2682424847153 405.3117956849401 517.9688030000398 430.3643979999732 468.9354402245226 431.73507255403626 468.23507599998266 406.68266099999005 English 0
444.77261500003806 405.513192999999 463.5349915281404 402.50545395686225 467.7671679999912 428.90256199999624 449.00479443065706 431.9102885671512 English 0
458.813344079681 432.53785554232195 458.9044170000125 444.0634800000196 422.7882665441575 444.3486796326794 422.6972620000015 432.8231229999733 English 0
459.6734827277396 442.8284374147393 459.5406540000113 432.2680439999733 482.7034277635539 431.97672042195705 482.8362957805075 442.5370740320136 English 0
511.43205496831797 432.1914052317584 511.24239199998556 443.23086100001046 483.39281589105667 442.75237078548054 483.5825279999699 431.71296500000506 English 0
509.91362017506617 442.51250843068124 510.01818199998525 432.40681400002507 539.2327442608803 432.7090038307299 539.1282309844246 442.81465020291205 English 0
522 459 544 459 544 467 522 467 English 0
544 458 567 458 567 467 544 467 English 0
433 459 441 459 441 470 433 470 English 0
443 458 446 458 446 470 443 470 English 0
446 458 455 458 455 468 446 468 English 0
456 459 464 459 464 468 456 468 English 0
465 458 469 458 469 468 465 468 English 0
399 460 408 460 408 472 399 472 English 0
71.70009699999355 340.41081499996994 76.40147046862694 297.00899955055877 261.7397755217826 317.08209310070526 257.03948204172775 360.482919871732 English 0
92.78746999960276 33.64980499789871 99.119978000017 18.02035199999934 148.86237187558436 38.174208539402024 142.52987714462506 53.80365026077002 English 0
78.35843582914094 11.440439543276602 73.81211699997948 28.83256299998194 41.86412895760441 20.481323220703867 46.41044999996666 3.0892030000138657 English 0
92.53578168179956 35.268402216181904 78.45701792131877 33.45872401586713 80.97090999995999 13.90141399999915 95.04966895430698 15.71109189597202 English 0
201.46777053138067 54.405048219112956 195.9984919999988 69.50706999996616 155.2416814330354 54.746782563907416 160.71096599996963 39.644774000022664 English 0
194.67298369156197 66.73800842940105 199.90523000000394 52.51645299996876 231.92208187712822 64.29571999704409 226.6898495361238 78.5172635692234 English 0
135.41292848414741 12.182477361946786 141.64146490060375 -4.163340280721975 226.54844899545424 28.190266080978866 220.31992809199437 44.5360694942365 English 0
575 565 583 565 583 573 575 573 English 0
585 562 602 562 602 570 585 570 English 0
588 578 606 578 606 586 588 586 English 0
576 581 586 581 586 589 576 589 English 0