366.87250231298094 486.31084445125634 368.3525291889964 526.2351464925874 250.9765288737981 530.5837617909181 249.49741895230545 490.6603446389262 English 0
165.90962499998568 527.9091570000155 166.69864991265058 490.4450177049374 249.10704599999008 492.1798879999756 248.3186186975945 529.6434433459062 English 0
335 539 363 539 363 554 335 554 English 0
285 540 310 540 310 552 285 552 English 0
311 539 334 539 334 552 311 552 English 0
115.22601952536206 505.17560958346223 116.03522063349374 531.7943445883485 52.58350984637218 533.7222859994724 51.77464445740043 507.1038763314407 Manipuri 0
0 504.54744800000003 59.02720000000001 504.54744800000003 59.02720000000001 534.155792 0 534.155792 Manipuri 0
367.43828658014536 189.87460934338753 369.6665866674448 200.17791393111693 322.4036279065331 210.39908827019406 320.1753703512077 200.09582070713012 English 0
381.72444499999983 194.75882700001802 379.62574728182517 185.33673079801326 512.339083518309 155.7760174969123 514.4378400761343 165.19803009379504 English 0
407.73825500000385 171.15464699996556 402.66700022271834 149.66226174191436 548.5993949999829 115.22866099996943 553.6707678163657 136.72087622027402 English 0
410.9384496144048 151.61330509271727 415.4404808647814 170.67238057040154 330.8011641394114 190.66470908373242 326.29925466433633 171.60573895954738 English 0
286.7728604173317 202.87630333437932 290.813420772829 219.9143852367432 218.08315414753451 237.16139114870526 214.04271410203364 220.1234132929245 Manipuri 0
298.52094603214937 173.83401950237769 302.67359378689434 190.99669406164537 221.18300368725613 210.71317175681486 217.03047477705695 193.55059972213408 Manipuri 0
196.10452000000805 216.49883699997702 193.50552638243244 197.74905358322837 223.50280699996802 193.59110900001454 226.1018366895587 212.34084905247084 Manipuri 0
98.67733328574104 223.6620149917815 101.61851118820778 239.10572009667965 72.12851299998874 244.72165599999752 69.18738100976043 229.27799127364085 Manipuri 0
109.60400015108462 242.22913778541033 97.29708069986373 237.25097295696415 107.73203887409181 211.45496387368038 120.03890700005286 216.43311700001206 Manipuri 0
118.68282800001907 232.37621900002887 116.52209553103603 213.62369303699094 147.47266600003059 210.05757399998572 149.63344006464467 228.81005169848206 Manipuri 0
158.32771322915505 231.08995177864148 144.74724848470942 225.8025888767832 155.43450562749058 198.3536795958129 169.0149129999918 203.64103000000142 Manipuri 0
197.89441725311917 197.46860715903983 202.5495505577419 215.00139861640562 167.94155190247693 224.18978955903856 163.2864757633797 206.65704710929103 Manipuri 0
96.18238777555234 247.70855910438405 99.14063865457138 262.83846836826126 59.373994633569964 270.6132750767646 56.41581100724579 255.48342473098455 Manipuri 0
160.97148784923775 233.59709360207205 164.1630300675024 248.95820690344755 91.41088247095468 264.0727566442956 88.21947860560613 248.71174889299152 Manipuri 0
220.26682151416026 218.71383714804625 224.1734044952318 236.63266875128656 160.25441306017456 250.56719159384696 156.3479473687039 232.64846187464428 Manipuri 0