106.20458799996413 118.99914899999303 89.42153713498556 97.2835907541093 147.00046103687782 52.783492661489326 163.7834906349599 74.49900151353063 English 0
176.05221849800728 49.2069238411993 203.36942399997497 47.340835000000055 205.95601258813986 85.205146052466 178.6388072873524 87.07123311699318 English 0
243.92599086706468 262.0281381475441 187.9643613749795 276.1063136342437 177.75962041188905 235.54289888813528 233.72083599999314 221.4647780000035 English 0
221.64452877274016 329.7605147195312 184.80451844814525 336.48027178760753 181.61823665068368 319.01293267164937 218.45809299993562 312.29319000000424 English 0
230.32122996744874 277.97127751336257 190.62046300001384 283.9699729999994 188.35322478327726 268.9653001481309 228.0538713408896 262.96661391209744 English 0
232.99189700002898 277.3380049999974 229.36693859555817 259.9378408661853 264.6645610000269 252.58467400000035 268.28956442070194 269.98477633930565 English 0
218.6204651681328 313.2842003456882 248.01273400000355 306.68849800000436 252.11352847894887 324.96142304503394 222.72126447329356 331.5571107290413 English 0
250.99950299998454 326.9215949999801 247.66701349246432 306.7454390556592 281.03493499998876 301.2344459999937 284.36748785956297 321.41052220503866 English 0
333.89425227542233 253.50920278240392 339.82803009035706 274.2285930505201 305.9243605130905 283.9375643157013 299.99066800002765 263.2182470000203 English 0
338.51829300001555 274.6762540000121 333.57018661998154 252.22699433001594 380.63031199999386 241.8547950000139 385.57849209129927 264.3039505759713 English 0
401.96095100000093 260.2810120000107 396.9122592650092 230.5651975643031 452.6663920000283 221.09296299998272 457.71520230504393 250.80862617559995 English 0
284.73173156518897 50.088492478536885 259.2985939999926 52.20944299999901 256.63264320748567 20.240893594643637 282.0657590000337 18.119943999998814 English 0
329.27243599995563 294.19228200000265 325.2643228658417 279.00944267612016 386.03645700000925 262.96701799999005 390.04463295350433 278.14975818912444 English 0
433.2364466647414 252.3281369913094 437.55605486629065 269.2347463534476 394.7069229999761 280.1819099999657 390.38740065814636 263.27537449271387 English 0
312.3044359999767 310.0550740000328 310.15123210003367 297.1083262742991 331.97346000000834 293.4792549999762 334.12668939221476 306.4259705589533 English 0
353.8632844271342 286.1828132849956 357.15183881686244 302.38283101110846 333.51531014624925 307.1806046343435 330.22680499998387 290.980630000002 English 0
383.7204399687471 280.42589070089593 386.16505587466236 295.9221750611348 355.6667130000278 300.7330569999799 353.2221550201939 285.23682426533986 English 0
412.64353099999425 289.41071200001585 410.10012000646384 271.44588678780997 449.50954200001433 265.8666850000224 452.0530141445488 283.83143622213885 English 0
245.1200222128682 233.49409619253612 244.34213951615675 218.8696402652245 276.7269099999976 217.14711899999529 277.504830199905 231.77153505258983 Manipuri 0
337.4139309999737 253.26322100001607 334.59231483408075 242.32397029832154 417.4887331196078 220.94272949403114 420.31040246882185 231.88189708489728 Manipuri 0
124.12466800000402 316.399901000003 138.5690791246452 313.1079584459165 141.39127553826256 325.4902803301575 126.946866070939 328.7822178954483 English 0
158.9113126960001 308.2016389437555 161.37751855058013 320.8405727111468 140.44202470839082 324.9253180499712 137.9758550000406 312.2864159999882 English 0
180.04948591602442 318.2549346174033 160.53254724720318 320.14569781921017 159.12023634002253 305.5681849766365 178.63710900004662 303.6774249999974 English 0
103.20095399998536 332.0151499999918 100.64388768347271 321.4968556156935 120.59649900002114 316.64661399998465 123.15358279542124 327.1648823024218 English 0
470.94156099999964 128.61248199999025 465.0720784229634 105.13569560026701 550.7220180000149 83.72224199999462 556.5915545244206 107.19894569320587 Manipuri 0
568.1657309999719 101.37195300003359 563.4698265715269 75.63980733870893 615.9979210000165 66.0538899999757 620.6938583022566 91.78599261084835 Manipuri 0
526.4549239999906 139.93103599998162 523.1280256671016 126.61176452238438 555.6089339999744 118.49874200000549 558.9358464972611 131.8179921113137 Manipuri 0
566.2975620000361 130.85513500000042 562.8048891454819 115.14429584441697 593.762302756586 108.2622235947811 597.2549912255636 123.97304050207468 Manipuri 0
469.5551510000223 174.83486000002873 467.8290710876172 161.395952695522 486.91422100004274 158.9447220000311 488.6403145173972 172.3836132388327 Manipuri 0
514.982234311683 166.94091308148018 486.6914185498172 171.6881327249345 483.9964664645231 155.6278519918939 512.2872280000593 150.8806369999957 Manipuri 0
514.6582910000143 150.19068399999747 529.3663761999778 147.98863385942295 531.4632731417078 161.99412691605193 516.7551883470878 164.19617524747008 Manipuri 0
556.3951609938522 140.98227952059582 559.41054217692 152.4045944631334 530.2238360000047 160.1094399999769 527.2084772768721 148.6871443667574 Manipuri 0
583.3689253101329 133.33041724678873 587.0137494194205 145.72520578373738 559.2623779999849 153.88564600000655 555.6175763007195 141.4908766106671 Manipuri 0
587.763952000023 145.60279000000685 585.3731142811012 128.07724012790436 618.8368439999613 123.51216199999654 621.2277064954105 141.03768212422187 Manipuri 0
479.6382479999738 294.6848850000236 478.6272865601495 274.4424048291118 544.309315999999 271.1621110000333 545.3204100263974 291.4044510520788 Manipuri 0
552.7943899999809 294.15564500001216 550.2224630443379 268.91737665091983 615.8950790000381 262.22520200001753 618.4671580296708 287.4632975136699 Manipuri 0
281.8367332753405 368.13887138600035 264.0900685294764 370.7237032981643 261.2558180074848 351.2661741298768 279.0023910000309 348.68134899999654 English 0
187.52612600001157 319.0424999999647 185.22662777591904 308.811801990744 219.67295199996443 301.06999599997454 221.97247944459377 311.3006523417477 Manipuri 0
237.92967017536284 295.2069784600242 241.19166325515835 308.32154677108144 220.53920899998047 313.4580460000143 217.27725253324024 300.343509280735 Manipuri 0
277.87767363668536 290.4478175584917 279.3552663724404 304.77444541986506 239.88117486762349 308.8452555630226 238.40365099997143 294.51869100002517 Manipuri 0
220.30367855484656 331.16458336753806 221.61418013674847 341.657547972207 197.7681156789913 344.63545791650967 196.45764900000358 334.14252499997394 English 0
220.14667499999632 342.969078999985 218.56725268560695 330.6725462534493 241.67582299996866 327.70460800000774 243.25527558998147 340.0011050262946 English 0
243.96300399996107 339.33810699998213 242.42792919510975 326.32450142035793 269.71169241238385 323.10636554239386 271.24680515487853 336.1199271309139 English 0