147 52 265 52 265 101 147 101 English 0
291 45 412 45 412 89 291 89 English 0
227 116 268 116 268 135 227 135 English 0
285 112 318 112 318 132 285 132 English 0
135 151 161 151 161 169 135 169 English 0
340 350 452 350 452 395 340 395 Manipuri 0
240 345 325 345 325 392 240 392 Manipuri 0
133 345 229 345 229 388 133 388 Manipuri 0
438 265 510 265 510 295 438 295 English 0
19.833567000023322 294.35329300001206 17.92388315916469 249.22533559105403 109.24976200003584 245.36069199998465 111.15984172021854 290.48823345694314 English 0
1 294 69 294 69 324 1 324 English 0
28.826158000010764 348.491136000035 27.28854113142006 327.3237103773977 93.11063499997545 322.5425599999767 94.64841219574737 343.7098112066971 English 0
182 214 373 214 373 286 182 286 English 0
500 441 530 441 530 457 500 457 English 0
534 444 563 444 563 459 534 459 English 0
568 446 604 446 604 463 568 463 English 0
447 326 498 326 498 342 447 342 English 0
7 236 48 236 48 251 7 251 Manipuri 0
380 139 420 139 420 162 380 162 English 0
350 140 376 140 376 162 350 162 English 0
308 142 348 142 348 165 308 165 English 0
266 147 300 147 300 166 266 166 English 0
225 150 263 150 263 169 225 169 English 0
164 150 200 150 200 169 164 169 English 0