0 152.719415 47.109222 152.719415 47.109222 212.843172 0 212.843172 English 0
5.591838160107727 215.14450920296187 49.771737000046414 218.8039690000022 44.83146792081243 278.4442125702588 0.6515709999803221 274.78477300000185 English 0
-0.554273103189189 299.3480059668848 25.727186000003712 294.83322600000014 30.5379272022401 322.8355911490007 4.256472092674812 327.35035627883747 English 0
278.0270159999782 142.75378600003438 252.9875560644723 31.568566069293063 402.9503463589208 -2.20393208638814 427.9901361082739 108.98098151909971 English 0
94.49998199997935 262.3894729999875 93.49513947265223 243.21571535697353 117.45424699998694 241.96014200001622 118.45913026081689 261.13385632387997 English 0
26.414166475005914 292.6608364957628 59.158297999965725 290.9449139999999 61.0563424279826 327.1618919586664 28.312211491065682 328.87780728798805 English 0
596.8366987243644 191.10945564298987 631.0679520000122 186.20326499999544 637.4630956786132 230.82179440971072 603.2318461909745 235.72796769579497 English 0
110.71778954930778 296.78784879422705 75.24767431837972 295.8993486447057 76.02477862514206 264.88284375254807 111.49466299997584 265.7713409999997 Manipuri 0
147.2100247475464 259.62691201181144 149.46762302650313 286.15769086254056 115.11872499999299 289.0802829999957 112.86122692668869 262.54959724436196 Manipuri 0
202.03684274441912 251.41269282553503 205.8689653280453 292.57054788937717 146.02518799998506 298.1418490000208 142.19333832064876 256.98424678382025 Manipuri 0
0 126.92776800000001 8.920461 126.92776800000001 8.920461 159.460825 0 159.460825 Manipuri 0