310.17263300003833 284.6676260000104 297.32747898575326 240.72350606286818 428.19277599999623 202.47191400001168 441.0382483905414 246.4154887643021 Manipuri 0
439.26663599995663 186.06673500001125 499.58047967986204 165.96531938068512 517.1294522021344 218.6192051074424 456.8156485926738 238.7205364654072 Manipuri 0
58.10772300334065 496.70017077004263 62.568106977123534 511.2604369348168 27.766130000018165 521.9194269999729 23.30586372394464 507.3592611764454 Manipuri 0
79.87840648071142 490.2658200320923 83.59558729935088 505.2593522238807 61.05336900000111 510.84686599999833 57.336263268007315 495.85339856786254 Manipuri 0
28.679768115543993 543.823750742912 47.69900100000086 539.8908440000058 50.162026278994745 551.7992107021178 31.142796354033635 555.7321076980496 Manipuri 0
70.19838993546728 532.8294304374681 73.28161977537093 546.9058070370578 50.384590000030585 551.9198820000296 47.301436588095385 537.8435718649173 Manipuri 0
71.75834399997257 545.5341450000312 68.8057044949528 531.005941980339 97.46046400003252 525.1834869999958 100.41316579969134 539.7116055303115 Manipuri 0
56.84000399996876 594.6516809999832 52.12894344062079 573.4410404348062 108.69231800003035 560.8807500000272 113.4035650248552 582.0911263589433 Manipuri 0
161.76404463556537 451.732447878727 165.1160787124536 468.4439978694463 129.63989500000025 475.55857099997684 126.28797990793828 458.8471251991382 English 0
153.86952929387917 525.2427227774571 130.2577843907784 529.7883721471022 128.03412594177644 518.2399599936148 151.64576600000146 513.6943209999974 English 0
175.72835303333704 509.09289210954745 177.75453499998548 519.6233230000211 154.12324956305383 524.1692832157352 152.097122999985 513.6389009999741 English 0
146.62886400001298 571.2682090000204 142.3621103206824 552.8352381073048 181.9275738311262 543.6788901059747 186.1944347453391 562.111705818726 English 0
174.89874853570655 463.5534169970908 164.74653718803893 465.5540805527787 161.49927300000854 449.0785109999934 171.6514281554555 447.0778531421514 English 0
296.44822100002784 462.5998240000331 291.3978517653595 438.75591665610267 342.54913900003885 427.92306000000934 347.59965742894565 451.7667608501097 English 0
224.78004900003725 354.8515839999933 210.91499417438172 305.3033108278617 525.6212023971602 217.23998145698275 539.4873100049153 266.7865422402917 English 0
563.3642282104847 281.02413150443977 578.93490785209 338.86459319367486 244.77916657451715 428.8028183451843 229.21154299998307 370.96496199996625 English 0
599.1195872768003 362.08421133728956 607.5730969467986 393.0807148761406 539.4630367215723 411.6534287646678 531.0098940000171 380.6572400000106 English 0
630.4156591569335 354.48079370549374 639.0767261873407 387.7338904740302 611.7495681658329 394.85061332439227 603.0886530000134 361.5976470000069 English 0
142.19741957022052 475.12337062886644 144.76419999999052 474.56128099999705 145.99513828805357 480.1814061554144 143.42835804207425 480.7434952097709 English 0
146.0751860000164 479.9886339999677 144.67501245475432 474.1466943072655 152.06966500001727 472.3746700000262 153.4698438718624 478.21660182895334 English 0
156.9390538083826 471.34690860004804 158.4884847990179 478.36828698004445 154.09535257378593 479.3375658010233 152.54592800003593 472.3161930000177 English 0
157.8947366160719 477.93320284706743 156.4144749999832 470.7665180000163 164.60073568370717 469.0759466023735 166.0810050114378 476.2426208967773 English 0
176.56157178498688 473.6661506040867 165.1981575715763 475.6411827839685 164.10069575125817 469.32787296104044 175.46408499998506 467.3528430000017 English 0
182.7923370834469 561.5788947654402 182.33637700002873 547.9695589999941 197.79435082309647 547.4517803255604 198.25035279216536 561.0610726419693 English 0