76 431 236 431 236 477 76 477 English 0
247 432 345 432 345 471 247 471 English 0
355 431 382 431 382 472 355 472 English 0
391 430 543 430 543 470 391 470 English 0
238 224 262 224 262 240 238 240 English 0
265 228 277 228 277 241 265 241 English 0
280 227 326 227 326 243 280 243 English 0
328 228 394 228 394 244 328 244 English 0
294 244 340 244 340 259 294 259 English 0
140 349 236 349 236 391 140 391 Manipuri 0
244 349 315 349 315 388 244 388 Manipuri 0
324 358 373 358 373 386 324 386 Manipuri 0
382 349 479 349 479 388 382 388 Manipuri 0