318.3325429999968 276.6382659999759 302.4570443412813 242.60871329751367 370.8087979999982 210.72256699997138 386.68435196916107 244.75188359605582 Manipuri 0
307.20822879244224 258.42168730488976 317.51209059024404 275.23158782438014 277.3886073570611 299.82428412184026 267.0848394463246 283.0144655907528 Manipuri 0
271.24036465145764 267.78096392374374 285.84524338919437 292.8476725482725 229.10059433845163 325.9069571439789 214.49592471770302 300.84042986810016 Manipuri 0
194.76917000094545 316.1870159130802 206.68333937232092 338.33002573300774 170.86868600003072 357.59852300000955 158.9546478472039 335.45562591990563 Manipuri 0
218.32082900000387 368.7293110000075 207.3761915427167 347.4973492368813 282.9404760000034 308.54866100001857 293.885145362874 329.7803965323892 English 0
298.55165300003137 326.72040100000146 286.62393418271677 298.28418514533615 332.4484900000243 279.0641369999776 344.3762626863463 307.5001924105429 English 0
337.3887858056696 316.56948934261897 353.0942912078899 347.6668488823191 174.49284119524236 437.85649275075224 158.7883546100784 406.760003132203 English 0
597.8032372082089 42.74158901469899 629.4017540986533 107.80761837457901 459.9197489999642 190.1128399999896 428.3218439826305 125.04732911588033 English 0
449.04750100002275 233.2644879999832 440.6262669462012 217.10164672280752 563.9872355269472 152.82899324226153 572.4084899034642 168.9916731947852 English 0
589.0122289999999 161.7949649999974 579.2786725638143 140.9820218196184 610.1450209999894 126.5470269999881 619.8785864253296 147.35993189328522 English 0
474.67662199996994 287.20674899998335 466.96251010384003 271.32261592026896 512.5390035484452 249.18958309416615 520.2531316228124 265.07363583163453 English 0
622.4949032219592 196.67765338029002 631.5236425598414 214.6129487960296 529.0429866252816 266.1998250582807 520.0144536109292 248.26470575539574 English 0
601.5074035023281 234.80320526202004 609.5166330986103 250.21584747299133 545.0801703130855 283.6985564364563 537.0710663821228 268.2860218312395 English 0
441.41725100002077 345.91876900001216 433.0120639337838 323.8837841245546 521.4304149999953 290.1590900000227 529.8357050696359 312.19382747468774 English 0
586.6324602836539 287.3575147768655 536.1574379345984 309.6425350657568 527.9893177730992 291.1428640163583 578.4641499999998 268.85789199998686 English 0
230.1522425076837 96.16810383216695 237.60215641079412 105.51772501495135 215.26305309060263 123.31767345647506 207.8131509481318 113.96806314590258 English 0
246.3880230000359 97.81100100002033 239.0889877150039 88.0589355197455 280.4816649034183 57.07829023324837 287.78069437081285 66.83034110887719 English 0
334.8732036715228 10.278823543823082 345.17532008998387 22.485417831536946 287.87263673169946 70.84763606853862 277.57053459616145 58.64105528774637 English 0
340.8283980000124 21.276378999983304 333.61681526374014 12.498387084505392 359.51457819530333 -8.77798818794083 366.72616027448385 0.00000276857367356156 English 0
233.70693546181428 87.69955924048729 242.39168134095962 86.9847155340461 243.89008140642545 105.18888779682867 235.20533558505122 105.9037310341572 English 0
194.23443400002725 70.0149790000158 189.8673946825147 65.28191439456903 201.48582926740346 54.56200846341261 205.85286717279814 59.29507133106967 English 0
220.7428950785834 39.469741830216144 224.50696911553678 44.24838844578431 213.83589448509156 52.65383207289655 210.0718216527457 47.8751865679193 English 0
599.6943477330933 403.84207666424777 601.9344577974698 410.7412868030179 572.4857699999848 420.30171600002296 570.2456984131277 413.40253859040513 English 0
603.3735840000008 409.64134700001347 601.0599500912213 402.5496493047464 631.9426979999844 392.47544999999513 634.2563498910022 399.5671133370928 English 0
634.3345774840418 392.33423135787564 640 390.33077399999434 642.1971332086105 396.5431635916803 636.5317116552615 398.546619012289 English 0
98.57275700000173 514.5617779999985 95.44308483185887 506.2107997847415 113.6780049999652 499.3782449999881 116.80769035148842 507.7291925350784 Manipuri 0
79.22478799999226 546.8462239999797 75.74144083126157 538.3948103883096 107.32539999997243 525.379844999975 110.80876760657702 533.8312010224347 English 0
74.4761323115381 537.9755168022142 78.20628570145345 546.7138325772831 52.189555000004475 557.8171060000167 48.45946098692366 549.0788405808426 English 0
54.56665901256201 567.2979647272807 42.41964566121169 572.2024218180752 40.103423786349595 566.4671026935191 52.250408999971114 561.5626520000002 English 0
66.42085476785724 556.0324480914538 68.68357592225948 561.5151816893631 56.21994695124158 566.6576841695517 53.95724399997562 561.1749660000087 English 0
67.63031989925366 554.9467987673979 89.51918301841943 546.7845761422006 91.94225799998094 553.2811390000095 70.05340093033738 561.4433499627714 English 0
102.31899415950465 523.8334035123422 34.4908815126837 557.0387523654592 26.470273783343146 540.6581352881261 94.29797500000859 507.45290600000135 English 0