75 212 125 212 125 231 75 231 Manipuri 0
203 247 265 247 265 281 203 281 Manipuri 0
269 252 328 252 328 283 269 283 Manipuri 0
344 227 395 227 395 245 344 245 English 0
397 230 449 230 449 248 397 248 English 0
100 280 260 280 260 347 100 347 English 0
263 289 420 289 420 355 263 355 English 0
165 357 211 357 211 383 165 383 English 0
213 360 258 360 258 386 213 386 English 0
263 362 314 362 314 387 263 387 English 0
316 365 352 365 352 390 316 390 English 0
318 404 351 404 351 416 318 416 English 0
271 401 302 401 302 412 271 412 English 0
213 400 249 400 249 409 213 409 English 0
168 396 194 396 194 409 168 409 English 0
113 395 145 395 145 407 113 407 English 0
415 409 449 409 449 422 415 422 English 0
367 405 399 405 399 420 367 420 English 0
409 493 441 493 441 512 409 512 English 0
404 513 448 513 448 531 404 531 English 0
412 578 440 578 440 591 412 591 English 0
414 609 439 609 439 618 414 618 English 0