21.796805512567516 96.46740781886595 56.06303900000057 1.2612329999773106 327.5987125685788 98.99051023432278 293.33367920735327 194.1956543896023 English 0
286.5299791747384 167.70706221352884 307.7572269999655 106.10910400001953 454.5581387189304 156.69698399074562 433.3315713947377 218.29436386784468 Manipuri 0
371.02700197348895 190.4750850767434 361.13922500000626 223.24346399999172 293.23724770620174 202.75456751796156 303.1251209999755 169.9863579999789 Manipuri 0
14.281268051126972 208.04349794404692 22.87426399998367 170.8729499999822 174.58389838815492 205.94320319842967 165.99141852922912 243.1133015898181 English 0
168.33581701335788 243.02055741050805 175.08971800001746 214.61183700001385 275.9398733296257 238.58672335652702 269.18627740182274 266.9951793857375 English 0
296.6435186399758 191.1058845976969 288.73789244804357 218.0564558302114 205.723850618524 193.70563401804932 213.6295746131509 166.75522733921557 English 0
274.5592247713648 270.81711180234936 281.44266600000265 240.7394179999744 367.2754712207825 260.3815247261924 360.3923318107263 290.4589562174618 English 0
461.23333800002 175.50761900001305 470.4586172902782 136.73494120391294 554.582739234902 156.75031605913153 545.357699891174 195.5227861437619 English 0
544.9796862922085 197.21194857169303 552.0713680000335 170.14121699998444 619.7895391401835 187.88071123311087 612.6980158572405 214.95130602590507 English 0
520.2250846334209 324.6381394104267 526.4692389999982 278.11348899998984 636.2028397207177 292.8396885264944 629.9593421025202 339.3637430367144 English 0
342.49996015336365 527.8314521601083 343.4820146641141 630.1308237640193 98.78031899999769 632.4698929999785 97.8037038934417 530.1758748108097 English 0
76.55122404881695 627.4244208258647 30.07476243445126 623.0422843022777 45.32623031103867 461.342701342229 91.79965900002571 465.72469399999943 English 0
355.4165909999574 483.46893500000033 382.44494077829586 483.2559730414237 383.4805320000305 614.661606 356.45218229474267 614.8745622482406 English 0
421.16276000000653 480.4282580000013 628.8443989353982 466.7472707663896 637.0912031636544 591.911692954048 429.4096000674472 605.5923372241207 English 0
627.3565862934629 639.9998512949445 459.0391625038319 653.8567190749073 455.18363266746746 607.0150257213048 623.4974199999851 593.158308000002 English 0
98.76779580205039 128.69547662007338 85.56854757545807 164.3939594153465 -0.4994893593539018 132.57111260238108 12.699828000040725 96.87278899997244 English 0