160 345 235 345 235 400 160 400 English 0
237 347 319 347 319 407 237 407 English 0
153 402 271 402 271 464 153 464 English 0
142 461 215 461 215 481 142 481 English 0
218 465 256 465 256 481 218 481 English 0
259 466 290 466 290 485 259 485 English 0
291 468 323 468 323 488 291 488 English 0
195 484 230 484 230 504 195 504 English 0
158 307 215 307 215 344 158 344 Manipuri 0
216 310 249 310 249 344 216 344 Manipuri 0
251 302 301 302 301 346 251 346 Manipuri 0
144 503 172 503 172 524 144 524 English 0
177 512 196 512 196 527 177 527 English 0
199 507 217 507 217 527 199 527 English 0
221 508 250 508 250 533 221 533 English 0
269 513 293 513 293 534 269 534 English 0
295 515 312 515 312 532 295 532 English 0
163 525 202 525 202 544 163 544 English 0
208 530 229 530 229 546 208 546 English 0
229 531 277 531 277 553 229 553 English 0
277 537 296 537 296 552 277 552 English 0
400 26 503 26 503 63 400 63 English 0
515 26 631 26 631 65 515 65 English 0