290.51223555972683 111.07435139921476 208.63049526597024 116.50702490124189 206.08974611204758 78.21116783695555 287.9712599999766 72.77850200000022 Manipuri 0
382.27258208731655 65.69965278930934 385.0743415502802 111.77198351548171 295.6382920000033 117.210543000006 292.83668007628876 71.13835137065236 Manipuri 0
46.48844600000302 191.4697129999962 41.463503101767856 129.3326041333006 291.31005288545566 109.12688414733871 296.3357868372259 171.26309628269985 English 0
302.22889500000747 171.66208800003474 298.0950922954071 114.87529367282468 542.1971324478363 97.10485666396355 546.3315742705163 153.89096004149133 English 0
134.48224500003562 220.30561000000114 132.01301965069433 192.85631491806174 188.86608190798142 187.74214266199394 191.3354141162563 215.19131838058325 English 0
185.97442600002978 214.76043600002131 185.47578838195477 192.83956798131598 209.47008108320006 192.29378153775605 209.96875758348324 214.2146096494656 English 0
210.38134062044264 214.92346412041826 208.0111730175122 185.1949747643697 236.09038900001906 182.9563709999768 238.46061321637535 212.68479759568893 English 0
284.57653971949185 211.72786473813997 235.5018877080147 213.40019494412525 234.50945387536194 184.27461463336968 283.5838959999819 182.6022879999997 English 0
308.9428017047612 218.2790186598598 287.0456527848728 221.32523430172128 281.05019964597886 178.22886885884435 302.9472099999839 175.18266300000502 English 0
362.26695614503114 206.94472627404295 304.7697049999988 209.95794699999973 303.31925716141996 182.27959567647886 360.81627799998387 179.26638099999963 English 0
376.5667289999692 204.7719169999857 373.52441845498106 173.34759109713178 469.66212102510326 164.04013355508897 472.70461766085646 195.46425154228 English 0
150.6046349999815 252.90816000002894 148.87843588781834 229.3096896837396 217.48106810598983 224.29157234492823 219.20739947650873 247.88989792286537 English 0
269.1832253261964 218.19525501392752 270.8483290000004 245.18314800003137 216.65963045947137 248.52615816118566 214.99466100001882 221.53839200000692 English 0
273.5230705069989 244.37918944406528 271.7726440000115 219.6309139999788 352.0376043405122 213.95386169241672 353.7881873493461 238.70196732312706 English 0
358.3564199999819 234.19220599998397 357.47181533195544 210.08172033768568 402.7612657345162 208.42009183535902 403.6459569216822 232.53048712990488 English 0
461.8457291511004 203.1448030628407 463.23547499996494 228.69572800002732 404.6464106126223 231.8821428847434 403.25679200002924 206.33133900003043 English 0
497.9146299720014 228.30157327818185 464.6232132930163 231.97834047764232 461.57558352722845 204.38377400220662 494.86685300005774 200.7070149999962 English 0
159.75722800001677 295.1274019999797 158.93816253068508 271.02096861937264 236.2075669940532 268.39550097065944 237.02682096256467 292.50173996353794 English 0
244.21980899998744 287.14265200001665 243.57894557862892 265.88425970667754 307.5389085839561 263.956067766872 308.1799070807756 285.2143204832003 English 0
369.6168768692587 257.7780280706933 372.10278699996707 282.5755349999988 316.60405888156674 288.1386507954284 314.1183009999804 263.341284000016 English 0
384.3936712199502 281.9231723653584 383.3418094609078 252.2859493497086 468.0184383284359 249.28063198045754 469.07053917559097 278.9176036690325 English 0
563.1841048756178 238.3313845140383 568.9860000000044 290.76019299998046 507.3390676141571 297.5814485657603 501.53752544676536 245.1529620343353 English 0
248.57863491983153 299.01121138478953 251.3114733263501 326.9562474607841 161.364852788829 335.7511335855946 158.6323370000173 307.8063950000095 English 0
339.04880180773034 324.1601357067199 255.09564475214574 331.5723079825086 252.46899613717687 301.8207434430611 336.4215719999629 294.4085970000006 English 0
402.74838047553203 317.26353335588374 353.95344644341094 321.8087512566055 351.51262650026183 295.6056942897744 400.3072699999757 291.06048999999877 English 0
405.84708624504856 311.41742841609505 404.5386646181578 290.76854071682 470.3144260461704 286.6008003248948 471.62298806251783 307.2495344774578 English 0
138.2015305357345 291.27394815733527 140.1509574708325 325.52116027520844 23.965088999975706 332.13320100002557 22.01614711295406 297.8864483879781 English 0