73 242 132 242 132 276 73 276 English 0
3 184 37 184 37 202 3 202 English 0
37 184 69 184 69 203 37 203 English 0
72 181 109 181 109 203 72 203 English 0
348 295 403 295 403 317 348 317 English 0
325 275 413 275 413 303 325 303 English 0
320 277 341 277 341 289 320 289 English 0
340 273 360 273 360 285 340 285 English 0
361 261 415 261 415 282 361 282 English 0
50.37707495794166 252.44312756225787 48.860496931374655 276.3171765421772 -1.516687625698978 273.11698587798236 0 249.24305400001236 English 0
186.63819969893666 250.71764540998726 184.93191245368507 272.7030575690226 135.58885077261948 268.87356444690874 137.2952339999756 246.8882570000106 English 0
103.58494884174434 124.58185663947071 103.44919700000901 137.1649010000304 74.1385554374574 136.84865749114022 74.27432500000577 124.26563100002737 English 0
7.876384444025462 181.66151975400763 8.36498800003028 141.09074099997702 182.20896242688468 143.18365333118214 181.7207903990493 183.75400513106922 English 0
328 261 358 261 358 275 328 275 Manipuri 0
359 255 378 255 378 269 359 269 Manipuri 0
378 251 403 251 403 266 378 266 Manipuri 0