182.17148999996425 399.2960030000001 181.488315817478 371.5804458656958 280.0269450257474 369.151284799403 280.7104995703412 396.86645147978305 English 0
286.8111222450534 396.04925744238744 285.54367799995816 368.4309429999723 385.5129254543135 363.843192186338 386.78074118623044 391.4611155102899 English 0
194.48670099998708 371.7159500000323 194.1284325880406 343.99054926654674 275.0297839999985 342.94497400000944 275.38834700520965 370.67007503517 Manipuri 0
279.22954699999536 366.3274539999843 278.91968985240965 348.56255472732107 350.9378279165685 347.30626161822016 351.24785184110806 365.07099120639884 Manipuri 0
208.46641699994507 412.3418600000083 208.19993740333302 397.06400187522064 273.58484205949935 395.92343326011235 273.8514691617456 411.2011412638109 English 0
304.1750411697285 410.6712597753304 277.04334418413055 411.14478836394983 276.7395435646904 393.73595235151555 303.8710990000254 393.26242500000006 English 0
369.4683037939103 392.44088691602 369.9779760000092 406.32414900001294 307.84869920076744 408.6043646255697 307.3391599999741 394.72123100003125 English 0
234.51814302214189 412.94826171492457 234.7241340000619 423.2560379999783 189.81646552296297 424.153161274919 189.61054799998237 413.8454569999817 English 0
276.89281419545296 422.51997854202375 234.79974351350393 424.85988651813017 234.10895454580896 412.43326445779473 276.2018629999511 410.09336100000155 English 0
281.13837100005185 421.3797030000361 280.77273291964957 410.66278983295837 344.7176749242499 408.48114539019105 345.0834150215087 419.1979526632101 English 0
345.08959600003436 419.5526430000341 344.69547455570137 408.5284906354344 383.53501238671015 407.14004022189414 383.9291972139472 418.16412674950277 English 0
183.12151636688213 449.1491096369614 184.89415099997132 428.8633910000132 210.92111606762046 431.13738067122495 209.14857479961938 451.4230125146639 English 0
209.59139099999447 449.63824800002493 208.89847277780063 429.0382285825966 274.73849300367874 426.8236467585473 275.4316246320377 447.4234451771809 English 0
314.7388150000188 445.6705500000239 313.89461495826254 425.5542474475734 386.3555263267335 422.51347513353335 387.1999514003255 442.62954201949276 English 0
215.0636900000245 464.46913899997213 214.70130751891702 450.92663277386924 290.9712934352865 448.8856543841939 291.3338465187553 462.4279848373857 English 0
293.2414570000401 463.104540999969 292.7836272647255 448.18125463193735 373.3116347030591 445.71067596243347 373.76966112613445 460.63375912209403 English 0
276.9573264407518 462.586156396502 277.8601650000928 477.94406400002936 216.31979650344874 481.56078560621035 215.41713300000993 466.20304400000964 English 0
278.8077599999815 477.92752400002706 278.1990641725133 461.9314070531319 364.40034705854487 458.6512161724843 365.0092735603539 474.64709281746167 English 0