185 347 210 347 210 370 185 370 Manipuri 0
213.14729400000942 366.4965590000015 210.07767836366838 342.140403991834 274.87801000002946 333.97417300000086 277.9478020411625 358.3301200181458 Manipuri 0
273 232 279 232 279 237 273 237 Manipuri 0
282 229 295 229 295 236 282 236 Manipuri 0
513.6732119999942 151.5560989999872 510.2365561030456 138.98836372397506 548.933659999966 128.40674399996837 552.3703321271751 140.9744529010801 Manipuri 0
471.9936089999828 320.1607940000198 470.7846069363586 314.44843732384516 492.4414209999668 309.86515999999864 493.6504337716906 315.5775018629594 Manipuri 0
470.3909538580774 315.367714845171 471.12808870071603 320.63161122941756 463.8675807654363 321.6482608162423 463.13045100003364 316.38436900002586 Manipuri 0
316.96555782749783 567.5094968118422 316.5188550000312 555.8146390000336 329.67839404671395 555.312106527846 330.1251277324627 567.0069321747935 Manipuri 0
361.0726696337224 556.9034231068975 360.7119650000095 568.8839500000165 330.3162335678644 567.9688877392933 330.67701200001466 555.9884370000259 Manipuri 0
261.61899549362715 559.607616235912 250.68005621847988 559.4977726630965 250.805743000019 546.9868510000002 261.74462592236523 547.0966942897388 Manipuri 0
290.9656374123733 550.581542433001 290.218429000015 562.8709209999821 262.52186878744396 561.1872081743232 263.2691429999977 548.8978999999993 Manipuri 0
115.72455129440641 351.71911004644465 116.71489583990478 355.82585440273544 101.01459834077104 359.61161556430716 100.0242639395583 355.50487997507736 Manipuri 0
144 395 150 395 150 401 144 401 English 0
146 381 153 381 153 386 146 386 English 0
159 378 197 378 197 400 159 400 English 0
199 363 317 363 317 396 199 396 English 0
308 400 323 400 323 414 308 414 English 0
285 403 305 403 305 414 285 414 English 0
466.56181699996523 184.85004700000457 462.36351740146347 165.90408760768358 517.9535939999914 153.585892000025 522.151941662305 172.53178334064717 English 0
487.0268560000113 193.37919100002085 484.0659558286279 184.49196045274846 497.7362130000256 179.93764699999392 500.69711770673166 188.82486864784602 English 0
531.2277170000016 259.4453580000281 529.4013400856056 249.52683529215395 561.8268520000129 243.5563120000344 563.6532523509959 253.4748041452827 English 0
519.2657875698205 176.38174332612405 521.1292433805647 185.5607492242812 499.8973980000301 189.87095499997082 498.0339576462575 180.69196261420876 English 0
522 173 530 173 530 183 522 183 English 0
566.5082199999597 252.40161999997216 564.7896860751644 242.96244006353817 595.7173830000102 237.33184300001992 597.4359377106157 246.77099592508782 English 0
618.0414983468654 232.35876218200417 620.1386691657535 242.44788581803027 599.6308310000313 246.71052699996943 597.5336817311472 236.62142219947845 English 0
623 230 636 230 636 240 623 240 English 0
531.6304059999675 181.2102189999729 529.326135817173 172.54509111295025 554.4376560000092 165.8674579999881 556.7419353751029 174.53257136223164 English 0
495.33934099999897 318.25757100003165 493.48517138882016 309.0462735771247 531.4229691070796 301.41014411645716 533.2771690776281 310.621400450646 English 0
511 318 518 318 518 324 511 324 English 0
518.5842499999853 323.72787099997356 517.6360407310858 317.91730702793706 536.4214909543807 314.85198106533585 537.3697106961481 320.662531904964 English 0
591.9627145472623 305.4647256784091 592.8963333911815 311.7679265821853 567.6362920000247 315.50908299996826 566.7026938775962 309.20590065842316 English 0
538.2200040000316 319.87476599999957 537.2764932034625 314.12396721263457 565.7195728463557 309.45772913684766 566.663099088837 315.20850853467687 English 0
581.298076000021 303.6455750000183 579.2693861942826 293.2226072238375 637.9798587331607 281.79598166085873 640.0085994380061 292.21888158079605 English 0
286.9928657962737 255.35907678172023 287.9742371428438 281.7901099495724 258.0085929999768 282.9025700000119 257.02730364646413 256.47161579610616 English 0
216.99876799997583 289.2421700000134 213.36400846514152 273.3703909966338 249.7956079999858 265.0277109999914 253.4304100263398 280.89942889146164 English 0
134.57183842750965 378.65794994848846 146.2223464998533 381.1187516195867 145.28581500002474 385.5522180000048 133.63530741647992 383.09141791333025 English 0
167.2290459999931 414.4478880000059 167.112391271221 411.5257012547146 177.16029200004414 411.1246309999731 177.27695104913437 414.0468132332587 English 0