268 212 285 212 285 232 268 232 Manipuri 0
391.9256029065582 169.22213860765248 401.7063793464331 194.3000223111178 300.0028000184102 233.9643818502206 290.2222649561736 208.8867023523228 Manipuri 0
410.6773019999673 189.5766079999753 401.9292613165453 163.63991061863985 481.11696500003745 136.93155700000352 489.8650718379213 162.86812194481897 Manipuri 0
166.3770150000346 337.06036900002715 156.7161886888789 297.6627622957609 199.75741499998549 287.1092220000134 209.4183764943591 326.5066257889867 Manipuri 0
46.262434966047294 326.8829199227938 69.78420100000221 324.84244099999785 73.2324090473412 364.58847981779854 49.71064439982001 366.6289482665353 Manipuri 0
262.13789396388165 238.23935763643567 301.69405100001313 232.34767499999552 310.2578440765501 289.84132173643223 270.70169451057154 295.73297073276956 English 0
312.88997700001346 282.53413799997946 297.9084022578172 226.56712894762296 408.3607800000027 197.00160799996746 423.3427131931967 252.96804068055732 English 0
420.1444099999935 252.92120000001236 403.6541437263804 193.16376813895755 494.9824130000343 167.96213100000585 511.4729522608104 227.71911935805355 English 0
506.92513837100705 252.93796439710687 435.8370757013472 272.79275788581083 430.13210427183367 252.36716282145923 501.2198989999888 232.51240900000454 English 0
389.9954859999707 285.073832000007 385.3661802444549 263.84671929631634 429.48521899998013 254.22551000000902 434.11459322698647 275.45252626443835 English 0
384.34364900545916 268.1300686285236 388.567799962766 286.71555865774684 354.88992400001734 294.36939000002076 350.6658503349172 275.78396701164456 English 0
274.52258999997866 316.7141589999983 269.3868414260942 296.4006770527439 351.3896730000124 275.6694279999976 356.5255454713042 295.98272022056494 English 0
552 104 592 104 592 125 552 125 English 0