283 392 326 392 326 406 283 406 English 0
213 390 267 390 267 409 213 409 English 0
292 370 362 370 362 390 292 390 English 0
194 368 262 368 262 387 194 387 English 0
293 341 325 341 325 355 293 355 English 0
233 342 261 342 261 353 233 353 English 0
265 341 291 341 291 352 265 352 English 0
311 319 347 319 347 337 311 337 English 0
258 319 308 319 308 339 258 339 English 0
238 320 257 320 257 336 238 336 English 0
212 320 235 320 235 335 212 335 English 0
310 290 371 290 371 314 310 314 English 0
239 291 290 291 290 313 239 313 English 0
188 291 235 291 235 312 188 312 English 0
209 270 237 270 237 287 209 287 Manipuri 0
242 271 271 271 271 288 242 288 Manipuri 0
276 273 301 273 301 287 276 287 Manipuri 0
307 272 353 272 353 288 307 288 Manipuri 0
136 320 163 320 163 346 136 346 English 0
75 319 134 319 134 345 75 345 English 0
93 348 122 348 122 359 93 359 English 0
64 348 86 348 86 358 64 358 English 0
33 321 73 321 73 344 33 344 English 0
103 290 157 290 157 317 103 317 Manipuri 0
39 289 95 289 95 319 39 319 Manipuri 0
22 384 143 384 143 410 22 410 English 0
77 367 157 367 157 387 77 387 English 0
54 369 69 369 69 385 54 385 English 0
492 358 550 358 550 375 492 375 English 0
558 360 612 360 612 378 558 378 English 0
451 314 555 314 555 353 451 353 English 0
562 317 638 317 638 352 562 352 English 0
573 290 620 290 620 313 573 313 Manipuri 0
468 288 560 288 560 310 468 310 Manipuri 0
492.0081180000125 202.41427000000914 491.858325632129 132.09532782944873 639.8940168707486 131.77952228929252 640.0444588410028 202.09783979036234 English 0
616.6668039999786 232.93544599998137 617.6301488298486 205.35224730821724 640.963289730862 206.1671350107734 639.999999229185 233.75028107252734 English 0
496 204 606 204 606 238 496 238 English 0