76 208 126 208 126 228 76 228 Manipuri 0
204 245 267 245 267 280 204 280 Manipuri 0
270 251 329 251 329 283 270 283 Manipuri 0
345 227 396 227 396 246 345 246 English 0
399 232 451 232 451 251 399 251 English 0
100 276 261 276 261 346 100 346 English 0
263 287 420 287 420 356 263 356 English 0
164 354 210 354 210 380 164 380 English 0
212 358 257 358 257 384 212 384 English 0
261 361 313 361 313 387 261 387 English 0
315 366 352 366 352 391 315 391 English 0
316 404 349 404 349 417 316 417 English 0
270 401 301 401 301 412 270 412 English 0
211 398 247 398 247 408 211 408 English 0
166 393 193 393 193 407 166 407 English 0
111 391 144 391 144 403 111 403 English 0
413 410 447 410 447 424 413 424 English 0
364 406 397 406 397 422 364 422 English 0
406 494 438 494 438 513 406 513 English 0
400 514 444 514 444 533 400 533 English 0
407 579 435 579 435 592 407 592 English 0
408 611 433 611 433 620 408 620 English 0