378.06439468644385 22.738536904437787 382.6939979999588 7.534109000026116 450.04563358903397 28.042022590112282 445.41604222904425 43.24644022637712 Manipuri 0
232 37 270 37 270 72 232 72 English 0
356 127 402 127 402 149 356 149 English 0
386 90 409 90 409 117 386 117 English 0
410 97 447 97 447 125 410 125 English 0
449 109 481 109 481 135 449 135 English 0
482 118 516 118 516 145 482 145 English 0
497.5524683918775 331.69865931830833 356.5151893615257 297.864507317398 361.93549700001313 275.2731029999929 502.972066726943 309.10716614458477 English 0
331.65598351639346 267.98711753028874 325.35266800005047 292.04604399997413 216.1273701373284 263.4303961962141 222.43085699999938 239.37173800002302 English 0
97.40026254075929 197.2968016855897 123.8755040000251 100.7776160000264 307.09904523479054 151.03462468377813 280.6251981544483 247.55260769395426 Manipuri 0
518 381 542 381 542 402 518 402 English 0
543 384 576 384 576 408 543 408 English 0
280 283 333 283 333 311 280 311 English 0
335 297 388 297 388 323 335 323 English 0
390 310 449 310 449 339 390 339 English 0
292.8408484933607 252.48727387484132 315.30884399995557 166.4133920000122 604.3719212798896 241.86288243679454 581.9066892364935 327.9343755401544 English 0
612 107 640 107 640 130 612 130 English 0
266.7022265356354 69.59250501017705 272.5081450000289 48.79330399997328 304.50638905429514 57.72531343683749 298.70048995471734 78.52449765687152 English 0
302.30737318794127 81.30461489039237 308.9585090000037 61.514008999980874 338.040826076176 71.28781957431877 331.38971054657304 91.0784082268024 English 0
335.1359871481691 94.12231042407501 342.2606129999622 73.79225300001937 387.1490647850442 89.52321306673664 380.0244779827335 109.85323726588264 English 0