91.13196555772447 214.8136473658049 91.075708999997 174.30058600002758 251.59436856934917 174.07700778974285 251.65109552362992 214.5895967483276 English 0
91.49634646448249 286.26697489671125 91.41213299997617 231.92394799997882 254.0601830437663 231.6710585867903 254.1452466147166 286.01323441541444 English 0
266.1711600000126 286.65828900001196 265.3833003726322 234.54471248351314 481.3276267621404 231.2784920716365 482.11655367827916 283.3909832001057 English 0
108.14120675298909 136.6279536081322 185.79314999995404 138.97347499999933 184.97873201369657 165.9355496904985 107.32678889777162 163.59003185549227 Manipuri 0
258.45427977365034 139.75566062404235 257.1691309999733 166.3658430000197 191.62666999502108 163.20033277755485 192.91191199998138 136.59024899998556 Manipuri 0
532 265 585 265 585 284 532 284 English 0
583 263 594 263 594 280 583 280 English 0
274 497 351 497 351 529 274 529 English 0
356 496 417 496 417 526 356 526 English 0
418 484 451 484 451 528 418 528 English 0
456 491 489 491 489 519 456 519 English 0
551 393 593 393 593 407 551 407 English 0
531 406 593 406 593 424 531 424 English 0
595 399 609 399 609 423 595 423 English 0