45 194 100 194 100 224 45 224 English 0
101 206 167 206 167 226 101 226 English 0
173 207 248 207 248 228 173 228 English 0
101 190 129 190 129 206 101 206 Manipuri 0
142 188 191 188 191 206 142 206 Manipuri 0
203 189 248 189 248 206 203 206 Manipuri 0
269 179 317 179 317 207 269 207 English 0
287 237 314 237 314 250 287 250 English 0
327 236 345 236 345 248 327 248 English 0
337 224 345 224 345 235 337 235 Manipuri 0
323.21842899997137 202.3770570000133 320.0031424388726 194.25401629601402 342.49912200000836 185.34983000003294 345.71441405008954 193.47285649806543 Manipuri 0
319.03325200000836 197.74956400002392 314.07514791826543 189.2603823867442 339.96383336278086 174.14048449662218 344.921937225663 182.6296485630695 Manipuri 0