379.4117720000213 82.91672900001437 377.88677313561493 70.77610678574246 459.44912617815135 60.53091716771029 460.97414776246296 72.67151261962047 Manipuri 0
303.07419500000833 111.60679900000657 300.98455027196906 93.26431686042568 542.6681599999574 65.72998500001144 544.757932619541 84.07231993370081 English 0
340.0554226011445 108.71530808217292 341.01603300048737 116.3647684082379 304.0041550917522 121.01259527991738 303.0435581045458 113.36314708292326 English 0
342.1006800000032 115.02117400000323 341.15545063199534 108.66632314701403 369.07999416253006 104.51281273722564 370.025229527746 110.86765624712868 English 0
414.2838410954573 99.89226956528287 415.1323009148473 106.69879601476175 371.7951287628239 112.10085422146868 370.9466818423971 105.29433947494712 English 0
488.488105045908 91.34557681251309 489.2913617832528 98.26407888058353 429.89097744895844 105.16050260076214 429.08773726616346 98.24201560162194 English 0
491.2213470000279 98.2686790000341 490.4193953374488 91.94648777603652 543.6915905275964 85.18906218053817 544.4935520314903 91.51124184801563 English 0
330.8487650000461 124.89801900002945 330.2233847881871 117.77381476573694 362.00180528765486 114.98423834466111 362.62719463877147 122.10843245234146 English 0
421.7248157427821 108.27403738156909 422.4539409999852 116.75978300000224 366.15611923029064 121.59696611543725 365.42701600003056 113.11124100000535 English 0
439.97030599995924 111.60841599997495 439.3956101994263 105.02841433364033 512.6700753758632 98.62859498861198 513.244788232405 105.20857772221916 English 0
382.0733759999712 128.82261300000428 381.27777862435323 121.30002551170548 429.17781100004504 116.23407500000258 429.9734228692978 123.75664600056513 English 0
432.3517759999959 122.36013099999036 431.6191893869109 115.17877756679036 471.40733388165245 111.11990801659783 472.1399315078452 118.30124900372333 English 0
221.14465500002552 161.8086560000013 220.1705233912071 152.23304199457968 287.3072968007182 145.4031944367651 288.2814610173227 154.97877152862793 English 0
291.25062300001446 153.46044200000352 290.9759313479299 144.0525773696875 320.3441819999716 143.19507799996603 320.61888843614724 152.60292739347375 English 0
326.02281599996786 150.375755999985 325.2160196720797 140.86307492019904 385.17480100003013 135.77780200002871 385.98162488648086 145.29045267935285 English 0
274.5541147891345 166.20273310830615 275.4876097658416 177.28891932696916 225.8808628810948 181.46578263681624 224.94740617148636 170.3796319346678 English 0
307.1172471729369 162.9248882483137 307.6312323142338 173.24302121847097 279.0073570000095 174.6688180000316 278.49339126085397 164.3507035405991 English 0
379.8729717531387 153.97278839149845 380.93071865419915 165.18453729716808 312.06352215514926 171.68136118036233 311.0058259944344 160.46965918451863 English 0
286.7812299999787 191.82464400002428 286.4780488707038 185.7353215988131 305.20316599999205 184.80303400002217 305.5063547003374 190.89234838721794 English 0
319.57063499998185 211.40298699998198 319.1879805899225 203.615753600579 354.16263200000685 201.89716400000782 354.54530627255735 209.6843764007386 English 0
316.76486716190993 205.3091055350431 317.2130503512017 212.0058917857471 299.0067020000424 213.22429600001175 298.55852888940717 206.52751925193053 English 0
269.8307952716277 198.96351237683928 291.91696499998216 196.7298839999987 292.53419239896175 202.8328626433506 270.4480228258035 205.06648999666527 English 0
295.9629876172403 203.5286823129419 295.05397100001574 196.3690410000217 312.1202427604294 194.20229644431916 313.0292671130155 201.36192864246527 English 0
314.64805695832183 194.81507845903977 339.0323389999685 192.49710400000097 339.7490087991173 200.03600562854973 315.36472694409895 202.35397879915197 English 0
276.9978831661865 194.6222964779683 244.7235570000339 197.61386399999697 244.08107331342762 190.6824886282126 276.3553675163712 187.69092259644611 English 0
319.08954780614295 259.3063363599354 319.47510277241236 266.33177437192677 289.7906894627522 267.96071155404127 289.40515599999344 260.93529399998187 English 0
318.8310840000486 258.63889299999926 335.47679043462267 257.70208981456676 335.89130708343873 265.0671095040863 319.24560070605366 266.0039120165451 English 0
240.95882931360393 295.7710358271843 241.10488038000767 301.55269233612626 225.57899100000213 301.9448479999658 225.43295015180774 296.1632014538938 English 0
240.91593800003466 300.5017159999644 240.71912783001608 294.9983561893927 273.03288499999326 293.84278399998396 273.2297140972514 299.3461241581721 English 0
328.4257274468109 288.93213000162376 328.9173779998964 295.3901139999712 275.02733780820563 299.49235485022643 274.53572799982794 293.03440900001385 English 0
270.58750710646564 300.59107427615334 270.8934215165209 306.75365499209556 238.8157269705698 308.3458311090435 238.509835994264 302.18327277950374 English 0
272.3129540000082 306.31202900003115 272.02463220346544 299.439837496335 311.6428399999859 297.77770200001606 311.9311910435499 304.6498628714576 English 0
232 320 243 320 243 326 232 326 English 0
244.46698800005834 318.58500499999883 263.1150360650645 317.8023612228116 263.37529183656443 324.0030008112019 244.72724380808359 324.7856440080541 English 0
281.40738088644866 316.85494143110805 281.4267348407884 323.25854246661123 265.0444854322268 323.3080295499357 265.0251440000284 316.9044409999758 English 0
311.97150298154156 315.62747271021175 311.85119658090116 322.9044710445026 284.997874000037 322.4604980000088 285.1182031796634 315.18352280469315 English 0
238.20230404606264 327.2780396925442 238.41243696915626 332.6056343007766 201.25072499999078 334.0711630000075 201.04061734011339 328.7435927442886 English 0
317.98849300001166 327.01776200003627 317.69073644951277 321.58533029169246 342.32542300000205 320.23515699999916 342.62319472341915 325.66757257896876 English 0
293.37464700001874 328.48474999997535 293.2992668049701 322.44874401673314 316.5586810000241 322.15826899998996 316.63407796499087 328.19425799965177 English 0
289.3433979366091 323.6758603637451 289.680358429614 329.3213313973774 240.0882658347109 332.280922066275 239.75134139887814 326.63548520729 English 0
232.39499951938342 334.2894133816498 232.68933405095595 340.1766630915931 209.20968553298735 341.35038986425144 208.9153691890533 335.46315752773614 English 0
248.05178445400088 333.43129636375755 248.15448393928818 338.6294969614171 234.2171629999939 338.90481299999647 234.1144727462961 333.7066214592281 English 0
298.35982559430704 330.87006489815366 298.57130960343056 337.43788201398985 250.90591300002416 338.9724180000162 250.69446918503672 332.40463984828745 English 0
332.34729252537363 328.2738674163135 332.8049288234615 334.43632240474676 301.8111840628262 336.73771733817256 301.3535730000149 330.57528600002115 English 0