290 392 334 392 334 407 290 407 English 0
221 397 276 397 276 418 221 418 English 0
298 368 369 368 369 390 298 390 English 0
201 375 269 375 269 397 201 397 English 0
296 341 329 341 329 356 296 356 English 0
235 349 264 349 264 361 235 361 English 0
267 345 294 345 294 357 267 357 English 0
311 317 348 317 348 336 311 336 English 0
260 323 310 323 310 344 260 344 English 0
239 328 258 328 258 344 239 344 English 0
214 330 237 330 237 346 214 346 English 0
308 287 369 287 369 313 308 313 English 0
237 296 289 296 289 320 237 320 English 0
187 302 234 302 234 324 187 324 English 0
205 280 234 280 234 298 205 298 Manipuri 0
238 277 268 277 268 295 238 295 Manipuri 0
272 276 298 276 298 291 272 291 Manipuri 0
302 270 349 270 349 288 302 288 Manipuri 0
138 338 166 338 166 365 138 365 English 0
77 341 137 341 137 369 77 369 English 0
98 369 127 369 127 381 98 381 English 0
69 373 92 373 92 384 69 384 English 0
35 348 76 348 76 373 35 373 English 0
102 309 157 309 157 338 102 338 Manipuri 0
38 314 95 314 95 346 38 346 Manipuri 0
31 406 153 406 153 436 31 436 English 0
84 387 164 387 164 410 84 410 English 0
60 396 76 396 76 413 60 413 English 0
496 336 555 336 555 355 496 355 English 0
561 331 615 331 615 351 561 351 English 0
451 293 556 293 556 335 451 335 English 0
561 286 638 286 638 324 561 324 English 0
569 261 617 261 617 286 569 286 Manipuri 0
464 267 556 267 556 292 464 292 Manipuri 0
478.77478299997165 185.07867199997008 471.27519073008443 115.16091359148498 622.6714607424947 98.92160162583473 630.1715441705892 168.83878746242945 English 0
632.4287118059874 200.55010790697258 605.9409080000478 202.4022689999989 604.0093662627623 174.7792555096061 630.4970680000406 172.92709799999903 English 0
484 179 595 179 595 217 484 217 English 0