134 383 160 383 160 431 134 431 Manipuri 0
259.587244609138 358.14812728718255 270.8137739941594 395.1164023974895 169.78903619565244 425.7910158681401 158.56317291363666 388.82330821250713 Manipuri 0
331.5749334305292 330.86514935107493 344.26747663339484 364.2458960204647 268.9977028449357 392.86273195000155 256.30558545628446 359.48234576903883 Manipuri 0
112 451 144 451 144 502 112 502 English 0
151.1713929999678 492.99019099998213 135.89736228670517 451.2986000546771 243.58967324944388 411.8502032700724 258.8640635482443 453.54098868589074 English 0
351.6640523352544 374.297953899762 369.40592113198363 419.3310320742583 253.21753186988644 465.09873295363946 235.4766960797133 420.0665289187771 English 0
162.27419752998685 201.1467665927282 166.6317066900956 209.9037818258778 129.01626525868778 228.62059606054416 124.65879049428622 219.8636101854305 English 0
165.6440090000251 197.12811399997145 161.74275187389867 189.29402478125007 189.96439152877429 175.24042892870173 193.8656516175979 183.0745009787858 English 0
202.68086052834406 179.97027462402372 207.2134056340292 187.94348661266451 166.22214969378547 211.24512613515572 161.68963614894892 203.27194142246955 English 0
167.69775017011852 239.18793329620965 171.15321991914243 246.45874576391972 137.91374804342922 262.2550802289791 134.45830756762007 254.98429267913752 English 0
179.69656100001885 242.14994100002 176.166657613212 234.9024809689689 195.15073583985213 225.65658229075606 198.68064188180142 232.90402902304436 English 0
123.72179400001187 258.6686399999811 120.77240480481123 252.32133046835116 157.2049174845597 235.3930553967797 160.15431239829923 241.74034140727292 English 0
177.42548094647645 226.30652216978748 180.08310198369145 231.75851423240286 159.595397059893 241.7449954149435 156.93778870321694 236.29301416443496 English 0
185.94161000000895 228.3196990000195 183.04306648715283 222.60847632165394 211.00719943431614 208.41668448609613 213.9057452078123 214.12789263820895 English 0
141.31839499998023 209.37195499997628 138.7003177227598 203.58600063935867 157.1923786473053 195.21880581021327 159.81045833221287 201.004751337044 English 0
314.3045137784793 441.80372594857147 317.3779252894019 449.9186665470165 282.498161011099 463.1267154154441 279.4248095603689 455.0118257119468 English 0
340.8497672381054 434.72427711514786 343.45870088014635 442.81363080491013 316.7695839999942 451.41992400000703 314.16069428370974 443.3306076877097 English 0
356.4510392004013 429.85912494238914 358.729256220322 437.5443863350825 344.3999959999928 441.7915209999943 342.12180077338417 434.1062782151794 English 0
499.0993070656259 39.39406436086732 514.2927989999589 37.214923000004035 521.0714726457809 84.47733586286131 505.8779812332068 86.65647482710685 English 0
527.386707853002 133.85998883249607 513.7465679999877 136.10088199999947 505.7575645190809 87.47277160306454 519.3976500000281 85.2318830000001 English 0
504.76951899996493 150.05272299997085 502.66085659699456 145.54734531190638 518.1867420000344 138.2808380000012 520.295405400102 142.78621155427282 English 0
522.3769259999972 140.75213000002162 520.0864792802895 135.79937801067462 535.8666549999907 128.50178299999885 538.157102803525 133.4545306737873 English 0