0 65 175 65 175 193 0 193 English 0
159 185 193 185 193 207 159 207 English 0
194 181 248 181 248 207 194 207 English 0
0 274 67 274 67 341 0 341 English 0
130 247 258 247 258 329 130 329 Manipuri 0
168 355 206 355 206 380 168 380 English 0
207 344 270 344 270 376 207 376 English 0
356 167 459 167 459 212 356 212 English 0
322 203 416 203 416 250 322 250 English 0
386 150 434 150 434 175 386 175 Manipuri 0
323 147 387 147 387 178 323 178 Manipuri 0
507 181 559 181 559 208 507 208 English 0
476 182 504 182 504 210 476 210 English 0
473 165 494 165 494 185 473 185 English 0
486 257 503 257 503 274 486 274 English 0
543 254 564 254 564 272 543 272 English 0
509 254 543 254 543 274 509 274 English 0
263.55393300000287 471.27648099998544 241.6269624837878 437.05148467195113 292.8934930000105 404.21124800000933 314.82041421928443 438.435904353771 English 0
585 86 611 86 611 104 585 104 English 0
559 0 599 0 599 12 559 12 English 0
511 161 537 161 537 180 511 180 Manipuri 0
539 159 556 159 556 177 539 177 Manipuri 0
326 9 352 9 352 27 326 27 English 0
330.0599499999953 6.679356000006162 330.9148384512082 -2.4552192956574497 360.376062830037 0.3020034250084746 359.5211747854046 9.436578292617163 English 0
322.9324659325357 11.129932814129031 323.14109926905076 24.07452990645656 295.0953930000105 24.526550000014694 294.8867620676174 11.581955202388755 English 0
260.05086799996207 23.416215999986967 259.3313598314853 11.690524085419757 291.9998390928231 9.685929202831135 292.7193494804669 21.4116188299661 English 0
314 176 353 176 353 210 314 210 English 0
366 271 388 271 388 286 366 286 English 0
323 273 349 273 349 289 323 289 English 0
295 277 311 277 311 289 295 289 English 0
405 272 431 272 431 285 405 285 English 0
402 248 424 248 424 264 402 264 English 0
326 256 351 256 351 268 326 268 English 0
446 268 464 268 464 280 446 280 English 0
440 248 463 248 463 261 440 261 English 0
524 279 544 279 544 290 524 290 English 0
621.9226469999558 348.56326499998113 617.2999648372206 338.32799384208624 634.0706090000458 330.7543070000265 638.6932976774551 340.9895543594937 English 0
603.0660570000327 356.9639699999965 598.6221343237412 347.33395681760226 619.5320550000179 337.685598000018 623.9759849284019 347.3155825322894 English 0
600.4114056009712 347.2734973157907 604.3023014225764 356.72311448108053 590.2705070000229 362.50016300002954 586.3796334875224 353.05056473905313 English 0
619.1954333770263 322.7026113866809 633.2777039999928 315.91419299999563 637.0414953528234 323.7214145272236 622.959229268381 330.5098258375874 English 0