290.2192639999703 288.8047399999849 290.7105144311936 271.4568356350228 343.64376150108 272.95559278549365 343.15260969313385 290.30340108407296 Manipuri 0
344.4842542264814 290.77145912407195 345.09223199995176 275.247664999982 448.1042454625276 279.2813376175043 447.49644358846126 294.80496213590203 Manipuri 0
252.7634450000187 287.20728100001315 253.20836776860233 267.86619124540886 281.5384725403419 268.517847077817 281.09360766073223 287.8588802250815 Manipuri 0
250.5601214224589 381.9487168217971 251.31949900001928 310.0697400000315 603.5692842423305 313.7845567703861 602.8132234291843 385.66023759027615 English 0
386.0961377595231 315.11188718550454 310.9784539496468 312.5619754780194 311.6082560922223 294.01471563555344 386.72562499996275 296.56462199999913 English 0
309.5871200410329 312.00067379606287 288.8481042202329 312.5314548734765 288.33850792827434 292.6197278906343 309.0774309999688 292.08894800000013 English 0
250.87782134978625 309.27786042562394 251.26820400000724 288.709817999993 282.6376341372088 289.3051550210873 282.24732466129353 309.8731255466437 English 0
447.15015763402334 298.3820950601936 446.5346680292714 316.1283712905972 389.3045728767902 314.14336377617565 389.92017399999895 296.39720300000386 English 0
483.4682310000062 551.4063119999986 509.9354415342532 547.1377501742678 519.2812179999601 605.0722190000025 492.8140203600924 609.3407269453745 English 0
563.1783309751336 627.6946344858137 532.3406721361971 633.8124973994209 520.2685909999855 572.9765579999996 551.105421218017 566.8587796749115 English 0
320.01024508506816 409.01034872808907 254.46076804204495 409.63585027922966 254.22327663720353 384.72526425363856 319.77227200004563 384.0997649999997 English 0
400.55527659766085 407.6375176421731 321.9876344065415 406.23794756282103 322.39424194609455 383.4298686319772 400.96135600004345 384.8294340000007 English 0
458.3966179610434 384.6983499018171 459.38225899997633 409.5391170000073 401.0689584999636 411.85225280903853 400.08354000005056 387.011700000017 English 0
460.2151503395726 409.38611629756457 459.8838770000293 386.72604499998465 519.3264461522631 385.8569847094474 519.6579157275846 408.5168565470693 English 0
570.650899225584 387.50146934788694 570.8451229999628 407.2580319999936 516.642990937471 407.7905224543116 516.4489270000195 388.0341179999938 English 0
609.9473382688302 389.81579296308047 609.8609990000114 408.0616440000122 567.6985541971953 407.86196695314 567.785006999984 389.6162300000281 English 0