405.7144766901183 470.03139973755736 416.8105367154931 508.41114739934005 303.97172992619744 541.0263896697905 292.8766599132359 502.6474877470616 English 0
220.7845449999877 559.0112019999946 212.48489344274276 522.4696272304628 292.8669539999828 504.21596699999293 301.167021783549 540.7569486705496 English 0
389 526 417 526 417 540 389 540 English 0
340 539 365 539 365 550 340 550 English 0
366 532 388 532 388 545 366 545 English 0
166.10671366659517 549.2144036853572 173.3329673701519 574.8463039368946 112.23112344494439 592.0676035519888 105.0052725981368 566.4360478209779 Manipuri 0
37.83998300001258 610.348568 30.925585996956215 581.4705356756295 111.42527600000903 562.2006350000063 118.34002588089788 591.0781450727106 Manipuri 0
334.54899302458216 182.2635442612706 339.2037311413151 191.7216877684873 295.817366348856 213.07318942788038 291.1626675922889 203.61507948695956 English 0
349.59238399998867 183.54652999999416 345.27657019010803 174.9120565158947 466.8963036411151 114.12291732916191 471.21212851881864 122.7573257238452 English 0
369.1231040000275 154.35018500002943 359.0030836506048 134.72341725487306 492.2703449999972 66.00804600002941 502.3903835242527 85.63469518637795 English 0
367.50078601864516 134.61515663126755 376.4798936153238 152.0188999947466 299.1912527747627 191.8934154302827 290.21225241333013 174.48976385301194 English 0
259.4250674999057 214.39376172166394 267.467607500148 229.94816337393829 201.0700378002366 264.27792578130385 193.0276185367984 248.72362748559567 Manipuri 0
263.79822025992326 183.37203739396256 271.9796297744324 199.02022884491834 197.6794073273777 237.86540870487542 189.49811745551415 222.21731975735892 Manipuri 0
174.74554699998407 249.54629300002534 167.68759144935757 231.98229287973896 195.78810799997882 220.690776999977 202.8460810425895 238.25473055320703 Manipuri 0
81.94529201129626 280.0664590444081 88.53551787440665 294.33979301335023 61.27987599997141 306.92328400002015 54.68970513662498 292.6499967941371 Manipuri 0
97.03919720399426 295.4387246079615 83.8935086595302 293.5856771082015 87.77789574087365 266.0314208879618 100.92350899998564 267.88446299999885 Manipuri 0
103.46469800002524 283.68205199997493 96.83125630508584 266.009382851042 125.99998500001675 255.06147299998003 132.6334503171529 272.7340867958896 Manipuri 0
141.6207963261695 272.8430963184275 127.16458968672669 270.9981244433163 130.89390704866673 241.77902034517268 145.35003299999516 243.6239869999967 Manipuri 0
171.87844698717527 230.64832630971924 180.63703505526064 246.53405204323678 149.27976715662226 263.82200498658455 140.52123964625935 247.9363314064957 Manipuri 0
85.34184012460173 304.00229310963203 91.87274916774186 317.9669966602176 55.167982596176444 335.1313871175435 48.63715249375673 321.1667507096048 Manipuri 0
144.79254528378078 274.6360805430853 151.60570963089413 288.7687108948625 84.67093126426334 321.0347259272762 77.85790336012724 306.9022118262216 Manipuri 0
198.7259807423834 245.85010353203705 206.85167357776663 262.29148820563347 148.2022351914202 291.27555465164 140.07666795951081 274.834277120393 Manipuri 0