18 376 311 376 311 478 18 478 English 0
178 247 271 247 271 309 178 309 English 0
275 254 327 254 327 291 275 291 English 0
335 244 412 244 412 290 335 290 English 0
419 246 451 246 451 279 419 279 English 0
389 517 447 517 447 552 389 552 English 0
452 510 506 510 506 547 452 547 English 0
130 532 188 532 188 571 130 571 English 0
189 532 237 532 237 566 189 566 English 0
0 273 36 273 36 301 0 301 English 0
0 294 37 294 37 323 0 323 English 0
399 460 429 460 429 480 399 480 English 0
430 459 441 459 441 476 430 476 English 0
443 459 458 459 458 476 443 476 English 0
459 460 474 460 474 475 459 475 English 0
320 346 466 346 466 468 320 468 English 0