385.10361183412897 236.87388181486045 382.1732229999907 282.77291799996726 225.52297705384262 272.77068894420006 228.45399999998335 226.87233400001054 Manipuri 0
305.792199141506 285.6338984475298 302.7346370000305 334.907222999999 178.47501919699425 327.1958450222186 181.5332330000092 277.9232180000047 Manipuri 0
354.63428683564416 283.9500261351533 351.9526305534964 339.9382073828593 312.8192932563252 338.06376369910254 315.5011899999954 282.07583499997804 Manipuri 0
432.3577844960528 292.91651825479573 433.5742290000053 349.4868630000209 362.1779152676754 351.02139301186276 360.96196213351504 294.45152310409577 Manipuri 0
363.7907856066886 180.43459971336864 361.89861799997743 194.11430799996515 317.44674437992217 187.96582621236482 319.33894699999655 174.28616000003458 English 0
374.44930891178956 199.71001595350262 372.12119600000733 214.1798730000269 312.8839468082879 204.64908396937662 315.21211200000835 190.17929199998943 English 0
226.97155124413257 181.3019072864007 228.99899800002459 165.1011809999942 288.0151681108691 172.48653985837294 285.9877912783122 188.68720255854487 English 0
281.0687316525582 186.69839430264292 279.5173110000178 204.31975899999372 236.07901458286506 200.49537550161094 237.6304849999724 182.87406600001574 English 0
65 512 87 512 87 525 65 525 English 0
38 515 63 515 63 528 38 528 English 0
88 510 112 510 112 522 88 522 English 0
116 506 154 506 154 520 116 520 English 0
156 502 187 502 187 517 156 517 English 0
188 501 209 501 209 513 188 513 English 0
210 501 226 501 226 511 210 511 English 0
227 498 254 498 254 511 227 511 English 0
256 496 273 496 273 508 256 508 English 0
275 494 299 494 299 505 275 505 English 0
301 492 318 492 318 502 301 502 English 0
319 494 325 494 325 501 319 501 English 0
326 494 330 494 330 500 326 500 English 0
331 489 363 489 363 501 331 501 English 0
365 487 397 487 397 498 365 498 English 0
398 486 404 486 404 496 398 496 English 0
404 487 416 487 416 495 404 495 English 0
417 485 432 485 432 494 417 494 English 0
433 483 446 483 446 493 433 493 English 0
447 482 474 482 474 493 447 493 English 0
328 528 335 528 335 533 328 533 English 0
335 527 345 527 345 533 335 533 English 0
346 526 358 526 358 532 346 532 English 0
332 525 337 525 337 528 332 528 Manipuri 0
337 524 344 524 344 527 337 527 Manipuri 0
344 523 353 523 353 527 344 527 Manipuri 0
389 529 404 529 404 536 389 536 English 0
414 519 428 519 428 525 414 525 English 0
418 538 427 538 427 542 418 542 English 0
416 544 428 544 428 548 416 548 English 0
439 520 449 520 449 525 439 525 English 0
435 522 439 522 439 527 435 527 English 0
440 526 447 526 447 531 440 531 English 0
418 533 425 533 425 537 418 537 English 0
419 548 423 548 423 551 419 551 English 0
423 548 427 548 427 550 423 550 English 0
416 526 425 526 425 530 416 530 English 0
425 525 429 525 429 528 425 528 English 0
432 518 441 518 441 521 432 521 Manipuri 0
347 540 355 540 355 544 347 544 English 0
342 540 346 540 346 543 342 543 English 0
334 541 339 541 339 544 334 544 English 0
339 541 342 541 342 544 339 544 English 0
515 513 523 513 523 518 515 518 English 0
501 519 506 519 506 524 501 524 English 0
507 519 516 519 516 524 507 524 English 0
498 514 506 514 506 519 498 519 English 0
503 510 517 510 517 514 503 514 Manipuri 0
516 517 522 517 522 522 516 522 English 0
502 404 528 404 528 421 502 421 English 0
528 399 554 399 554 410 528 410 English 0
530 408 550 408 550 417 530 417 English 0
562 396 566 396 566 399 562 399 Manipuri 0
561 399 570 399 570 402 561 402 Manipuri 0
562 401 569 401 569 405 562 405 Manipuri 0
477.51518808610854 396.10284861688046 473.9692649999779 397.93989000001295 466.7464532298618 383.99973220159205 470.2923629999714 382.16269500000305 English 0
469.20028678701783 383.0698067838067 466.49719614579226 384.2682545891429 459.6492314351781 368.8243409736476 462.3523109999951 367.6258960000095 English 0
472 221 484 221 484 257 472 257 English 0