281 391 325 391 325 406 281 406 English 0
212 388 266 388 266 408 212 408 English 0
291 370 361 370 361 391 291 391 English 0
193 365 261 365 261 385 193 385 English 0
292 341 325 341 325 355 292 355 English 0
232 340 260 340 260 351 232 351 English 0
264 340 291 340 291 352 264 352 English 0
310 318 346 318 346 337 310 337 English 0
258 318 308 318 308 339 258 339 English 0
238 319 257 319 257 335 238 335 English 0
212 318 235 318 235 334 212 334 English 0
311 290 372 290 372 315 311 315 English 0
239 290 291 290 291 313 239 313 English 0
188 290 235 290 235 311 188 311 English 0
210 268 238 268 238 286 210 286 Manipuri 0
243 269 272 269 272 286 243 286 Manipuri 0
276 272 302 272 302 287 276 287 Manipuri 0
307 272 354 272 354 289 307 289 Manipuri 0
135 317 163 317 163 344 135 344 English 0
75 315 134 315 134 342 75 342 English 0
92 344 121 344 121 355 92 355 English 0
64 343 86 343 86 354 64 354 English 0
32 316 73 316 73 340 32 340 English 0
103 286 158 286 158 314 103 314 Manipuri 0
38 284 95 284 95 315 38 315 Manipuri 0
21 378 142 378 142 406 21 406 English 0
76 363 156 363 156 385 76 385 English 0
53 364 68 364 68 381 53 381 English 0
491 361 550 361 550 379 491 379 English 0
557 364 611 364 611 383 557 383 English 0
451 317 556 317 556 357 451 357 English 0
561 321 638 321 638 357 561 357 English 0
572 295 620 295 620 319 572 319 Manipuri 0
468 291 560 291 560 314 468 314 Manipuri 0
494.03407400001015 205.4341339999666 495.1115780360851 135.12327994555307 641.0768195542914 137.35964845526692 639.9999795822805 207.66987917719317 English 0
618.1411059999664 238.12625600002437 619.5835116395756 210.60610208217196 641.4423518267722 211.75174724425392 639.9999990192737 239.27185071236156 English 0
497 207 608 207 608 243 497 243 English 0