329 259 394 259 394 304 329 304 Manipuri 0
402 261 514 261 514 308 402 308 Manipuri 0
243 305 367 305 367 358 243 358 English 0
380 300 577 300 577 351 380 351 English 0
264 292 297 292 297 302 264 302 English 0
26 209 67 209 67 220 26 220 English 0
69 211 80 211 80 217 69 217 English 0
30 118 52 118 52 126 30 126 English 0
4 117 27 117 27 126 4 126 English 0
4 30 14 30 14 37 4 37 English 0
16 30 27 30 27 37 16 37 English 0
29 29 64 29 64 42 29 42 English 0
66 32 79 32 79 41 66 41 English 0
77 19 88 19 88 26 77 26 English 0
57 19 69 19 69 25 57 25 English 0
80 140 96 140 96 146 80 146 English 0
82 193 100 193 100 201 82 201 English 0
23.83903891131922 191.2516723545927 23.8144750000356 175.26080300000615 96.06975795890321 175.1496779558958 96.09440050604462 191.14046834509367 English 0
24.656851999970968 200.15568899999784 24.68792740837671 193.81934130327164 77.75987966168032 194.07952404909264 77.72882902929268 200.41584709372648 English 0
89 210 101 210 101 217 89 217 English 0
4 211 20 211 20 218 4 218 English 0