123 210 169 210 169 235 123 235 Manipuri 0
35 112 45 112 45 128 35 128 Manipuri 0
30 129 43 129 43 147 30 147 Manipuri 0
29 148 40 148 40 172 29 172 Manipuri 0
22 181 33 181 33 208 22 208 Manipuri 0
188 363 221 363 221 378 188 378 English 0
171 367 186 367 186 378 171 378 English 0
138 367 170 367 170 382 138 382 English 0
104 371 137 371 137 385 104 385 English 0
74 374 94 374 94 386 74 386 English 0
96 371 103 371 103 385 96 385 English 0
154.3522820000362 362.166601000034 152.36402397124039 335.9546033635308 238.07173400004103 329.45366000001223 240.06025732953276 355.66536785145536 English 0
149.1794384988316 343.9428145890831 149.44690894109954 366.2294762118381 112.69944699997723 366.67030400001636 112.43208594270982 344.3837501933485 English 0
53.508909000011045 372.26275299999514 51.698142075765645 351.0775483239823 110.44452900001488 346.0566389999941 112.25544674511184 367.24167670026867 English 0
43.74077899999975 332.68722399997375 33.04565185710089 260.5069849577467 257.37409299996216 227.26777499998298 268.0706200456916 299.446295271896 English 0
395.1519879999978 293.9842839999836 372.9007808267488 158.51598863681141 632.1009909999702 115.941409000009 654.35436510008 251.40689970724628 English 0