114 224 162 224 162 251 114 251 Manipuri 0
18 137 29 137 29 154 18 154 Manipuri 0
15 155 29 155 29 173 15 173 Manipuri 0
15 173 27 173 27 197 15 197 Manipuri 0
12 206 25 206 25 234 12 234 Manipuri 0
193 372 226 372 226 389 193 389 English 0
176 378 191 378 191 390 176 390 English 0
143 381 175 381 175 397 143 397 English 0
109 387 142 387 142 402 109 402 English 0
80 393 100 393 100 406 80 406 English 0
102 390 110 390 110 404 102 404 English 0
158.65768299998308 376.4432940000021 154.39224441819533 350.50437839790226 239.20743599999696 336.55820500000635 243.47310978962923 362.4968249831664 English 0
151.91621589387069 358.7396930979645 154.1252796792105 380.918230208641 117.55587300001935 384.56014299999873 115.34693126974162 362.38171815022224 English 0
59.077986999982386 395.29010600001305 55.42749032814754 374.3433709677911 113.51293599997007 364.22144900001996 117.16356894445198 385.1680094910631 English 0
45.89779299996735 356.7165229999828 28.951996591858915 285.7431618284906 249.53025800001342 233.07885600001174 266.4772543642903 304.0504383597227 English 0
392.59859300000244 287.5333539999662 358.6247558247851 154.5207731707288 613.1284739999683 89.5165199999671 647.1039030275278 222.5265599654472 English 0