173.53509100001247 381.9078729999851 176.2350238855288 354.31567003221085 274.3352198982029 363.91346432310866 271.63569571086555 391.50529002982955 English 0
277.7900627961935 391.43766305423617 279.8982629999955 363.87077700002743 379.68182902062836 371.5005041177542 377.5740468810545 399.0669982394724 English 0
189.11967000000004 356.034243999997 192.1432409639965 328.4718634199178 272.56869600001664 337.2934550000324 269.54543954358087 364.8555465369607 Manipuri 0
273.8875469999766 361.0134679999951 275.7452008484688 343.3432221332404 347.3796332583879 350.8731195467399 345.52216282419977 368.54319701447525 Manipuri 0
198.0441289999726 398.06103300000086 199.64174787513912 382.8645978971174 264.67829168890603 389.7009502395964 263.08083131363674 404.8972397824803 English 0
293.24294548314356 408.0668316715653 266.25573707678996 405.23069359169835 268.07580780776334 387.9145892527453 295.06287799995334 390.75071999999835 English 0
360.27145019405 397.9295993797047 359.0851799999655 411.7714849999848 297.14091853180435 406.4630590237467 298.32730499998434 392.6213020000222 English 0
223.82792361386237 401.83784522165803 222.77602200003457 412.09387000003204 178.09360425446357 407.5114255141158 179.14556700001413 397.2554700000307 English 0
264.7200817500561 416.5023650543967 222.65556422011286 413.6956217632262 223.48435009931563 401.27743001798365 265.54870899999514 404.0841680000005 English 0
269.07296200006385 415.8879920000356 270.01627772813663 405.2064159830078 333.75045996486733 410.83397383317185 332.8072573681857 421.5154447135324 English 0
332.7701669999806 421.8682449999739 333.722665686073 410.87823664682116 372.44190840436204 414.2334982161293 371.4894811314298 425.22344018304364 English 0
168.40217851960915 431.50509834783867 172.63409899998805 411.58667799996704 198.1902337635256 417.0156778988992 193.95840744502493 436.9340160934874 English 0
194.6154309999838 435.21651999999705 196.43852975743357 414.68563268583 262.05768620078743 420.5114531544231 260.2348192505451 441.0421253705081 English 0
299.46264399994106 444.09264300002667 301.07664939663664 424.0234310966521 373.3680229510355 429.8361322070991 371.7542708518158 449.90510745071214 English 0
198.23950999983936 450.60376900002757 199.53048648530967 437.11806367864966 275.48070732191263 444.3872738609451 274.1899161706533 457.8728076999716 English 0
276.00085500002024 458.77681600000767 277.3654107386392 443.90896631453194 357.5942627603945 451.2707276255764 356.2299258055282 466.1383745702864 English 0
259.9015807016258 456.2777823847334 258.9257290000387 471.6312189999795 197.40300603516516 467.72109822361335 198.37900899998203 452.36782399996446 English 0
259.86827699998685 471.7302849999763 261.21387371422315 455.7792143470713 347.17238094090135 463.02879938357603 345.8270410532714 478.9796308578753 English 0