284.98220832596417 162.48292708437535 290.1242710000224 144.37930199999943 334.67253863462247 157.0323089163505 329.5305342966458 175.13588397353197 Manipuri 0
329.15937270860013 175.9754837709259 335.98182956418896 154.7070536291421 421.1491499010299 182.0261469153561 414.3268425741553 203.29444930231585 Manipuri 0
390.08659373976116 9.474217173745739 385.95231699997385 32.87963500000585 338.077233865115 24.42308636027927 342.21151600002486 1.0176740000308746 Manipuri 0
517.5527238334325 91.31343383975636 502.2881607741874 128.36505131791773 376.05830603301 76.36069675682495 391.3229270000011 39.30923200001039 English 0
273.22709237058007 32.546302544754646 287.24431360205926 -2.564801498928401 392.73085433480446 39.548008497890144 378.7136982870288 74.65905704847779 English 0
333.34408630595135 62.18969278635981 326.5861389879137 77.93387018380676 235.2728889172431 38.73903302540724 242.03084599997965 22.9948839999784 English 0
417.94945479821763 97.5054446890214 411.36670911429974 112.45518360835364 323.8095006889489 73.90161706425073 330.3922600000078 58.95192300001195 English 0
255 64 279 64 279 87 255 87 English 0
243 62 252 62 252 77 243 77 English 0
281 345 380 345 380 370 281 370 English 0
321 368 377 368 377 384 321 384 English 0
288 364 318 364 318 379 288 379 English 0
487 400 512 400 512 413 487 413 Manipuri 0
461.61450975087064 395.1932487834799 460.8341289999953 410.08366600002694 433.90681563323596 408.67253921955614 434.68725300001097 393.7821819999708 Manipuri 0
463.47627929884766 397.92586598372566 485.87242852401687 398.44571235161743 485.5465981869929 412.4815152683341 463.1504490000225 411.9616700000007 Manipuri 0
551.5632949782594 421.73078618987296 549.2344920000323 444.87167400000857 509.51390503163566 440.8747215475725 511.842839000019 417.7339820000343 English 0
512.5331817437109 415.5190906298904 511.92146699999284 440.5740339999766 462.8833999022754 439.37663853462936 463.4953050000331 414.32189000003603 English 0
440.12620399997104 411.9260940000016 459.0202619189222 409.90430809989505 461.86513900000136 436.48685099999716 442.97108244260016 438.5086283731573 English 0
452.733414467948 439.64855398490556 452.2210720000294 451.1631510000176 416.1394050598028 449.55779029991197 416.6518129999895 438.04326199997445 English 0
453.05363907165884 449.9700472195422 453.4737630000018 439.4171780000063 476.62012139211583 440.3385071997137 476.20003945477947 450.89133593737415 English 0
505.29814408597304 442.0564323877617 504.5308959999966 453.0708309999783 476.744443879943 451.13546170446955 477.511738999965 440.12111400001794 English 0
503.241459886558 452.28391464778815 503.8748510000005 442.19754800001374 533.0336398433428 444.0283076492702 532.4003006471321 454.1146251731842 English 0
514 469 536 469 536 479 514 479 English 0
536 469 559 469 559 479 536 479 English 0
425 465 434 465 434 476 425 476 English 0
435 464 439 464 439 476 435 476 English 0
438 465 448 465 448 475 438 475 English 0
448 466 457 466 457 475 448 475 English 0
457 465 461 465 461 475 457 475 English 0
391 463 401 463 401 476 391 476 English 0
70.97216400004982 327.3878299999858 77.93866008265468 284.2915640014233 261.97236366046127 314.0368925477987 255.0069445320696 357.13220044199176 English 0
108.08527437424345 22.150856536626094 115.22707999996783 6.874237000003048 163.8465344238648 29.60377554774052 156.70473812730052 44.88038711819972 English 0
89.38803599157836 16.34712011517761 58.76323265802057 12.789800042487565 60.66208468429977 -3.55731996764409 91.28688599994348 -1.9013753455124085e-12 English 0
107.74921269439801 23.754059126508068 93.78445679838478 21.210035188355114 97.31845299997076 1.8110949999952224 111.28320654555864 4.355118729921369 English 0
215.53037970734295 48.56554480419359 209.2782189999707 63.360624000023584 169.3497605106677 46.4875149261725 175.60192500000994 31.692446999983304 English 0
208.09945092485577 60.52598710187826 214.0688229999796 46.59775499998403 245.42531774146482 60.03650832743746 239.455958252438 73.96472974403696 English 0
152.5649983544281 3.292832251436918 159.64045599248493 -12.70458601957735 241.94866037629254 23.6993024274593 234.87321269480162 39.6967118656074 English 0
561 578 570 578 570 586 561 586 English 0
572 576 589 576 589 584 572 584 English 0
573 591 592 591 592 600 573 600 English 0
562 594 572 594 572 602 562 602 English 0