189 203 249 203 249 236 189 236 Manipuri 0
250 202 283 202 283 231 250 231 Manipuri 0
287 195 368 195 368 236 287 236 Manipuri 0
55 265 81 265 81 278 55 278 Manipuri 0
23 280 94 280 94 305 23 305 English 0
97 281 112 281 112 295 97 295 English 0
67 293 128 293 128 317 67 317 English 0
46 302 64 302 64 316 46 316 English 0
6 305 43 305 43 322 6 322 English 0
156 243 298 243 298 305 156 305 English 0
135 436 190 436 190 461 135 461 English 0
193 430 234 430 234 450 193 450 English 0
133 418 190 418 190 439 133 439 English 0
228 365 281 365 281 397 228 397 English 0
281 351 368 351 368 387 281 387 English 0
370 354 385 354 385 376 370 376 English 0
304 238 416 238 416 289 304 289 English 0
428 186 494 186 494 218 428 218 English 0
494 190 508 190 508 204 494 204 English 0
454 259 477 259 477 280 454 280 English 0
477 254 522 254 522 276 477 276 English 0
447 371 490 371 490 394 447 394 English 0
490 360 550 360 550 391 490 391 English 0
490 386 554 386 554 411 490 411 English 0
450 396 483 396 483 416 450 416 English 0
414 372 424 372 424 379 414 379 English 0
423 371 431 371 431 377 423 377 English 0
459 272 529 272 529 296 459 296 English 0
159.85353943295195 346.56229852050717 155.95010800003365 301.02273700002286 426.44341778199305 277.83543260100026 430.34814542326785 323.37355333878605 English 0