23.364842000009958 143.43009399997808 24.977840212450246 94.49808475757314 284.62684294063365 103.05588099845416 283.0144471415406 151.98730264378847 English 0
124.78026241937187 186.7366607782682 124.89298400003463 140.30916900001432 286.2636506495619 140.7004089499311 286.15138716711954 187.1274403959794 English 0
574.1724499949487 154.8092937174687 569.2847037037427 213.03211903219207 287.11936037347186 189.34195380524474 292.0080539999617 131.12014800001896 English 0
371.4976117336482 119.97816595891246 371.3383780000004 103.9759609999897 412.5144007187919 103.56621274088124 412.6736615788832 119.56839016389225 Manipuri 0
451.2327088069287 105.26124834272474 451.50599300002796 119.3576910000087 417.2636595907534 120.02149743569029 416.9903959999647 105.92507500002498 Manipuri 0
538.3784648266737 109.14014304244434 538.0569210313115 124.67254538908861 454.9615377106238 122.9521867775616 455.2831359999982 107.41983999997686 Manipuri 0
77.60188248605118 310.79270285322326 77.59893700000248 284.4151049999731 221.42462900032115 284.39811473419473 221.42799427667342 310.7752925413808 English 0
223.3526264433749 333.14756357802645 129.72248071608192 331.2445422738293 130.22928125217732 306.325172322093 223.85887299999013 308.2281879999995 English 0
221.9012872172607 329.29077775262317 223.3388834548532 299.11582916759016 368.9989894662722 306.0539049847146 367.5619364038721 336.22833225004996 English 0
164.4667589999881 347.333952999976 164.34311904355127 333.25886700471995 214.87902237306116 332.81486904874924 215.00275153113762 346.8898649347784 Manipuri 0
215.98430422425736 347.94416694775 216.13782500004163 333.210264000031 276.14975460688584 333.835334658969 275.9963470792718 348.569125558727 Manipuri 0
78.13947399998142 477.1028520000038 77.25271670984512 452.13118939970065 136.602481000009 450.0238350000079 137.4894846148527 474.99524056654883 English 0
135.24485699999786 477.23793199999136 133.8388220154593 452.76036020891513 169.90560300000652 450.68893399998666 171.31178124567668 475.1663522391266 English 0
208.8155905212625 479.0850341403592 171.9110567626194 478.33501760603167 172.4177418322506 453.4156487022285 209.32195699999284 454.16566200000034 English 0
106.61068044435524 480.74836225123937 106.69191500004672 496.3397710000168 56.978940974586294 496.59844490779335 56.8978480000078 481.00717699996767 English 0
106.44161999996868 494.75947000002895 107.97814461919188 481.3367862987397 117.87392139565782 482.4693821756913 116.33742335819989 495.89204160644533 English 0
117.27195999999822 494.1240759999645 117.48075482020795 478.7462159735921 202.27636094219633 479.89681853060165 202.06780553511635 495.2744420275863 English 0
199.6369440000126 497.8181669999908 200.9100843899796 476.3327067138335 235.64817971375305 478.3907464943486 234.3751824057108 499.87607093015913 English 0
369.47017036320176 317.0494464963981 394.8919142120576 317.3196290051335 394.6907150000334 336.24918500000035 369.2689711590356 335.97900311233866 English 0
455.28513372832094 316.2703879930708 455.1793550000002 334.2284660000314 394.7122148358176 333.872035851217 394.8181240000122 315.91408900002017 English 0
549.0051670597313 319.8269605456423 548.6742918008531 337.32720209527173 466.897051688793 335.7806829291011 467.2280980000505 318.2806159999688 English 0
547.9823940603819 335.315711442409 548.0820610000228 319.5141230000362 586.6613634168607 319.75738664951007 586.5617711944651 335.5589008032313 English 0