178.13557100002072 299.38765199997795 177.77686694840668 239.7614752980079 364.7623659999954 238.6354860000149 365.12218150222907 298.26054005722904 English 0
144.16270399997302 229.450757999996 144.53516219036828 208.1204477561062 193.31131600003573 208.9720680000263 192.93894411028305 230.302293270997 Manipuri 0
549.7526593969087 179.98748227949926 551.5632581911632 215.38750778814145 442.685545040149 220.95549343189262 440.8752470000036 185.55575399999358 English 0
638.84400216004 208.21421693436116 550.7946484506101 214.6687164800312 548.2107557696872 179.41824812776798 636.2596630000189 172.96376499999892 English 0
549.5860350000294 143.7133119999825 548.3246242404857 117.18452639211878 616.4936409999791 113.94314400000142 617.7551342009974 140.47184276489818 Manipuri 0
617.265746385383 110.21280024933147 640 109.29940499999952 641.1799451201659 138.66772304878478 618.445691583911 139.5811170568953 Manipuri 0
312.86034500000824 325.2095219999799 315.09136739994574 301.98394983756197 355.8155646839441 305.89555076673327 353.5846631031018 329.1210110885873 English 0
397.712324473614 321.35646539730556 353.5111279832927 324.4787025373568 352.2284697518626 306.3202164993751 396.42947899999854 303.1979860000003 English 0
281.3786770000297 446.49189700001045 281.81072267070704 421.7489906586931 296.8433554276271 422.0114559900034 296.4113708552759 446.7543022909922 English 0
269.5213910000166 484.2640450000348 270.0340357702953 468.47241810401033 298.49266890683793 469.3960904640209 297.98010638121923 485.18763749160263 English 0
267.78069201980543 496.68100065671956 298.791933712273 498.0482547846191 298.13578599998436 512.9278009999995 267.12454455577245 511.5605506954484 English 0
268.70973799996136 530.7636290000308 268.52014049713034 517.1383938516244 295.7217498560931 516.7599195144916 295.9114185377257 530.3850824665427 English 0
296.80366863256495 552.5905924420362 265.7786619004037 552.0491692413408 266.0170341196499 538.3979162993687 297.04186899994966 538.9393379999993 English 0
294.51972212831606 573.4605783285116 264.77409460574563 572.941488668067 264.99012065061834 560.5699211743517 294.7355930505728 561.0890094813013 English 0
289.3196081539645 614.7627804510693 270.7685357792798 614.4390569593238 271.1558483311819 592.2557701202439 289.70673600000737 592.5794919999997 English 0
433.61802377527056 439.88228598536176 431.9584439999744 452.9608619999746 399.65204547319445 448.8618916440007 401.31168500003696 435.7833859999892 English 0
266.50058700681257 376.163923951239 270.7129680000071 363.5197839999672 289.9064071018074 369.91339694591494 285.69406787450134 382.5575013917049 English 0
290.10316318024707 389.4621408731786 302.6649852094124 390.33761015827054 301.6114910000033 405.45209099999863 289.049669174201 404.57662367602563 English 0