180.30265899695223 208.02762699997925 220.98543252846866 96.38034890748693 503.3834675793332 199.27898400506163 462.7037463206216 310.92364382473625 English 0
87.88019400002668 280.6638409999699 94.84292159540928 252.62307460196007 353.2249246349238 316.77431331848754 346.2631615157443 344.81424464258475 English 0
351.75796612908016 350.98821032320734 357.13089600001695 329.4673600000119 467.1186833178217 356.9240153569057 461.7461259716947 378.444544174095 English 0
463.96104499988724 382.81562900002854 468.9484186060872 358.57884328623464 559.2203812481603 377.152413011691 554.2333690304804 401.3888823110045 English 0
180.0849410000228 322.1417719999891 184.47725165293377 301.5935693420803 219.96163985510066 309.1780076390027 215.56942961993627 329.7261227355071 English 0
286.47959381931287 364.55010991063045 291.3107310000487 347.06329999997706 333.6120453295007 358.7488448458839 328.7810285860178 376.2355514819111 English 0
328.0157709240302 373.98616386192066 331.3858810000238 358.11169599998755 371.74626872823865 366.67917818253505 368.3762620591733 382.5535558774206 English 0
372.55882609810214 381.1944507187874 375.327804999979 369.17822899998185 414.0954801307089 378.1107117680649 411.3265790598234 390.12686598766504 English 0
353.3712581908185 351.42797385410563 350.121919000012 364.73375199999305 310.13771266516414 354.9701802204635 313.38709999996354 341.66447400002687 English 0
416.03807500003313 380.3386139999887 418.1947554083308 368.1089749564297 432.18953900002816 370.5766789999699 430.0328860240552 382.80629377748534 English 0
378.44322747187107 318.8232886016725 373.8794390000112 334.4116120000225 246.76401033240836 297.1977197702996 251.32793700002367 281.6096329999722 Manipuri 0
378.2227299999795 335.1774519999796 381.9800652036065 318.5002734376085 422.6594101431692 327.6644610410954 418.90217374428175 344.34155368105746 Manipuri 0
419.8673900000722 344.5115619999715 422.9759653853398 333.03183483092647 493.2637280075869 352.0630044377159 490.15527884621406 363.54262322521095 Manipuri 0
580.2144711544679 321.79285437886386 574.6904309999809 341.28187500003366 517.8815256511007 325.18076508334053 523.4056489999784 305.69188299998405 English 0
491.8556875752256 307.7316953303314 486.6038390000176 324.4224770000028 465.22242769824516 317.69513931097714 470.4742999999871 301.00440099997235 English 0