323.5584347330587 109.03366899247504 241.83494731914834 101.59040092969016 245.31626840034733 63.36855155017217 327.0395499999722 70.81180999999874 Manipuri 0
421.2872624370357 78.57205577436099 416.8472087689588 124.51543564368863 327.6614849999896 115.89620699999574 332.1016706095543 69.9529747735919 Manipuri 0
69.9623939999583 150.26550099998934 74.71962208976038 88.1073351765744 324.65117635139904 107.23448017013651 319.89474941277876 169.39187786371716 English 0
325.6528490000346 170.70836000003595 330.45359517745965 113.97403390273337 574.3301124316349 134.60883348054207 569.5302126277966 191.34237398215578 English 0
152.36191500000132 192.51164299999087 154.21721405524295 165.01402994748952 211.17036635849217 168.85659033842944 209.3151793537254 196.3540974418544 English 0
204.08759799996915 195.08989099997547 207.0243665621092 173.36091111887947 230.80863412273175 176.57538104594954 227.8719055106194 198.30432481790274 English 0
228.16842959437054 199.0689871200574 230.47813632452744 169.33573212415632 258.56180299997504 171.5172509999957 256.25215826272324 201.2504474834735 English 0
301.9501409568329 207.51942313278914 253.2180571918434 201.49439784133568 256.7940913022903 172.5721350877061 305.5259769999975 178.59714799999662 English 0
324.99157874997763 217.8016452582413 302.88749819759687 217.38498209332872 303.70764059989597 173.88129915707165 325.8115810000163 174.29796100000036 English 0
379.43232402314607 214.9485506686595 322.1715670898993 208.93037539576704 325.06882515845064 181.365955029629 382.32935 187.38411799999926 English 0
393.8959420000174 215.03955199999353 395.8071091516467 183.526181694111 492.2171738972247 189.37267855890013 490.3062490619777 220.88581961921398 English 0
163.18564900000638 227.23489900000743 165.1724456019292 203.65693926884066 233.71548650691693 209.43240649401687 231.72883135295706 233.01023398600194 English 0
285.73479505153955 211.49916495030448 283.1574019999971 238.4152519999856 229.11273931073083 233.2401295985271 231.69024000002537 206.32416299997627 English 0
285.9248240726447 238.03960024378176 288.0675869999686 213.32220400000688 368.2325932724052 220.27129926926509 366.0900127013156 244.98852589318557 English 0
371.30748499999754 241.24890899998664 374.2056425942428 217.2968718743002 419.19743605067197 222.74056016330383 416.29938154816045 246.69250323670337 English 0
478.3796893487306 226.77302073608791 475.7551429999876 252.22680000001662 417.38879698648816 246.20866912964692 420.013459000038 220.7550210000036 English 0
510.0689994800632 257.26251369740396 476.6122542903031 255.68627749076455 477.9189079844218 227.95467973592923 511.37548600003356 229.5309120000003 English 0
165.62101399998937 270.3661320000285 168.58328880844056 246.4283939456826 245.31211356865242 255.92283762033128 242.35003813839285 279.8603951680012 English 0
250.29281100003573 275.6925470000235 252.98556057379756 254.5956363686382 316.459712258802 262.6967418524496 313.7671119069273 283.793517142786 English 0
378.73987471124565 266.30586640363543 377.3157910000009 291.1869639999667 321.62987321855326 287.9997008270471 323.0540910000127 263.1187460000282 English 0
389.5571737382852 292.465321889511 393.1548496177129 263.02838266386885 477.25931690089055 273.30653828374534 473.6619305768545 302.7432122677201 English 0
572.9662594186811 277.37916571027233 570.4946829999972 330.0701759999908 508.539574849201 327.1638456682613 511.0114994468313 274.47320071937173 English 0
252.74131897363986 288.09688705168816 251.0686300976522 316.1253028840663 160.85358871794597 310.74118927793245 162.52654099997017 282.7130549999908 English 0
338.1634737193963 327.08880540256183 254.08435383680626 321.2774818828311 256.1442286270176 291.4812664973959 340.22277199997916 297.2925699999988 English 0
402.1576801074116 330.2419219412156 353.2524356037902 327.09850490491726 354.9407474196778 300.83620066211176 403.8456910000241 303.979608 English 0
406.1325533327181 324.9525161691829 408.0706922193349 304.3531311930225 473.6888320786238 310.5263859901439 471.7508666453068 331.1256089418668 English 0
144.93349955919257 263.1882315596763 141.5011048586166 297.31860554466806 25.711719000028097 285.67375899998956 29.144471574036288 251.54378791662418 English 0