28.360473999928217 256.7974380000013 42.6979278462386 180.22585236699786 277.2516390000237 224.14112699997338 262.9160447936738 300.7110728408322 English 0
290.1921990000119 287.62932500002785 297.8723664996505 238.5144014407217 376.66630100000475 250.8347820000074 368.9865729535086 299.949313188144 Manipuri 0
495.77016399998683 237.80176499997685 504.17394681186124 206.12214379787244 559.6379442111356 220.83471160004592 551.2343419620447 252.5141775577796 English 0
441.28957879955124 256.6908661563302 445.95848099997966 233.66116900000193 603.808125220894 265.6601441223273 599.1396348198032 288.6894806314919 English 0
492.7631150936213 207.15741012604443 488.70151000002807 223.10527799998448 418.6803663594037 205.272628622761 422.7420290000009 189.32484899997263 Manipuri 0
501.2864766943676 326.0599937689883 503.51706000001286 307.89579600003196 543.8403065317834 312.8471195669482 541.6098197520478 331.0112294596948 English 0
580.5052060707385 342.2566395974935 582.9636677947565 324.93335989478885 623.4446907757956 330.67776407076826 620.9863276984834 348.00095491744656 English 0
444.2224865833123 261.73436514661915 482.1231446211459 270.8511089334663 478.5432530000253 285.732807000005 440.6425998477789 276.61607741164204 English 0
558.1249986813782 284.9674476718306 555.6607862190867 299.19038654883565 477.3821567772393 285.6285703030308 479.8464629999944 271.4057509999706 English 0
555.2404409999872 300.41806200000804 558.8722273979511 283.70054486912727 600.7092383964482 292.78876406837725 597.0775426748878 309.50620221179554 English 0
590.3262031151098 128.38443662494308 585.7201689999783 152.70477600001584 504.56587775450316 137.33493829585885 509.1719870000088 113.01469700002833 English 0
559.9737274049403 114.66944153325917 557.2497793410002 124.92180918900424 492.5513860841602 107.7321781555043 495.2753519999533 97.47983900001913 Manipuri 0
491.1270032415632 106.84801374369299 488.4984416576481 128.25588995254972 472.47683263834915 126.2886881733361 475.10540700001 104.88082700002109 English 0
507.66392342047766 108.8784890001405 503.757527436901 132.86153481287704 487.3345448814507 130.18654901346105 491.2409550000302 106.2035209999697 English 0
128.60575060461997 34.83401583703941 120.98982900002738 61.83990399998497 37.30215934141597 38.23912964706446 44.91809999999532 11.233273000018137 English 0
191.71942268651037 50.229426635056626 184.990856000004 76.72227600001226 125.52718111692229 61.61986967016748 132.2557699999743 35.127052999975675 English 0
281.1581268801092 74.51091311985229 273.9763099999982 102.57438800000182 188.022487264534 80.57761811190318 195.20435099999304 52.51421400002811 English 0
123.93472148447472 60.77724264754075 119.84414400001697 81.89332799996953 65.65592595630733 71.39604912989626 69.74652500000957 50.27999200001397 English 0
123.11612642130058 62.77251273030341 170.75448754098034 71.73299268070556 166.12308600000688 96.35570999999445 118.48472659614345 87.39523669133548 English 0
160.80903103662422 94.67938053498736 168.54703800003335 72.06921699997005 221.22456163917377 90.09722687855977 213.4866056338069 112.70734711937904 English 0
72.1168682899588 47.05898295916857 65.96210756186338 74.95467993994397 30.070531799428863 67.0357458843874 36.225307999993674 39.14007000001991 English 0