130 60 248 60 248 109 130 109 English 0
273 44 394 44 394 88 273 88 English 0
214 121 255 121 255 140 214 140 English 0
271 114 304 114 304 134 271 134 English 0
124 163 150 163 150 181 124 181 English 0
344 344 456 344 456 389 344 389 Manipuri 0
243 348 328 348 328 395 243 395 Manipuri 0
136 355 232 355 232 398 136 398 Manipuri 0
435 254 507 254 507 284 435 284 English 0
18.77573300000222 315.3543189999914 13.722545613054535 270.4695049941557 104.55656400001317 260.2437030000265 109.61013317464676 305.12807592765097 English 0
1 314 69 314 69 344 1 344 English 0
31.522884000005433 368.7329930000251 28.512304684554692 347.7243987672781 93.84068600003957 338.36336900003596 96.85141599424242 359.37178084089214 English 0
177 217 368 217 368 289 177 289 English 0
508 427 538 427 538 443 508 443 English 0
543 428 572 428 572 443 543 443 English 0
577 427 613 427 613 444 577 444 English 0
448 315 499 315 499 331 448 331 English 0
3 257 44 257 44 272 3 272 Manipuri 0
368 134 408 134 408 157 368 157 English 0
338 138 364 138 364 160 338 160 English 0
296 142 336 142 336 165 296 165 English 0
255 150 289 150 289 169 255 169 English 0
214 156 252 156 252 175 214 175 English 0
153 160 189 160 189 179 153 179 English 0