11 213 281 213 281 304 11 304 English 0
367 321 401 321 401 342 367 342 English 0
402 318 457 318 457 342 402 342 English 0
337 226 450 226 450 291 337 291 Manipuri 0
366 159 394 159 394 182 366 182 English 0
398 161 443 161 443 181 398 181 English 0
169 13 382 13 382 151 169 151 English 0
31 432 112 432 112 469 31 469 English 0
15 484 82 484 82 515 15 515 English 0
14 514 98 514 98 546 14 546 English 0
419.92303200000606 439.90140599997517 406.60313509091793 401.80130670041393 472.0973640000011 378.9070859999978 485.4174535087077 417.0067824041406 English 0
503 193 589 193 589 235 503 235 English 0
540 162 632 162 632 205 540 205 English 0
512.920707000012 15.337908999964604 513.4764151986019 5.322196090855047 539.4081208713033 6.760980670232044 538.8524138077628 16.77669246428041 English 0
511.1812761472538 4.402369634091794 509.89546918906854 16.329581224289825 483.54870299997856 13.489279999991675 484.83451087282447 1.5620694438886291 English 0
456.55647400002636 10.823798999999084 457.4182850588113 -0.28913039400168755 483.8802141344786 1.7629999745269844 483.0184037970321 12.87592861704751 English 0
544.9183189281757 -4.885474519334625e-8 544.9183189999894 5.945790999979506 521.690955929007 5.945790927775963 521.6909560000204 3.4226247104230295e-11 English 0
452.4953582346643 8.506091006986413 432.83022819021426 7.92057993318115 433.0834894259169 -0.5855110670164952 452.7486189999763 -3.523458233058802e-13 English 0
538 147 566 147 566 165 538 165 Manipuri 0
571 148 611 148 611 169 571 169 Manipuri 0
12 440 26 440 26 467 12 467 English 0
67 583 107 583 107 600 67 600 English 0
70 555 101 555 101 569 70 569 English 0
19 561 41 561 41 573 19 573 English 0
28 618 36 618 36 633 28 633 English 0
470 357 487 357 487 377 470 377 Manipuri 0
543 260 563 260 563 273 543 273 English 0
578 262 601 262 601 275 578 275 English 0
503 259 526 259 526 271 503 271 English 0
506 241 529 241 529 251 506 251 English 0
577 241 596 241 596 255 577 255 English 0
477 258 490 258 490 268 477 268 English 0
499 165 532 165 532 192 499 192 English 0
616 265 632 265 632 274 616 274 English 0
612 245 634 245 634 257 612 257 English 0
511 141 536 141 536 161 511 161 Manipuri 0