81 196 132 196 132 218 81 218 Manipuri 0
206 239 270 239 270 277 206 277 Manipuri 0
272 249 333 249 333 284 272 284 Manipuri 0
349 229 400 229 400 251 349 251 English 0
402 236 455 236 455 258 402 258 English 0
99 265 263 265 263 343 99 343 English 0
262 285 422 285 422 361 262 361 English 0
161 346 208 346 208 375 161 375 English 0
209 353 255 353 255 381 209 381 English 0
258 358 311 358 311 386 258 386 English 0
311 365 349 365 349 392 311 392 English 0
311 404 344 404 344 418 311 418 English 0
265 398 297 398 297 411 265 411 English 0
207 392 244 392 244 404 207 404 English 0
162 385 189 385 189 400 162 400 English 0
108 380 141 380 141 394 108 394 English 0
407 415 442 415 442 430 407 430 English 0
359 409 392 409 392 426 359 426 English 0
396 498 429 498 429 519 396 519 English 0
389 518 434 518 434 539 389 539 English 0
392 583 421 583 421 598 392 598 English 0
392 615 418 615 418 626 392 626 English 0