163 41 284 41 284 97 163 97 English 0
307 44 431 44 431 96 307 96 English 0
240 109 282 109 282 131 240 131 English 0
298 111 332 111 332 133 298 133 English 0
146 138 173 138 173 158 146 158 English 0
335 352 450 352 450 404 335 404 Manipuri 0
235 340 323 340 323 392 235 392 Manipuri 0
129 332 227 332 227 382 129 382 Manipuri 0
439 273 513 273 513 308 439 308 English 0
22.353780999983428 273.4772150000311 23.596849793830188 228.32600624833867 114.96971400003531 230.84131600002635 113.72704312190763 275.9921357495325 English 0
1 272 71 272 71 307 1 307 English 0
27.5480019999668 328.11047200001167 27.490810969247832 306.88736553037734 93.48596600000747 306.70936499998834 93.54332197915937 327.9323060147539 English 0
185 204 380 204 380 289 185 289 English 0
490 453 520 453 520 471 490 471 English 0
524 459 554 459 554 476 524 476 English 0
558 462 595 462 595 482 558 482 English 0
446 335 498 335 498 355 446 355 English 0
13 214 55 214 55 232 13 232 Manipuri 0
390 144 432 144 432 170 390 170 English 0
361 143 389 143 389 167 361 167 English 0
319 141 360 141 360 167 319 167 English 0
277 144 312 144 312 165 277 165 English 0
236 144 275 144 275 166 236 166 English 0
175 140 212 140 212 161 175 161 English 0