313 205 386 205 386 231 313 231 Manipuri 0
391 209 461 209 461 234 391 234 Manipuri 0
465 218 485 218 485 230 465 230 Manipuri 0
488 215 569 215 569 243 488 243 Manipuri 0
0 331 68 331 68 369 0 369 Manipuri 0
177 397 202 397 202 415 177 415 Manipuri 0
114 394 172 394 172 415 114 415 Manipuri 0
267 229 378 229 378 286 267 286 English 0
387 238 466 238 466 286 387 286 English 0
493 244 620 244 620 291 493 291 English 0
411 287 434 287 434 295 411 295 English 0
437 287 463 287 463 296 437 296 English 0
330 290 376 290 376 305 330 305 English 0
382 292 431 292 431 309 382 309 English 0
439 297 496 297 496 312 439 312 English 0
310 305 347 305 347 324 310 324 English 0
355 310 368 310 368 323 355 323 English 0
372 310 406 310 406 325 372 325 English 0
414 310 448 310 448 334 414 334 English 0
453 313 473 313 473 328 453 328 English 0
521 314 568 314 568 334 521 334 English 0
479 312 516 312 516 329 479 329 English 0
491 410 522 410 522 424 491 424 English 0
497 430 520 430 520 522 497 522 English 0
53 239 128 239 128 271 53 271 English 0
62 303 112 303 112 316 62 316 English 0
63 317 112 317 112 325 63 325 English 0
115 421 143 421 143 432 115 432 English 0
148 423 176 423 176 433 148 433 English 0
180 425 202 425 202 436 180 436 English 0