151.45893000000797 259.60904700000776 153.57594630309904 140.7994540715043 454.088308098726 146.1521964636753 451.97405889222864 264.95899584911535 English 0
87.71981100006087 358.3777479999748 85.17362908125506 329.5978713580993 350.3641156984668 306.13425822855754 352.911150735672 334.9131817548349 English 0
360.1171768821223 338.9604912744011 358.19022299998323 316.8629269999731 471.12404263185454 307.0150054098214 473.0512677812658 329.1122683189793 English 0
476.5686110000388 332.52421200002584 473.3927475033852 307.9845875801243 564.7935175746534 296.1562210952098 567.9696046554454 320.69558013155086 English 0
188.40500600002997 367.576972999967 185.86763104343845 346.71833690391554 221.88801134660025 342.33696322370633 224.42547189166362 363.1954994123786 English 0
302.8104928830726 373.03609956352824 301.6847119999875 354.92916500002656 345.48524957499467 352.2061007644737 346.61113032016146 370.3129280535527 English 0
345.15576571953716 368.43517720257944 343.1735160000244 352.3284360000327 384.1237738219206 347.28911157205266 386.1060991463455 363.39576444073174 English 0
389.6187257538986 360.74896740705384 388.3243329999823 348.4859579999664 427.8876004641643 344.31026552373334 429.1820493569685 356.57321095726246 English 0
361.78469350350497 338.8511631038626 363.0447190000268 352.4898550000254 322.06059016723884 356.2757313483042 320.8006430000387 342.6371120000042 English 0
430.4501149999851 345.7843409999984 428.50732741950196 333.51892056327745 442.54344900000433 331.295848999998 444.48625423297926 343.56124748977214 English 0
374.8756771632907 299.8601511303007 375.63597199994547 316.0850179999771 243.3306434271799 322.28324919898057 242.57060800002364 306.0586309999976 Manipuri 0
379.9919680000312 315.39509599998485 378.1145997902786 298.4032969539329 419.5612375845667 293.8242534519423 421.4386757933971 310.8159720384057 Manipuri 0
422.40665600002103 310.66249500000333 421.60810146648146 298.7961713215156 494.2624189888011 293.9069223143542 495.06106346809247 305.7731486982747 Manipuri 0
566.6209030520258 236.97777898728904 567.7432340000087 257.20331400003204 508.78776787219977 260.474432487074 507.66555300004256 240.24900800001325 English 0
478.49820272916986 252.449378110561 478.9668420000089 269.9406300000304 456.5604842009634 270.54088189977796 456.0918839999795 253.0496680000057 English 0