20 195 289 195 289 281 20 281 English 0
365 328 398 328 398 349 365 349 English 0
401 332 455 332 455 355 401 355 English 0
345 237 457 237 457 300 345 300 Manipuri 0
384 168 412 168 412 190 384 190 English 0
416 175 461 175 461 194 416 194 English 0
199 11 410 11 410 146 199 146 English 0
17 402 98 402 98 438 17 438 English 0
0 450 61 450 61 480 0 480 English 0
0 480 74 480 74 510 0 510 English 0
404.56591499998467 451.1852340000273 395.98903608835826 411.74562313970887 463.78468599999906 397.00400700002353 472.3618727133726 436.4431859023517 English 0
515 222 600 222 600 262 515 262 English 0
555 196 640 196 640 238 555 238 English 0
548.6116739999852 41.11993399998207 550.3838538015407 31.246601424632956 575.946921025461 35.83494907637588 574.1747453950666 45.70827794154554 English 0
548.2179180515232 30.053916220823712 545.4881349350035 41.735527048627475 519.6838959999877 35.70553799998636 522.4136817129329 24.023930940903906 English 0
493.2177039999806 29.770400000032925 495.47747658718436 18.597852777286953 521.4920667903789 23.859590653653026 519.2322976143623 35.032134850650394 English 0
559.5141623550444 18.630257118488274 556.9912710000062 29.863991999967887 524.7972436384589 22.63379914810123 527.3201369999879 11.400067000028196 English 0
583.7665905289032 24.359905067999765 581.5153920000012 35.697351000024014 557.5130163499853 30.931363102973023 559.7642169999745 19.593919999984497 English 0
470.0971223367378 22.690736524667933 472.5113489999785 11.774426000022986 491.8835402388504 16.05873483901884 489.4693153872504 26.975043770689496 English 0
557 177 584 177 584 194 557 194 Manipuri 0
589 183 628 183 628 203 589 203 Manipuri 0
0 401 12 401 12 428 0 428 English 0
35 552 75 552 75 569 35 569 English 0
42 525 73 525 73 538 42 538 English 0
32 608 64 608 64 622 32 622 English 0
0 523 12 523 12 535 0 535 English 0
463 376 480 376 480 395 463 395 Manipuri 0
547 289 567 289 567 302 547 302 English 0
583 296 606 296 606 308 583 308 English 0
508 283 531 283 531 295 508 295 English 0
514 266 536 266 536 276 514 276 English 0
584 275 603 275 603 288 584 288 English 0
483 279 495 279 495 289 483 289 English 0
516 190 548 190 548 217 516 217 English 0
621 302 636 302 636 311 621 311 English 0
618 282 640 282 640 294 618 294 English 0
530 168 555 168 555 187 530 187 Manipuri 0