56 166 114 166 114 202 56 202 English 0
112 184 179 184 179 211 112 211 English 0
183 192 259 192 259 220 183 220 English 0
115 167 144 167 144 186 115 186 Manipuri 0
155 170 206 170 206 193 155 193 Manipuri 0
216 177 262 177 262 199 216 199 Manipuri 0
282 174 332 174 332 207 282 207 English 0
295 234 323 234 323 250 295 250 English 0
334 237 353 237 353 251 334 251 English 0
346 226 355 226 355 237 346 237 Manipuri 0
335.4957429999922 203.35782499996995 333.1471786698967 194.94318534668713 356.45064500000444 188.43925600001853 358.79921835548885 196.8538807850106 Manipuri 0
331.81719799998973 198.3182119999995 327.77363118832 189.35726460173362 355.10094300734636 177.02630961137456 359.1445150049549 185.98723830875196 Manipuri 0