358.1532643456012 234.11775861604812 360.7196145812486 242.61144644623045 325.3525257088768 253.2969953193577 322.7862087824906 244.80333589200592 Manipuri 0
358.91667900003085 242.84336099998524 355.78960241742607 234.0837395733244 381.1556990000099 225.02870800000687 384.282785158357 233.7883089407416 Manipuri 0
448.929724012487 223.81697963035262 455.22435870036134 241.39633239990724 423.9515009999741 252.5936499999996 417.6569272240158 235.01434886711803 Manipuri 0
452.9910650000238 240.83184699998398 448.8088891692314 225.74563944360492 483.78580199998396 216.04973800002784 487.9680063597334 231.13589912336224 Manipuri 0
124.42257067807077 309.174620897315 126.85625199985225 324.82254723385097 88.0117969999992 330.86333400003076 85.57819761095743 315.2154808083509 Manipuri 0
155.26109902690223 304.2673536504389 157.9899375091918 319.89041288658916 127.6867730000231 325.1829100000213 124.95799804761191 309.55990697601794 Manipuri 0
159.04588099998364 319.1253740000115 158.09857001833734 303.2202748466581 177.874392621452 302.0425027829366 178.82173763864557 317.9475655107028 Manipuri 0
132 347 182 347 182 369 132 369 English 0
125 323 182 323 182 348 125 348 English 0
119 372 176 372 176 392 119 392 English 0
120 391 176 391 176 406 120 406 English 0
189.88521200000832 415.84638100001405 181.48091072471288 381.39635193627873 279.615816000005 357.4579279999926 288.02045268043 391.9074571557957 English 0
242.08582100000058 332.8487970000163 231.5977883648884 294.4602705140212 318.84939000003214 270.6238570000299 329.3376639449707 309.01199346935067 English 0
219.16956399996707 364.4032749999681 214.6332010316837 348.3982093792602 272.4278204179427 332.01862647606424 276.9642584678513 348.02356807084897 English 0
279.42516900002374 347.8088620000051 275.2189178280969 332.28163707968076 331.6045109999686 317.00816499997745 335.81083210177894 332.5352778446916 English 0
336.8757210000331 332.2883520000329 332.38973647858074 316.96083197514247 374.2214830000012 304.71857399999817 378.70751389782527 320.04601513346535 English 0
285.54606700003205 391.73578300001657 277.3338986849558 352.76317747747265 385.5413189999672 329.963813 393.75390634559153 368.9358378200153 English 0
480.9184688559617 243.18825298775198 486.1505883508653 260.8694610673309 410.92735192287364 283.1275977638105 405.69539135394734 265.4465254260445 English 0
495.6291020000208 259.852427 490.58529535766866 240.70270701670648 614.715326000005 208.00910800001193 619.7592689478188 227.1586145182029 English 0
535.7147380000242 220.99637500003394 529.4228055822896 203.35864000071894 569.5703949999734 189.03715200002975 575.8623541980342 206.67482990062098 English 0
494.11740100003954 339.2211880000323 479.5457633758633 272.2347573717888 630.0931359999959 239.4873869999664 644.6655664488208 306.4726953836228 English 0
141.58962456771405 590.2493503598189 140.6194929999765 599.3666569999766 116.51096866429725 596.8019618850017 117.48114299996814 587.6847040000259 Manipuri 0
140.3201492313383 599.0356083364328 143.03028399997856 590.7641289999872 156.69603405236558 595.2404983891865 153.98593034318765 603.5119513171015 Manipuri 0
127.57923479905003 601.34650159111 125.76271344543784 613.9847102071309 99.74956287485838 610.2466897651178 101.56614599996828 597.6085560000147 English 0
127.46690998319536 613.6219720481827 129.11049000002095 601.9120259999679 144.6447206767334 604.0917709285798 143.00118687671784 615.801675377597 English 0
143.1157277161401 615.9574350099724 144.69223899999633 603.7655839999854 169.09196859196527 606.9197767795912 167.51553264264658 619.111559568778 English 0
124.24546045731404 633.5005858300119 125.07994400002644 620.5863360000226 148.24153541529085 622.0825148183274 147.40712595099467 634.9966946207988 English 0
123.81386555673089 636.2215829478143 136.76231942561571 637.7460588371581 136.31733562746376 641.5244745114886 123.36888200006797 640.0000000000034 English 0
269.9282686213701 549.4391683112856 264.2050528082473 564.8012475360316 210.16645590039843 544.6730530822666 215.88974999998754 529.3111539999949 English 0
271.036109330671 571.3547053651754 265.6211630882899 585.8337091305463 211.01217472270946 565.4152515639876 216.42719800001942 550.9364260000308 English 0