323 252 392 252 392 303 323 303 Manipuri 0
396 242 511 242 511 300 396 300 Manipuri 0
243 300 371 300 371 366 243 366 English 0
378 273 578 273 578 344 378 344 English 0
262 295 295 295 295 308 262 308 English 0
16 237 58 237 58 252 16 252 English 0
59 237 71 237 71 244 59 244 English 0
11 147 34 147 34 157 11 157 English 0
0 149 8 149 8 160 0 160 English 0
1 58 36 58 36 74 1 74 English 0
37 59 51 59 51 69 37 69 English 0
47 45 59 45 59 53 47 53 English 0
27 47 39 47 39 54 27 54 English 0
62 164 79 164 79 172 62 172 English 0
71 217 89 217 89 227 71 227 English 0
12.003614709392423 222.91421543602627 10.307643999985885 207.0135170000105 82.1554446133814 199.350317266137 83.85149438443477 215.25092523218007 English 0
13.74763100000564 231.68397399997775 13.116187638224801 225.3790906349651 65.92460316933284 220.0903464960011 66.55607140957727 226.3952017545475 English 0
78 234 91 234 91 242 78 242 English 0
0 242 10 242 10 251 0 251 English 0