181.70502100001613 282.2523690000316 188.61592134802777 223.02692486135825 374.34455399998114 244.69712500001887 367.43484700797126 303.92147662434115 English 0
156.5085459999682 208.69652299996693 159.4778038514778 187.57061212110045 207.78653599998506 194.36018600002168 204.81736402965907 215.48601950708513 Manipuri 0
565.1033610839659 209.0307813001823 562.5862042632798 244.3875885365399 453.84144224211923 236.64535751110697 456.3588929999969 201.28886800001624 English 0
561.9367429999693 243.055602000002 563.8730432134616 207.86337776427433 641.936031100995 212.15814942346182 639.9999754878081 247.35014156236792 English 0
569.3586779999896 173.00682600003603 571.3398112456343 146.52197788283175 639.3956369999796 151.61254599999518 637.4146202224074 178.0972848696054 Manipuri 0
312.27868200003286 324.30058600002604 317.32376278567244 301.5200572999587 357.2677098639542 310.3655493538939 352.22275572959916 333.14596774722065 English 0
396.96775506999984 330.8171047074285 352.71549757075263 328.52969474008097 353.6553703350364 310.3502310035069 397.9074359999504 312.6376359999981 English 0
266.25106999999844 440.84229100001255 269.6957087319606 416.3365230331851 284.5843057218008 418.4290582375995 281.13973240266205 442.9347673638673 English 0
249.87889999996696 476.88785100000825 252.3125462320604 461.27645548915893 280.4464895505953 465.6614879348151 278.0129306330491 481.2728054086978 English 0
246.63781848976214 489.0007470532812 277.2513980529766 494.1364614415889 274.786774000022 508.8251690000043 244.17319793472416 503.68946880392184 English 0
243.40642299997853 522.9419179999884 244.8790670039307 509.39517347060524 271.924045437554 512.334572229657 270.4514788454253 525.8812458142436 English 0
268.63090104925504 548.0299756857104 237.9030276695994 543.7123850722136 239.8032944156148 530.1919262100714 270.5310019999888 534.5095049999954 English 0
265.5428454274079 556.2129569153099 263.820498999994 568.4660460000065 234.35990392434178 564.3257830652985 236.08231339276244 552.0727699118871 English 0
253.62573479324055 608.8266615252109 235.25232290179702 606.2451251193266 238.34022033726797 584.2743813025522 256.71345399998245 586.8559049999951 English 0
418.1613928775914 452.83530924441806 414.9200700000074 465.6140940000116 383.3537861148943 457.60847031260306 386.5951550000318 444.8297560000301 English 0
260.05461137618113 369.2253050772432 265.7766189999529 357.1888160000313 284.0479053903982 365.87390973911346 278.32593687162444 377.9103655125774 English 0
281.860701008045 385.3008720309427 294.2222307577322 387.70055044403813 291.334566000005 402.57414900000674 278.97303776509943 400.17447591449786 English 0