121.87206700000388 335.4613740000128 120.5898062120832 323.2617517514191 154.39231800002744 319.70912299997923 155.67462315440935 331.9086947166323 Manipuri 0
193.3087999712734 315.08237607667536 194.93460974241316 327.2244602683363 156.92331099999137 332.31361099998844 155.29756328149233 320.1715828340675 Manipuri 0
327.18070825212635 288.14134997274516 355.0180540000292 285.21573199999915 358.25147629133426 315.9798232273892 330.4141321450152 318.9054310357255 English 0
131.36792999997851 387.5541560000172 126.0304960027861 342.54771988862245 365.69581600000674 314.124634000002 371.0344699786219 359.1296507108896 English 0
386.73783705780806 357.485563665851 393.0347723801242 406.87337497154954 107.60433060961077 443.25436689114184 101.30972697530524 393.8686673669804 English 0
43.65459771222959 336.6785648350127 46.48025900001812 352.50198000001103 16.837655680283206 357.7948316675629 14.012063999980455 341.97147800000715 Manipuri 0
46.591755999979796 353.5628040000299 43.98946251065354 336.24529981856875 93.84089500003029 328.754689999982 96.44327890877321 346.0720834178786 Manipuri 0
22.09934099999373 388.3133260000004 64.75623217942484 384.4283537297456 69.98166911493172 441.79644840990596 27.324782798459637 445.68138611668843 English 0
134.25147441412264 258.00905859166505 135.52409442309 272.94110631751784 52.133268999969005 280.0475009999913 50.860783295720466 265.1155783338518 English 0
193.6167548402591 252.84243777740303 194.1741488797561 268.48684211121855 137.9755540000042 270.4888409999664 137.41824841650669 254.84452223132115 English 0
131.10354330994596 270.13840960978644 132.1732726913615 279.12379939449954 92.3394289999851 283.86572899997793 91.26974038073968 274.8803763276861 English 0
148.31512783755898 269.40206840040395 149.3186841213901 278.9494874807018 129.4348010000249 281.03939000001515 128.43126597937953 271.4919904458219 English 0
166.3220512301632 268.58200351301167 166.510831734995 279.24613382285474 148.10451715478848 279.5719233171126 147.91575700000976 268.90781299998537 English 0
163.74644099996658 278.5056339999864 163.80100285030494 266.3120360440632 193.16581106279045 266.4434020574506 193.11128567511332 278.63696365281965 English 0
0 144.089056 8.894481 144.089056 8.894481 172.78604 0 172.78604 English 0