73.88649200001964 233.61544899999186 75.75375827487733 180.17488092051343 299.8486087841593 188.00331736635462 297.9823152040626 241.44293536404723 English 0
312.87587631835777 245.39868580284178 314.08527100000356 193.15057299999552 499.29859140749613 197.43660257648781 498.090011968161 249.68391495021277 English 0
0 175.250744 54.69582 175.250744 54.69582 233.950424 0 233.950424 English 0
172.82687177154003 144.43890422501684 171.32651399995666 179.64000000000544 81.48728493935778 175.81056751332335 82.98782236459374 140.60965928873517 Manipuri 0
308.5432869554643 159.1077420273269 306.03735470627726 189.28122657227198 176.10556599996926 178.48975099997372 178.6117226074566 148.31649554049972 Manipuri 0
416.93861679501424 161.53110604252197 416.26821899997594 190.3001339999899 310.41933731678 187.83315460643928 311.08992800000124 159.0643239999636 Manipuri 0
513.5416165884817 172.5991307428255 511.66298212861875 198.38752653630607 417.1597115556506 191.50293811948626 419.038498000009 165.714708000021 Manipuri 0
519.5746637744742 167.70018895169937 597.2555221724906 172.63745965267643 595.5859429999691 198.90525199999914 517.9050853570516 193.96799016720576 Manipuri 0
589.7798396029975 206.55429641653217 589.3016209999769 251.28957400003313 510.65602182650764 250.44848118567924 511.13453600002686 205.71350299997036 English 0
342.6804206577799 287.7322813419254 341.7766660000052 321.7535449999971 169.12955441737722 317.1655909907813 170.0339510000049 283.1449879999767 English 0
173.70856915513286 270.2789000596616 133.6180279286782 269.8228605548366 133.93374522100203 242.0797946962698 174.02407499997935 242.5358329999996 English 0
176.92553799999587 271.2895750000079 177.61874070383783 246.53635375003105 252.51630200000363 248.63354999999288 251.82328342212713 273.386591507988 English 0
322.2500732278422 257.0173492282298 320.26257791869284 280.76523333246325 254.58092199995008 275.26824000002915 256.5685575560201 251.52051046725347 English 0
407.7712557531049 253.39061389202362 406.41887516605493 281.9530141131301 324.1177287444589 278.05595842518545 325.47033000002557 249.49379100002255 English 0
413.7780500000372 276.7567610000302 414.36152264665 249.95300704205957 468.77217625085905 251.13730092881636 468.1888498479384 277.9409117338451 English 0
492.3634176300402 288.18700714393043 469.9387772085174 285.22376579158544 474.88460445769306 247.79842172425197 497.3090790000424 250.76165200000364 English 0
549.1173114131379 286.12955059375463 492.66356976208044 278.66962907349773 496.9029557364411 246.59076141546535 553.3563399999548 254.050658999999 English 0
432.29880698279885 283.90030541258204 432.98821100004716 323.3619290000182 344.38959185506974 324.909001535245 343.70059000000765 285.4477720000312 English 0
540.6844914920657 288.6327678613373 539.4109890000254 325.77162900000997 432.03162080732 322.0889473344883 433.305560000008 284.9505399999894 English 0
297.2624534125498 326.8668033512798 296.7014460000064 351.3447230000102 136.47743327732314 347.67102529068404 137.03892099998484 323.1935979999835 English 0
302.2428790000413 348.04750899997174 303.37538933767064 320.5246345633674 376.2142052762647 323.52136648087185 375.0819553650217 351.0439895160754 English 0
470.13870984366804 322.7268312783331 470.2915809999831 352.58201299999655 382.746619449681 353.02958726363806 382.5940780000383 323.1747329999662 English 0
136.91122600001108 453.34898200000504 136.32304507656954 389.34726318813546 265.87743980773666 388.156160845933 266.46690599416615 452.1565796884646 English 0
533.351926459145 393.1212925922888 533.5743200000434 449.62568999998103 294.60886256019876 450.5605429663007 294.38859399997455 394.0582600000007 English 0
342.29008563917887 376.1949224233142 342.336015999972 399.62230999998314 270.7881253943924 399.76205693088946 270.74243700000807 376.3349100000053 Manipuri 0
403.22939607387525 370.79873277710504 404.6870869999839 397.46713799997707 345.8335199794965 400.6833291633763 344.37606541432615 374.0151483248374 Manipuri 0