-9.500494369276566 145.86859021281458 9.450813000003109 46.474272999968136 292.93139363209775 100.52412985564442 273.98169285159383 199.9168716881404 English 0
263.1183420870366 174.81794266943498 274.44804799997655 110.65764699996845 427.35505490702053 137.65785106275962 416.0260045721225 201.81756774364982 Manipuri 0
350.1364693373034 184.0873567368002 345.4966759999661 217.99910500000775 275.22563535945665 208.3846614148915 279.86557500000345 174.47308799999942 Manipuri 0
0.5313135604956187 257.2468061383239 3.203764999998384 219.18965700001445 158.53164667336387 230.0958646903403 155.8597675160854 268.15247248337295 English 0
158.1609473908611 267.693816605895 160.387464000014 238.57830299998824 263.7463016073161 246.48161923347703 261.520093240033 275.5968434260766 English 0
276.76759725858574 196.34651595283776 273.17541704505857 224.2020410439921 187.37400246289326 213.13726679433952 190.9663379265112 185.28192301010188 English 0
267.4250073780422 278.53115459492153 269.5182840000052 247.74694299997978 357.366789258449 253.71996372660965 355.2737974299089 284.5039061245561 English 0
436.89093299995875 155.19279800002207 439.9370631085185 115.45433367938591 526.1565916473774 122.06325176613844 523.1106513427949 161.801538824115 English 0
523.0017058295925 163.52911691338755 525.7711060000292 135.68226700001472 595.4304656726163 142.6097815470857 592.6611863056314 170.45651926080666 English 0
518.486170460892 293.2589214087383 517.3747659999935 246.33027699999462 628.0604700691765 243.70873879084044 629.1723815117439 290.6368594967662 English 0
374.73496635495394 521.7530336438817 390.6153445610107 616.1236254854069 150.5151007646782 656.5073356228982 134.64040461971308 562.1417883431616 English 0
126.2694128491421 639.9999022356396 80.57951582559326 642.883876158023 71.71837207890349 502.51286786622217 117.4055490000319 499.62898000000007 English 0
380.552730000054 475.91598599999594 407.2156777692726 471.47833186811647 428.7942119999934 601.1032890000006 402.1312930615386 605.5408264151927 English 0
445.0137870000617 462.62777799999265 636.9511946368584 419.13631573434077 664.675699093932 541.4704466351407 472.7386436291272 584.9608856452493 English 0
505.8648659999744 618.5071309999846 498.9758730404719 567.645806536195 640 548.5481210000086 646.8903106775542 599.4078632125326 English 0
71.5649031841167 165.65913340576773 64.38752378649951 201.6062730206969 -7.1775066082773264 187.31734732426926 0 151.37037999999083 English 0