268.70904993775184 167.00618284568012 271.9305709999753 148.4642349999931 317.55736384540796 156.39135787058348 314.33590121341695 174.9332538632942 Manipuri 0
314.0545721475064 175.80705819797987 318.61644799682836 153.94200051531803 406.17278816978796 172.20900506860926 401.61105783750827 194.07393495246237 Manipuri 0
357.2438707413676 3.849269270506767 355.57877300001564 27.558616000023974 307.08200410001155 24.152699445759698 308.7471070000174 0.4433570000153517 Manipuri 0
492.566221448069 71.91640147764247 481.258242067197 110.3606136327371 350.2839758643677 71.8356857966891 361.59203800001706 33.391608999998134 English 0
242.69167953549186 38.79993663930515 252.96201277989894 2.4159739122834694 363.017210048929 33.481915435742955 352.74694377498236 69.86581913097463 English 0
306.32246976580063 62.207148669108605 301.24726323847426 78.57148203882814 206.3372556379909 49.13620569093125 211.41248100000666 32.77190499997373 English 0
394.15585360889963 88.48579588988673 389.17185172831523 104.04172607057487 298.0643499879079 74.85156976606744 303.0483760000061 59.29568399996867 English 0
230 71 254 71 254 94 230 94 English 0
217 71 226 71 226 86 217 86 English 0
285 344 384 344 384 369 285 369 English 0
327 365 383 365 383 381 327 381 English 0
293 365 323 365 323 380 293 380 English 0
495 381 520 381 520 394 495 394 Manipuri 0
468.698392251099 379.97860142280445 469.47893299999123 394.8690030000137 442.55180200481846 396.2802566414829 441.77132199998596 381.3899129999897 Manipuri 0
470.83577199999127 382.501624999999 493.16359615535475 380.6778561731668 494.30668944041827 394.67083305736094 471.9788657369645 396.49459818484513 Manipuri 0
560.9282141765289 396.9685627537609 561.0313660000247 420.2260839999892 521.1108961108403 420.40292806496427 521.0078860000067 397.14554800001986 English 0
521.4626232819865 394.8706828709628 523.4735199999704 419.8522610000224 474.57924210662895 423.7872330759854 472.56854499995825 398.8058409999803 English 0
449.0770329999941 398.8659060000024 467.6563122236985 394.88044296004193 473.264177999954 421.0197790000037 454.68490387116617 425.00522579625533 English 0
464.51280181179754 425.11870753197763 465.20703400005004 436.6237600000114 429.1553868031042 438.79872876829904 428.4612249999918 427.2937429999649 English 0
465.91048605296237 435.3501552885127 465.22507399997266 424.8111909999855 488.3407806285686 423.30802043060953 489.0262288847589 433.8469457290774 English 0
517.0412713760743 422.018877612605 517.429706000039 433.05312399999866 489.5933330767002 434.03281550525685 489.2049489999772 422.99861799997336 English 0
516.0652345790731 432.4052951578091 515.6406870000501 422.30798100001067 544.8309526649246 421.08078027641193 545.255544978354 431.1780476095848 English 0
529 447 551 447 551 457 529 457 English 0
551 445 574 445 574 455 551 455 English 0
440 452 449 452 449 463 440 463 English 0
450 451 454 451 454 463 450 463 English 0
453 451 463 451 463 461 453 461 English 0
463 451 472 451 472 460 463 460 English 0
472 450 476 450 476 460 472 460 English 0
406 455 416 455 416 468 406 468 English 0
73.10860300000058 353.3778559999813 75.53193574764009 309.78945925373273 261.6668830710114 320.13527369766786 259.24462092378235 363.7226537178676 English 0
78.11243818767252 45.93361929448656 83.61829299996316 29.994172000031973 134.34728802152677 47.51710795372125 128.8414507660491 63.456540312352274 English 0
62.54083640851604 24.509845514865262 58.91098300002341 42.11607600001747 26.56970683041436 35.44831317366015 30.19956500000262 17.842088999978454 English 0
77.94581389433006 47.563174218875346 63.791630472260294 46.49280118477664 65.27852899998834 26.830727000000483 79.43270494470198 27.901099755314323 English 0
187.73004933340417 60.97252817470351 183.0586449999828 76.34009900001047 141.585193959545 63.73309045186449 146.2566070000321 48.365535000009146 English 0
181.5900289091951 73.64420403857014 186.07080800000404 59.16830499999726 218.6602606256929 69.2557986516887 214.17949695511197 83.73168452899584 English 0
119.55596775849699 22.264868958660976 124.92051084329432 5.6154548352065525 211.4043848248548 33.48106091066982 206.03986074951536 50.13045847126362 English 0
587 551 596 551 596 559 587 559 English 0
598 548 615 548 615 556 598 556 English 0
601 562 620 562 620 571 601 571 English 0
590 567 600 567 600 575 590 575 English 0