409.3968891978875 248.23979293724466 405.87272962635325 278.6420316454615 337.34439299994847 270.6984600000096 340.86872725172725 240.296423430424 Manipuri 0
279.93040800000017 304.34806599998694 283.8979485075106 261.88254051851135 467.0506982374354 278.99205863024906 463.08407362106664 321.4567360486709 English 0
232 201 249 201 249 214 232 214 English 0
250 202 273 202 273 216 250 216 English 0
232 210 251 210 251 225 232 225 English 0
252 215 272 215 272 229 252 229 English 0
230 223 273 223 273 241 230 241 English 0
230 235 265 235 265 250 230 250 English 0
228 246 273 246 273 263 228 263 English 0
229 262 271 262 271 280 229 280 English 0
228 275 269 275 269 292 228 292 English 0
228 288 268 288 268 304 228 304 English 0
225 298 268 298 268 314 225 314 English 0
224 308 266 308 266 327 224 327 English 0
232 324 267 324 267 341 232 341 English 0
279 312 335 312 335 339 279 339 English 0
348 315 398 315 398 344 348 344 English 0
396 321 443 321 443 350 396 350 English 0
303 343 337 343 337 365 303 365 English 0
337 347 369 347 369 367 337 367 English 0
369 347 402 347 402 367 369 367 English 0
227.3781581295043 221.70207290667858 222.58249367507233 261.93113107814935 92.33528871300223 246.40417740057978 97.131348000039 206.17557800000324 English 0
77.00007701059803 244.64832688983728 11.636865999971633 237.02702699999887 16.583191924582934 194.6090150970719 81.94595072665834 202.2302883150492 English 0
73.65747759838996 249.0738667765768 69.24205999996047 283.53173800001207 2.179540123179322 274.9384933878437 6.595149999993737 240.48084900000447 English 0
74.59608600001957 282.86870600001527 77.47087710144115 250.7351190440909 136.19503244211955 255.98844922451943 133.32044591101294 288.12184645490686 English 0
221.57405181220383 265.2330069438096 217.85504400002537 297.0065080000108 139.8590259066259 287.87736083544087 143.57825500002946 256.10411599996576 English 0
50.45095300003595 300.55603099998723 52.58682238840265 283.3276746761075 101.34846977103734 289.3723881729452 99.21270266095235 306.6006515977592 English 0
45.84450976370135 285.3624970839055 43.51766492109164 303.5570935328915 0.8524120000220137 298.10097999997345 3.1793290915811667 279.90646800789716 English 0
165.28571600778378 294.179544690051 164.00897699997586 313.1043419999864 105.43817065874464 309.1529439558842 106.71502500001225 290.2282710000213 English 0
62.27825200003281 323.5564150000091 63.784111975110136 306.55440616747404 119.37793700002658 311.47783700000707 117.87219768157229 328.4797337943918 English 0
36.24939441877359 324.19151641182486 3.4593550409044838 321.8069831110279 5.007652583590243 300.5188626124774 37.79753000002529 302.90339000000085 English 0
77.93036325347202 196.49645990150873 45.79591119916586 191.75989022797813 48.19791897389223 175.46455472200665 80.33229900000151 180.20111900000035 Manipuri 0
80.76131900001201 200.164850999987 83.29730158911843 180.49614970547265 134.7540426969499 187.13048560105938 132.21814129785344 206.79911332355204 Manipuri 0
135.06460562239226 205.24571901900416 137.41418600002362 186.20066699998975 171.73579286347376 190.4347716555606 169.38626583301811 209.47977520068167 Manipuri 0
171.78247292649758 211.26376096461982 173.69402800002717 193.078237999981 228.85828575948835 198.87652885427994 226.9468144752318 217.0619747832672 Manipuri 0
46.59620700709638 173.28439392661548 44.218716351824696 192.0448138096958 15.370411999974749 188.38893899999033 17.74793381038762 169.6285557268904 Manipuri 0