289.14870699998573 289.86307600001106 289.03418885449355 272.5085958867168 341.987496092479 272.159092178826 342.1021096983168 289.5134761494932 Manipuri 0
343.44931216292025 289.93477734172336 343.5151120000228 274.39922000000627 446.60511360089004 274.8353505086128 446.53948267543456 290.37073969461824 Manipuri 0
251.65995499999553 289.5737789999994 251.429573036512 270.2289442129442 279.76516138995066 269.8914948720537 279.9955996868812 289.2362726611079 Manipuri 0
252.76466583767615 384.3343902647086 251.0147760000109 312.47270399996904 603.1793939603085 303.89164909527744 604.9324479126517 375.7500755329139 English 0
385.885281535011 312.80814385081794 310.72436624002876 312.88117381590814 310.70649401532137 294.3232378125829 385.86709499999415 294.2502080000001 English 0
309.3142926017026 312.3689510563902 288.606431099397 313.6231418836206 287.40223412583873 293.7413310160835 308.1100029999652 292.48714300000006 English 0
250.54578019822657 311.6967197022156 250.21806199998537 291.1275839999825 281.589110793866 290.62777948753984 281.9169001129194 311.1968428372186 English 0
446.3182469003368 293.9577937771086 446.3225084921578 311.71474293732814 389.0580020608468 311.7282369167553 389.0538550000201 293.9714019999835 English 0
491.44461500000034 545.5603869999939 517.7468012294412 540.3709215722663 529.1086980000546 597.9437469999947 502.8065305808559 603.1331476566821 English 0
573.7685993374907 619.0203893592644 543.1632151641679 626.2105362825837 528.9753480000218 565.8331789999972 559.5799300637009 558.6431301767236 English 0
323.116658395229 408.95576826419705 257.6289290186105 411.86826601744343 256.5222134959913 386.9811520262363 322.00946099997964 384.06866500000035 English 0
403.5647110006539 404.77279252173344 324.99607945181197 406.1157326517141 324.6064456091699 383.30736762643267 403.1745509999746 381.9644319999998 English 0
460.57016125043447 379.8289816058331 462.42222100001527 404.62020200000813 404.2252636690682 408.96701162195023 402.3734300000069 384.1760029999758 English 0
463.24936159158824 404.43822212875045 462.1273690000089 381.8035210000354 521.5033047943143 378.8604600809473 522.6254829365644 401.49496495188095 English 0
572.8539073018328 378.7127750240115 573.737575999985 398.4505079999661 519.5871191985498 400.874283052525 518.7036120000266 381.1367049999825 English 0
612.2071790610789 379.6542575378054 612.7577300000121 397.8919959999988 570.6140703990968 399.16387712794375 570.0636340000347 380.9262499999895 English 0