342.6849616049003 65.30359035961051 343.8325449999684 30.956291000031516 397.11089351883857 32.73637125725412 395.96334483328974 67.08363691997869 English 0
461.7567932471866 66.68112732191192 404.98029756738106 70.45908948582054 402.4302449524839 32.13551156693329 459.20666199999687 28.35755200000101 English 0
373.45862599999236 64.76954499999808 398.7445674128685 61.90718580272151 402.1779819999938 92.23767999999905 376.8920410192368 95.10003665235149 English 0
449.68569991280674 64.64045543689478 450.2582789999724 91.24342200000015 399.81264809699496 92.32910828646375 399.2401090000203 65.72618100002319 English 0
352.0665259999805 115.89520499998099 351.3751892705477 92.33914120492238 369.7920081823395 91.79864038103533 370.48336118547013 115.35468731948782 English 0
370.67891165279434 116.24338005678561 369.40713299998606 91.8925340000102 404.45184264441195 90.06225044815866 405.7236523384199 114.41306362687725 English 0
440.35321422983543 115.66630835524916 407.6888647636224 118.52404715003091 405.64363835823315 95.14667823393738 438.30792900000233 92.28894200000232 English 0
475.92389480509155 91.19230193867932 477.1868540000287 114.58526499999444 443.6472723967745 116.39597584873837 442.3843450000277 93.0030429999728 English 0
348.5349500000302 139.76048199999553 349.3325856386218 120.8409320754893 382.36870513159374 122.23368239936413 381.57110118714627 141.15320200104009 English 0
302.939966000049 270.0969839999994 335.29927834933915 269.17358012251395 337.0128400000249 329.2189809999996 304.65352792562044 330.1423786944356 English 0
361.2313040000299 275.70456499999995 383.2953418960824 275.6831266132192 383.3538280000357 335.87208100000004 361.28979010434705 335.8935192400957 English 0
521.303288193667 285.4347229328855 516.9988539999758 340.2407739999907 444.98162289448373 334.5844824148432 449.2864730000292 279.77888799996435 English 0
165.28671699998085 366.7286349999739 166.43694929822232 336.67546788630136 226.04251124044822 338.9564313155386 224.8925226553547 369.00936387197044 English 0
315.1650875560881 355.71302842562454 273.9790464079124 355.1109746590173 274.214723000041 338.9960690000001 315.4005927265098 339.5981215136054 English 0
368.25562760946923 344.3308904185677 365.94001112884143 361.2017020177547 315.1205557195499 354.22685617784214 317.43626600000425 337.3561570000174 English 0
375.3363372350577 357.13723750601054 375.37487699999474 338.71163200001064 448.6360483065073 338.86460250702646 448.5976837384078 357.2900329079657 English 0
464.1862889999902 358.06708299999264 464.6042405854678 340.85774274321864 534.8634070715343 342.56369059021415 534.4456167976023 359.77287301305216 English 0
394.2302503812971 372.08326263985225 357.41641938191606 373.76436514256966 356.67279000001145 357.47971000000086 393.48645806632703 355.7986112289101 English 0
428.45949304290116 359.90608085362067 427.71584599999187 375.5343820000081 394.96254661265993 373.9759202180616 395.7062600000063 358.34768900001313 English 0
471.86785812780727 360.3434150490241 471.8613339999865 372.3859789999673 430.2605296619731 372.36329366563643 430.26712200000475 360.3207980000014 English 0
381.9970822731557 377.0665339376724 401.979250649747 378.62527525270315 400.8676600000035 392.8736689999972 380.8854919931764 391.31493087396456 English 0
365.68938033226004 242.6051595396591 364.6867960000236 266.83631799999773 313.8489845238655 264.7327888565777 314.8516799999925 240.5017469999996 Manipuri 0
373.78857853378577 266.2837133649275 374.4816639999772 236.71245399999083 410.8974055370345 237.5659129556092 410.20442350418307 267.13707083020773 Manipuri 0
501.8147844661871 249.84170770521925 500.75741218432086 272.60114089942704 420.8251299136464 268.88738305751747 421.8826689999696 246.12812499998387 Manipuri 0