196.2840590000269 344.62168499996494 198.32527500548167 324.99259956250296 271.95153614222363 332.6480649888322 269.910519304176 352.27696719274763 Manipuri 0
330.3702542139217 338.69143529234236 328.89550218213117 360.953239600756 278.1486651396699 357.5915322109539 279.6235529999831 335.3298739999817 Manipuri 0
428.647529813461 377.81681541296973 332.8207683709479 364.3505324654395 336.23546425624227 340.05595806864767 432.06160799993086 353.52219699999756 Manipuri 0
257.6900653181656 358.6491859467335 246.71749895074754 429.83007532959505 86.42848700001196 405.1215249999941 97.40237980753591 333.94226059704295 English 0
262.04266499997175 408.25950000001626 269.00781733689655 356.99987154749306 383.517674144241 372.55728527340204 376.5534756992565 423.8160519184922 English 0
388.2237383579195 442.2993031517951 390.9068390000175 374.12843199998304 521.5761405209923 379.2701870168686 518.8944549739972 447.43968868305774 English 0
181.71066900002188 436.824102000011 184.2797990107647 414.5984972341767 270.50283898046473 424.56351625084557 267.9340476073412 446.78881190012953 English 0
268.33014700001513 446.84337700000424 271.1037274440605 425.15462160075293 313.8169629999902 430.6159950000279 311.04355075003696 452.30459795019397 English 0
366.3856365848187 436.3823417102117 362.77036999999837 464.4246830000134 314.82892256302875 458.24461231714855 318.4443798659777 430.20249601875867 English 0
368.32903038404766 463.6020393390294 371.4040699999896 438.17075999999656 426.86343163666606 444.87551876660154 423.7886558797618 470.30655797788074 English 0
231.48278818458493 525.1438970115353 220.54893715365324 524.2705925478936 221.61266003786295 510.95571678799416 232.54645499997423 511.8290189999975 English 0
162.27011900002253 -8.771702853607037e-7 162.2701214416884 20.877780499406523 97.59492929035332 20.877778271802203 97.59493160236161 3.78236634710435e-7 English 0
157.18934399999853 21.906780000006098 161.74167993100127 -4.085936814064043 199.87948599999072 2.5934770000235607 195.3271558144479 28.58618801650918 English 0
208.34718050864467 3.2449579832071263 237.3638131475309 20.006443987474874 221.24992889635905 47.9019649711396 192.23330000000715 31.140484000017747 English 0
77.24207803490572 24.536418754498783 80.12264700002561 9.998613000021855 129.25869903956482 19.734584839159936 126.37813691952033 34.2723845937502 English 0
125.26444099996297 33.577269000016315 129.17630767289666 21.597511132109823 140.75865638777032 25.37960596242987 136.84679160025553 37.35936222409948 English 0
138.94572519056965 36.575400677712686 141.90250799998466 21.912654000003613 221.2508065286238 37.91341248503521 218.29404251817323 52.576142652328556 English 0
217.89808699999412 52.52040000000319 221.31625122892729 38.01036407101455 255.32071572837594 46.02085963287469 251.90256221962045 60.530886292537375 English 0