83.07822833165119 89.06509430887112 88.4080069999618 70.56675999999017 122.45213030197192 80.37557009429243 117.1223759152781 98.87388353102455 English 0
116.60779980644293 99.47938985830083 121.43985199996678 83.89821200001826 188.08818926459935 104.56706627715272 183.25618556002155 120.14820274897885 English 0
195.89281945867697 22.13141088433172 190.7423700000072 37.09664200000881 153.61047201797192 24.317286225109044 158.76092400001653 9.35206000001853 Manipuri 0
56.08897637503105 201.42497637965596 60.338208000030136 183.29690499999265 97.15367516793776 191.92621470891808 92.90450154847349 210.05423571881255 English 0
92.09853485983331 210.3451079051075 96.07903399999486 195.4374719999974 171.77400104759727 215.64801861889515 167.79360968852416 230.5555618884053 English 0
63.45560547153582 337.82800458592794 92.94321385263174 343.60244302692985 90.10291999999026 358.1053129999933 60.61531474450021 352.3308855951972 English 0
159.90135899737652 357.30678039567886 157.3045439999987 370.90893000002995 90.07018043324933 358.0739469217649 92.66708900002413 344.47192099998966 English 0
214.2859205752029 251.41825541570486 220.05393915060267 257.8842956340343 185.75060305855004 288.4828224937339 179.9826156578638 282.0168121109752 English 0
184.48800199999823 306.6367290000041 177.79697428246436 299.25268440889596 207.21733183032484 272.59520586174295 213.90833515768463 279.9792189021456 English 0
187.70826599997235 270.96801499998276 183.47661823376257 266.096694918404 214.11635234144342 239.48167660541102 218.34798733900243 244.35297797321326 English 0
177.24029999997583 331.9478940000142 171.72228453178832 325.330968496857 198.29867443309922 303.16994149097854 203.81667366229522 309.7868399277575 English 0
174.23675799997 350.9115099999757 168.23674491584825 342.72664156524127 193.66551420258475 324.0873674998029 199.6655156216002 332.27220353494346 English 0
169.57001000002492 370.1516820000113 164.42253933666507 362.40751198609024 196.7922345061379 340.89371141737854 201.93969723877672 348.6378416597346 English 0
166.3996049999696 390.1688320000021 160.26928009814583 381.00669267624716 190.34410163971188 360.88593986463866 196.47441673718276 370.04803279309834 English 0
168.58612119438476 413.09582947944824 158.178140680684 410.87137820493245 162.28856585992617 391.64162330197007 172.69648700006655 393.8660680000072 English 0
174.45445959965582 410.88388686243934 179.5047632078058 420.19389395658925 157.46962205244927 432.14543679275107 152.4193609959184 422.83546628559213 English 0
9.74129999995057 425.8345120000273 19.525723479891894 366.84337240550803 100.36059600002773 380.24926300003006 90.57699192162545 439.23966895913 Manipuri 0
58.82595952578413 458.4471790864508 56.30085375982162 480.9883039037961 -2.525306875613751 474.399131527588 0 451.8582379999777 Manipuri 0
27.115929064530064 505.4337133847202 60.53654347844713 508.8718213358888 58.99917599999753 523.8130859999977 25.578563094532 520.3749879303183 English 0
133.070506709264 518.8042575258244 130.94470594034647 533.6126443308158 58.16090805637941 523.1657550291333 60.28688300000795 508.3575789999819 English 0
224.54245266708313 494.9376408655976 219.16804300002696 532.4419189999835 146.5670435345237 522.0393832461095 151.94188299996313 484.53562499999373 English 0
221.79893605316465 528.5860707222996 226.5718570000172 491.4960190000288 300.77061730407877 501.04218332370704 295.9982833675167 538.1317027192707 English 0
141.78182099996775 555.8239180000292 144.87534701489494 529.3466178155754 183.8298570668121 533.8969221747684 180.73656159707753 560.3740118759217 English 0
263.8140384515282 570.440854321571 186.11472754491842 560.7197194598481 189.43235200000345 534.2120250000012 267.13082064670743 543.9331065715552 English 0
204.42293452411832 567.8463981191846 202.03046700000414 586.9656219999792 167.81114936493395 582.6844790054079 170.20373699997435 563.5653960000141 English 0
204.42234299996926 584.6445520000218 206.00682926284207 567.6421297837289 239.12072465936944 570.7272604936625 237.53636965244368 587.7295611625174 English 0
282.6320939936704 576.5119942820913 279.86578502488555 595.5359278267551 238.31306850850524 589.4949264853777 241.07951999998477 570.4711659999917 English 0
198.81422033548006 497.3592904485375 160.7846892219095 490.32523788699507 163.59926536344574 475.1115471268818 201.62858900002902 482.14558000000363 Manipuri 0
295.05802832158224 508.28295190512387 249.03712451698084 503.9133575545864 250.24971269820526 491.145842033663 296.2703990000591 495.51542600000334 Manipuri 0
462.25017361524806 449.8659230997152 457.29975499998545 473.501606000035 427.9180335084675 467.3485369743405 432.8685399999813 443.71297500002004 Manipuri 0
459.9327120000089 473.9186260000047 463.32426214547013 449.3005628020314 498.19035108354 454.10316560193587 494.7989668969967 478.72107918524074 Manipuri 0
426.05588451682706 474.44229014662756 422.2261389999767 493.86559799996905 381.73287573750713 485.8825939200226 385.5627280000044 466.45942900002973 English 0
447.42098272217845 494.97617382402814 420.75692047335906 489.277682944693 424.9249930649239 469.77852149247997 451.58887100005813 475.476992000006 English 0
457.40427876655303 499.4964424215041 459.91851400001906 481.11612900001256 495.9413002785004 486.04273752213385 493.42720092980016 504.4229283514923 English 0
387.30038114044874 537.2921445268539 394.64521000001696 490.93715999999733 495.2014299313305 506.86641587249073 487.857629522332 553.2204821959415 English 0
384.1417371996795 546.8715884492941 400.5635428973619 548.4307327830116 398.8494450000144 566.4804650000026 382.42764012436965 564.9213265170608 English 0
400.4079832565185 565.3526879861691 402.71361699997215 549.0931099999932 449.93498948089837 555.7874734850523 447.6295355241018 572.0468898268824 English 0
486.79503145940544 561.6113825184324 484.5726049999939 580.7776549999782 448.7963013181434 576.6300094482076 451.01885399999446 557.4638829999752 English 0
514.032871821837 585.4921761795739 516.717798000027 565.7096479999918 550.5595624491252 570.3015436471919 547.8747971927805 590.083926683134 English 0
347.9116079999949 605.2110919999732 351.44934504889534 579.1454561790969 383.15584760122874 583.4476656878254 379.61831490218174 609.5131170849165 English 0
449.8624714813923 595.4382150549231 446.8640399677679 621.5301280760309 378.95088100005523 613.7271069999708 381.9496594941302 587.6355948654598 English 0
456.4874018561386 623.2659062771063 456.3424600000144 595.7457699999948 487.9806524616288 595.5791753480058 488.12579067554907 623.0991140906182 English 0
531.5835495088686 629.9953623881403 534.1109529999812 605.9031640000113 574.71468092328 610.1614471106192 572.187524366891 634.2534184980398 English 0
516.0199825232849 603.757811436055 532.5078832773579 604.854732531569 530.8909379999386 629.1523449999977 514.4030378448224 628.0554300278576 English 0