25.911756347850314 168.4250728751196 25.60025400001905 149.1767519999975 61.0246019733313 148.60346329349773 61.33614391779702 167.85174370714049 English 0
61.02107721249922 168.58121207045147 61.08650399997714 152.2681060000089 130.86558750612312 152.54785359083252 130.8002289963042 168.86089152452257 English 0
114.22734860476339 71.43224397992002 113.67737599997781 87.24944699997137 74.43164692151186 85.8848260264325 74.98163700001896 70.06764099999286 Manipuri 0
32.95281166647328 283.76624482017337 31.716076000011526 265.1879399999976 69.44566415208101 262.6764320869755 70.68246600640123 281.25466524406073 English 0
69.99686853472667 281.7684390225603 69.4447560000117 266.3484169999706 147.74105665033858 263.5449304896937 148.293287086708 278.964829877419 English 0
79.87770518615434 412.0545547497187 109.76522159391607 408.9562451127259 111.28924500000721 423.6556930000014 81.40172971739958 426.7539955197269 English 0
177.8038931597257 402.4849269186275 179.29789200003142 416.25200000000495 111.24919397800113 423.6352534791927 109.75535300000047 409.8683250000078 English 0
198.85378070161096 285.3227691376606 206.2602448715188 289.8198357514535 182.40191645585583 329.110688078238 174.99547019790043 324.6136450746173 English 0
186.50218899994798 346.8405139999842 177.94461338933615 341.73542830897424 198.28557003063906 307.64102968837864 206.84308147749107 312.74609073605495 English 0
179.15322000000742 311.78884000001085 173.68221787852235 308.36761943569195 195.20167385235254 273.9573208335788 200.67263938573888 277.3785263160881 English 0
186.97144600002503 373.1647250000014 179.7599019818881 368.45029359226265 198.69579985184828 339.48736032248826 205.90729493480467 344.20177009692156 English 0
189.64356899996346 392.1778719999918 181.51263219719112 386.10496977897424 200.38075345444668 360.84539645182844 208.5116416382516 366.91827185534606 English 0
190.80601800000295 411.9417650000145 183.6191992451495 406.04106005305607 208.28454326248902 376.0032108724044 215.47131082050328 381.90388223915886 English 0
193.62659200000053 432.0111970000047 185.0852703640703 425.04186759210023 207.96332924357557 397.00712951203195 216.50459077616688 403.97641996002477 English 0
202.42081994889304 453.29741522688755 191.8172088006395 454.21277130416945 190.1257554845506 434.62120409371147 200.72929800000566 433.7058510000013 English 0
207.3859908356826 449.46609631956903 214.9377633305994 456.89255796565755 197.35957555880304 474.76448547219144 189.80783484483254 467.3380558112417 English 0
54.24114699999336 511.9209120000322 46.34827269197558 452.6471115878982 127.57297299998754 441.8330029999793 135.46657220533234 501.1059317586657 Manipuri 0
110.71592239619349 528.7568590462083 115.04965477754013 551.8871262306247 34.41720257731504 566.99033015309 30.083909000095446 543.8604489999694 Manipuri 0
94.12871288717724 582.9599567930975 127.09467386062897 576.4788709577432 129.9928500000533 591.2166789999936 97.02689517296676 597.6977435813283 English 0
199.36316330618865 564.7702683958163 201.660809535897 579.5530542039762 129.00292281381553 590.8425674548006 126.70553800002381 576.060015000028 English 0
279.8581106412166 515.2031359207032 285.68592600000557 552.639628999999 213.21798348872107 563.9175813605607 207.39078500002506 526.4816390000115 English 0
287.07675428158836 548.1826853094914 280.7948049999686 511.3182039999641 354.5401990393293 498.7538025286502 360.8225708358077 535.6177458493123 English 0
218.51734900003066 597.6254870000189 213.7326301199937 571.4009996131647 252.3153765596362 564.3632081963585 257.1002658174257 590.5874728593731 English 0
339.4918627493462 575.9301031997475 262.3445396261377 589.3456013035837 257.7670719999878 563.0262639999969 334.9135422037216 549.6108417141 English 0
281.93495314342726 590.8084089994869 285.2383689999988 609.7914469999897 251.2640010623727 615.7018262987974 247.96075099999143 596.7189349999759 English 0
286.8471159999899 606.8724800000108 283.39006486334256 590.1499888670038 315.9590415644925 583.4187006541212 319.4161826551863 600.1410686284285 English 0
359.2617455270374 576.228979634911 362.179775180266 595.2302828439165 320.67648526703124 601.6020106355967 317.75865099996736 582.6008820000262 English 0
255.964320649 525.0408227871468 217.53968519922637 529.4308170141433 215.78322906440008 514.0590211026405 254.20763699999952 509.66904000000335 Manipuri 0
351.19649049054715 507.3482071689115 305.90843202196993 516.6223041614847 303.33516588420025 504.0581746934929 348.62301299996034 494.78410000000537 Manipuri 0
494.0026463672257 402.6015981894802 496.17993499996373 426.6517529999944 466.2840632536245 429.35778222176555 464.10689500000444 405.3077390000085 Manipuri 0
498.8197690000379 426.2807480000109 494.8644301243621 401.74696189407024 529.6111862517864 396.14576095382506 533.5666308525833 420.67941493287674 Manipuri 0
466.57539367792197 436.6862898791001 468.59272400004556 456.3804680000041 427.5357240250014 460.585204713745 425.5185409999831 440.89116199997466 English 0
493.0113873058872 450.07625594535943 465.84621704336314 452.4212922990869 464.13114346330985 432.55555368514626 491.29613700002665 430.21052499999917 English 0
503.8809411641705 451.48003535554744 500.91053700001794 433.16790600001775 536.7988069083367 427.3472661930026 539.769298029787 445.6592866405108 English 0
447.8925035766588 508.12040769176815 441.3607580000098 461.643871000021 542.1776448049786 447.47711942736964 548.710088778389 493.9528134948599 English 0
447.66988700001093 518.2051489999927 463.8302104459581 514.8959034060111 467.46801300003426 532.6570949999951 451.3076930860552 535.966328870293 English 0
468.62977928540204 531.1227611050267 466.0797680000542 514.8997089999855 513.1939718662761 507.49542783850393 515.7441036791715 523.7183305913026 English 0
550.1460806561226 502.2882282373266 553.625572000019 521.2665390000116 518.2010159365018 527.7598149135479 514.7216730000218 508.78163499999334 English 0
583.1782554673555 517.161500699493 579.960715000052 497.45858700002714 613.6650028095028 491.9555746572791 616.8826439513214 511.65836216859236 English 0
430.07965600001626 584.5881599999946 425.83999697140825 558.6274553032969 457.418917622781 553.471501245124 461.6587167880789 579.4320300397235 English 0
524.7184653877048 545.4349071945848 529.4813951320975 571.2631377328627 462.2525029999815 583.6570590000329 457.48999366143835 557.8291989722122 English 0
539.1916660201969 570.109031141978 531.0052040000301 543.8343140000077 561.210528757947 534.4253122803149 569.3970847739547 560.6998585109563 English 0
639.9999533969094 525.1222357170632 644.2843060204177 548.9587278981096 612.6294964209956 554.6469094396003 608.3453179999924 530.8105710000343 English 0
590.417604999966 534.0482460000071 606.5060628084029 530.2777355904676 612.0634050000081 553.9853149999943 595.974953557743 557.7558068279828 English 0