328.12954799999716 277.37452800001415 320.3162569034612 240.64576505562405 394.08864500001073 224.95283399999647 401.9021226141922 261.6813345314474 Manipuri 0
321.38818124607496 257.122395380512 327.64641595756984 275.8193879366484 283.0192785473628 290.75594051359974 276.7611491849675 272.05903740059523 Manipuri 0
284.2367897563963 258.15077556220723 292.8282982692326 285.8605191755993 230.10156088144868 305.30770378390275 221.51027567568235 277.5981501802054 Manipuri 0
198.8365614083159 288.1139300757872 205.46387484988372 312.3696040395763 166.23308399997768 323.0876289999705 159.6059011928446 298.83206703677024 Manipuri 0
209.96514999998908 344.6075460000205 204.07758892906713 321.4575691389959 286.4662999999564 300.50557899997335 292.3540153437352 323.65532074236313 English 0
297.58961100000306 321.7233290000245 292.364794218156 291.3326454638536 341.33800099996733 282.9136210000113 346.56295101565775 313.3041334402387 English 0
337.7147373574553 320.56874129584946 346.02193998558505 354.4024678186412 151.71022002134123 402.1043632861958 143.4040689516405 368.2715433535203 English 0
639.9996794667823 115.32934984548885 656.1521807149256 185.8358839303779 485.5518679999659 224.91693500002668 469.4002599664236 154.41117015617013 English 0
465.2512669999851 264.516885000008 460.68183443901944 246.8738927637614 595.3392618952785 211.99917874226318 599.9088346013014 229.6419535568357 English 0
617.7058519999991 226.36433500000112 612.9394235250948 204.06259238529913 640 198.27927299998868 644.7664635088586 220.58096675831902 English 0
478.0891469999915 322.8419070000152 474.1460218348948 305.6294808324516 523.5332189651672 294.31627875737104 527.476413637487 311.52860476558726 English 0
639.9996841012762 268.49095521121234 644.7314790508972 287.87035786718087 535.756561041635 314.4759063591377 531.0250381795777 295.0967380308941 English 0
613.4574566673109 300.31202888390715 617.7943866575515 317.13146627010786 547.4774563409301 335.26111208093175 543.140693805617 318.44181860481433 English 0
432.47488000000885 372.5674119999908 429.24226525690756 349.2061297820132 522.980510999987 336.2358940000297 526.213368833487 359.59688386646263 English 0
587.1416678903188 348.1733891116521 532.9473109382525 358.53315930249175 529.1501168841933 338.67018752841375 583.3442019999347 328.3104440000062 English 0
282.80625570041593 81.69355372918571 287.96200420038076 92.47941973580555 262.1913498290087 104.79794548213874 257.0356138385978 94.01209012059694 English 0
298.25634300003003 86.94659900002515 293.3381318697502 75.80254808867879 340.6390355704207 54.927269477601904 345.55725115504174 66.07130509920506 English 0
404.1641012166656 21.562683650400587 411.4563037908374 35.7739072568793 344.7431527409208 70.00632467245435 337.4509709834092 55.79511878567515 English 0
407.49276100003044 33.61801600001955 402.4406307833124 23.442747654598506 439.3397587635991 5.121935126081901 444.39188962744083 15.297200540970737 English 0
288.17484557766875 74.24169998946583 296.79780948892585 75.49880831248883 294.16276275725977 93.57346260521935 285.5397990000347 92.31635500000395 English 0
253.6921920000168 48.13098199997163 250.50179277459392 42.536853222276044 264.23389603536634 34.70527856170534 267.4242952809436 40.29940597087732 English 0
286.3924255259917 24.33172399383562 288.9850626172847 29.834628257718126 276.6966762785887 35.624170697155144 274.1040401630016 30.12126726389647 English 0
573.6654327680299 464.6107164393545 574.2959925780451 471.83702755443426 543.4515989999636 474.52793000001213 542.8210812217003 467.3016579499313 English 0
575.9458219999942 471.08903099998423 575.2869394731533 463.6585797114671 607.6441969999723 460.78974800001305 608.3031171534094 468.22015746416156 English 0
630.3197466251731 466.2637929706694 610.5327581038 467.830783380252 609.9520954067702 460.4993904229843 629.7390340000129 458.93240199999894 English 0
60.481045999986236 459.76488000002036 59.310531062365044 450.9238594910931 78.61469900002703 448.36844200003475 79.7852384037833 457.2094334171396 Manipuri 0
34.36654400000407 486.8695320000139 32.874065465439344 477.85106854041624 66.57582300002105 472.27459699998855 68.06834515555238 481.2930054921526 English 0
31.735072319424944 477.1579698135292 33.40346020901052 486.5114943875417 5.556309999956284 491.4776270000257 3.8879760268173413 482.12415007010037 English 0
5.7397481032967335 501.2502258762308 0.0033370448363712057 502.1577456016126 -0.9633571420999942 496.0483826843983 4.773041000007652 495.1408640000006 English 0
19.824323616485344 492.94005653571054 20.795396687608445 498.7913200101665 7.494396665570093 500.9983178978777 6.523339999985183 495.1470689999848 English 0
21.247163595544407 492.1554886155808 44.41095002752263 489.125181541737 45.31052500002261 496.00032899999695 22.146739319214248 499.0306322133096 English 0
62.04553471361578 469.6416118064934 0.5961002451658715 483.92628574137433 -3.534086207364453 466.1612206933878 57.9149740000139 451.8765919999988 English 0