369.7344560131023 240.26345851892242 371.093697296601 249.03166761683806 334.5836995176069 254.69108372881567 333.2244915924093 245.9229043970259 Manipuri 0
369.2760740000085 249.01039900003124 367.3985757264745 239.90080429129424 393.7779859999864 234.4641910000144 395.6555004212714 243.57376368749135 Manipuri 0
461.0610753150104 242.69656377938912 464.847823203163 260.9808887467239 432.3210029999609 267.71689700000474 428.5343210159044 249.43262957934354 Manipuri 0
462.7148820000002 260.11108499998664 460.6730730538402 244.58961545984752 496.65892999997595 239.85595200001586 498.70078310552344 255.37736923698048 Manipuri 0
127.83251846507483 282.06086602575806 128.06457378574123 297.8951983378427 88.75760599999921 298.47109599997367 88.52561879830319 282.63683082560215 Manipuri 0
159.05388828759897 281.4932445105136 159.58169526340498 297.3440349905007 128.83703100000275 298.3676419999984 128.3092782524909 282.5169040481866 Manipuri 0
160.7340000000113 296.7334020000032 162.00961727663525 280.85125953610765 181.75689974814304 282.43721535968797 180.48131875839317 298.31932390979864 Manipuri 0
128 325 178 325 178 345 128 345 English 0
125 301 181 301 181 324 125 324 English 0
113 348 170 348 170 366 113 366 English 0
111 367 167 367 167 380 111 380 English 0
177.81224199999997 396.80513200000223 174.28481822142203 361.52058272900945 274.79569600000104 351.47299799998905 278.3235588806565 386.75705170610655 English 0
241.05586999998195 321.88019500001235 236.01294969885203 282.4054808357762 325.7324189999781 270.9442480000074 330.7756730770052 310.418568190627 English 0
213.97109800003818 349.9382610000345 211.70656908114324 333.4575875481627 271.2181370379403 325.28091142958954 273.4827698047593 341.7614609851983 English 0
275.949793999971 341.89130300000613 273.94563034380553 325.9297403437526 331.90795999995316 318.65231799996394 333.9122211196809 334.61376617912634 English 0
335.00127899998915 334.51740899997384 332.6922855630255 318.7146807739416 375.8205669999734 312.4134639999645 378.1296286082943 328.21610958113865 English 0
275.8976789999724 386.24259500003456 273.1899375823559 346.5061704488253 383.51678099999845 338.98843400001385 386.2250709570071 378.7242636150744 English 0
490.04254060615494 266.3312361150448 492.7629357400292 284.568616078139 415.17411032087693 296.1411520183619 412.45388219409506 277.90392169435756 English 0
502.29081600002246 284.8806259999937 499.9613288375258 265.2150179723742 627.433297000025 250.1154409999878 629.7630003816448 269.78079822252425 English 0
547.3940589999984 251.98156099997567 543.6181007020059 233.63976068386665 585.3680989999702 225.0451589999788 589.1441081259109 243.3868901664702 English 0
489.7478299999784 363.2665869999699 484.6414661223389 294.90345282955207 638.2805209999788 283.4275530000157 643.3880486216367 351.7894088399969 English 0
105.7147171075485 562.7894486154779 103.48488800002087 571.6829380000034 79.96767310862197 565.7878811682137 82.19753199999104 556.8944369999714 Manipuri 0
103.23439825202513 571.3133859386996 107.0694569999614 563.4996470000276 119.97936186671723 569.8344241005803 116.14433106718934 577.6481392002306 Manipuri 0
90.2959928013297 571.8286714753967 86.73791187640745 584.0909655971295 61.49816452685627 576.7689972637306 65.05628600003547 564.5067719999674 English 0
88.47602848647512 583.9689441821844 91.73364299997047 572.6017929999923 106.81366039534623 576.9223676479895 103.55609088001074 588.289480334115 English 0
103.6474913393613 588.4595691378029 106.90578599998844 576.6058719999988 130.62943984303274 583.125254314903 127.37121928643319 594.9788879095148 English 0
82.51925284057506 603.2057648054912 85.14336000000185 590.5334220000019 107.87175354751525 595.2386035369127 105.24772141434369 607.9108807555756 English 0
79.75897904412705 612.2304888459968 81.71359799998754 605.8403039999816 94.63372078156681 609.7911887418932 92.67912483301188 616.1813539694801 English 0
238.4840219036414 540.2378009563079 230.67826348247763 554.6537110755388 179.9666903702746 527.2005511792985 187.77246199999354 512.7848060000174 English 0
236.5310055759619 562.0942301070603 229.15341237770917 575.678558502772 177.91741725246538 547.8585861390975 185.29502299999876 534.2744210000288 English 0