133 302 160 302 160 327 133 327 Manipuri 0
163 304 240 304 240 334 163 334 Manipuri 0
166 430 199 430 199 456 166 456 English 0
544 36 640 36 640 82 544 82 Manipuri 0
289.45424399978947 75.24904400003157 298.7293739808956 27.722494249117837 599.2704793996381 86.37448273870804 589.995893112864 133.9004775357605 English 0
431 136 482 136 482 162 431 162 English 0
489.8991869999736 164.96086600000814 493.3577051710745 145.86020384483214 626.3589386301464 169.94156493566422 622.9006027762807 189.04206570353963 English 0
412 345 460 345 460 371 412 371 English 0
404 461 446 461 446 484 404 484 English 0
363 456 400 456 400 478 363 478 English 0
322 450 362 450 362 473 322 473 English 0
203 435 237 435 237 456 203 456 English 0
240 440 289 440 289 464 240 464 English 0
291 446 316 446 316 465 291 465 English 0
210.296329000048 431.3336049999941 214.52848595065007 399.45095994534506 411.1640975771297 425.5468025011094 406.93305604894704 457.42843812402185 English 0
77.37895999998727 373.16233900003397 83.93220482874312 326.24204976734165 238.13736283722392 347.7764679069475 231.58520577322633 394.69577774173695 English 0
247.19865940169257 397.3250869009564 254.35123443043267 347.9229477992285 535.422242239656 388.60847506783466 528.2719562974671 438.0085448596933 English 0
205.046428104979 100.43527506906071 205.02785500000755 94.04119500002004 232.0942527270381 93.96256502956233 232.11283206925145 100.35663883025316 English 0
191.85566699998162 103.96734799998453 193.01584646564152 97.89892898767911 212.0423719563405 101.5364480085012 210.88219760793436 107.60486251176727 English 0
203.08661600007326 83.55159399998624 204.63416690108716 77.38717725419129 229.6872795632953 83.67661749365553 228.13973441188864 89.84102927606963 English 0
171.29701823963842 86.5483330820384 174.19012199999997 80.87171599998297 188.90293409480364 88.37009904973436 186.00983390118927 94.04671308026913 English 0
192.61424600001192 96.59741500001688 194.06054208200658 90.619310362068 204.86965053685708 93.23436412929101 203.42335717454262 99.21246641177689 English 0