383.9999564826576 480.5003287434927 389.6458118062583 520.0510653455794 273.3667110742681 536.6449152177754 267.7218323087436 497.0950554151941 English 0
188.48617299998295 542.8770390000269 185.35401753077167 505.53578748951344 267.49310400002287 498.64699999998896 270.6257995271153 535.9876574882595 English 0
359 536 386 536 386 548 359 548 English 0
309 542 333 542 333 552 309 552 English 0
335 539 357 539 357 550 335 550 English 0
135.70391322049545 525.5658961809789 139.2917047876108 551.9541615826058 76.38855451987183 560.5040882780684 72.80113765540591 534.1161602055181 Manipuri 0
0.17723400000249967 568.2538310000348 -2.649728545729886 538.694399064937 79.74729699999443 530.8155639999725 82.57470498712792 560.3744948695077 Manipuri 0
353.5766102960042 185.62880514220058 356.86971050527063 195.6427329613662 310.9340461940883 210.74823417893396 307.6409879178391 200.7343419925358 English 0
368.2950449999771 188.99294999996627 365.2229432081367 179.84185163540587 494.11931443180947 136.57064114142366 497.19145426039177 145.72166407610894 English 0
391.69904000002134 162.79889300001554 384.40900820751267 141.95450450245465 525.942670000004 92.4552760000287 533.2327739602624 113.29951794654124 English 0
392.83908530618646 143.0301120247214 399.3086756840785 161.51416409969391 317.2227650870627 190.24415947268054 310.7532919910591 171.7602068904547 English 0
274.7121238071122 206.9911045751346 280.5115697007568 223.5134732174941 209.98247128627554 248.2683824435697 204.18314847505826 231.74611820153234 Manipuri 0
283.3601067118434 176.87990791438037 289.2840349853941 193.5144741029117 210.30074941707426 221.64102654349824 204.3769427276129 205.00656338194872 Manipuri 0
185.96441399997275 230.0164310000102 181.41969823431282 211.641051186131 210.81810199997562 204.37029299999213 215.36284761568822 222.745627802584 Manipuri 0
89.81970018336142 247.32428055621514 94.35916841073777 262.37592703867347 65.61764999998559 271.0436639999893 61.07823280908633 255.99206106805806 Manipuri 0
102.62730693160847 264.6475576536684 89.86744113739405 260.983072850817 97.54882322369667 234.2376176669028 110.30862700004946 237.90209300000654 Manipuri 0
110.62648599996464 253.89960599999813 106.51732305297628 235.4756897478626 136.92567599995527 228.6938669999929 141.03487522581418 247.11773154251276 Manipuri 0
149.91974380376632 248.47638458498008 135.86099009735335 244.63751068394035 143.62051520030946 216.22183091307113 157.67920099999174 220.06069499999822 Manipuri 0
185.7553049777198 210.90335536923536 192.21768473544216 227.85348100690345 158.75965860956057 240.60907499643247 152.2973388293758 223.6590001286153 Manipuri 0
89.85196893612738 271.49988373240535 94.37563214043621 286.2376604629462 55.63941819491447 298.126649190428 51.11582908750279 283.3889355708239 Manipuri 0
152.81109376643144 250.69340709862098 157.5909258158208 265.6367467383711 86.81713025522185 288.2731962047712 82.03742889440036 273.32996777300355 Manipuri 0
210.22588289873966 229.6936455694646 215.98417841581977 247.1059415255171 153.8718184895697 267.64549522685616 148.11364664550638 250.2333042576997 Manipuri 0