283 140 420 140 420 202 283 202 English 0
416 126 518 126 518 180 416 180 English 0
316 116 397 116 397 150 316 150 Manipuri 0
396 105 460 105 460 134 396 134 Manipuri 0
311 199 368 199 368 226 311 226 English 0
368 190 398 190 398 214 368 214 English 0
398 190 423 190 423 211 398 211 English 0
423 180 474 180 474 206 423 206 English 0
475 176 500 176 500 197 475 197 English 0
24 333 226 333 226 389 24 389 English 0
283 293 408 293 408 348 283 348 English 0
406 275 509 275 509 324 406 324 English 0
299 343 348 343 348 362 299 362 English 0
349 340 374 340 374 352 349 352 English 0
374 336 402 336 402 349 374 349 English 0
403 331 424 331 424 345 403 345 English 0
459 319 493 319 493 337 459 337 English 0
177 305 202 305 202 318 177 318 Manipuri 0
202 299 244 299 244 313 202 313 Manipuri 0