321.3613669999904 276.62757699997246 307.89840532437665 241.5734383222666 378.30783899997186 214.53300399999284 391.7708993213455 249.58689761792758 Manipuri 0
311.5348715640721 257.6793746526191 320.64100417796 275.1671114798156 278.89979345171014 296.9010207170454 269.7937597415148 279.4133686079888 Manipuri 0
275.00175208020664 264.5068577091286 287.82242178276647 290.53133401594465 228.90997292794054 319.55176115401025 216.08952028669592 293.5274699987259 Manipuri 0
195.34020521350612 307.4606413451537 205.680617902035 330.3808490393267 168.6092220000137 347.1040600000237 158.26894278507098 324.1839656661332 Manipuri 0
215.1693299999897 361.51782900002075 205.73253215450677 339.57405392697024 283.8295559999824 305.99141399998734 293.26642823187285 327.9349585836571 English 0
298.13510799998767 325.20786899998575 288.22017246602627 296.00882818089156 335.27370700001484 280.03221699998596 345.18872366716096 309.2310932282329 English 0
337.585681979981 317.7907149151166 351.08362467275583 349.9080442217673 166.62606120582495 427.419499689766 153.12916637580201 395.30305782879236 English 0
616.4670076571201 62.79534316458879 643.4499615948152 129.90707964417942 468.6393820000376 200.1895470000126 441.65714742193813 133.07841558341187 English 0
454.7835119999945 242.47767000002213 447.5102783317561 225.766752124193 575.054205297638 170.25601915234904 582.3274940240663 186.9667587001035 English 0
599.3927540000004 180.9456889999954 591.1347339078202 159.50446016117775 622.932839999994 147.25776200003105 631.1908782447426 168.69894599300582 English 0
476.58737899997504 298.0763269999726 470.0000969431858 281.6927485155155 517.009486507377 262.7929109324025 523.5968010843499 279.1764027698595 English 0
630.3605238559248 218.07892270889215 638.1162573764595 236.60043663832255 532.2867224904621 280.91307534281873 524.531220612771 262.39175747392983 English 0
606.7646752346627 254.64766014587215 613.6793069709529 270.5814841315994 547.0641639320093 299.48781917525554 540.1496724138269 283.5541140694307 English 0
439.31348199999775 354.3252720000139 432.465922308329 331.7575477673994 523.0213370000274 304.28285599999674 529.86904477395 326.85031784811235 English 0
588.259987791098 306.0363679373668 536.3533960105997 324.7461708642811 529.4956627980719 305.7217790589627 581.4020380000147 287.01201900000524 English 0
245.984831458627 90.4458851422365 252.76439516965183 100.29241530144104 229.23805165330123 116.4907026461334 222.45850004575914 106.64418327857271 English 0
262.06645899997966 93.2173299999731 255.4654779266275 82.97986321154306 298.9184220961761 54.96209476043158 305.51940087330877 65.1995468787784 English 0
356.44202785719244 12.070788705434186 365.8675630638754 24.966289844447477 305.3308894435031 69.21347028647851 295.90537000840413 56.31798342271419 English 0
361.61556799997925 23.456971000012153 355.0338739056315 14.197305802501836 387.82447754107125 -9.109986810119965 394.406171656301 0.14967764800723402 English 0
250.12160008307546 82.24593541595091 258.83505551551934 82.13864586446626 259.0599473713519 100.40299251592853 250.34649194014492 100.51028200073694 English 0
211.97886599999038 61.85096700001487 207.952628884741 56.82480147500439 220.29054289618216 46.94147109083716 224.31677917134948 51.96763500336276 English 0
240.5534812445694 33.229273889572156 243.97504407585075 38.258849259171235 232.7436312284408 45.899441184383 229.32206952464185 40.86986681828563 English 0
593.164495816527 423.1483227307989 594.9178554544778 430.1869962263595 564.8740330000146 437.66990300001515 563.1207137952879 430.6312643813459 English 0
596.4302360000147 429.1901270000057 594.6169611877849 421.9542918896568 626.1271890000353 414.0589259999803 627.9404880850052 421.2947242557107 English 0
628.5210401329095 414.077487401264 640 410.89942700000285 641.8391299850191 417.54140545347246 630.3601714703109 420.7194624672676 English 0
85.54019900002459 498.6418509999754 83.00080462897313 490.0928638129726 101.66780100000324 484.54899399998004 104.20721292881353 493.0979507316409 Manipuri 0
63.98731200002658 529.4980080000248 61.10212451334519 520.8241486655454 93.51689100003568 510.04412000001486 96.40210775614833 518.7179220326545 English 0
59.86901285170461 520.3176606502802 62.98038239321613 529.2949381374264 36.25264499998593 538.5562830000222 33.141334350802936 529.5790555020974 English 0
37.96260654300568 548.1798653040662 25.503136109691695 552.2252585201879 23.592633601729176 546.342338121945 36.0520749999705 542.296950000008 English 0
50.57376935605134 537.7686980460595 52.44842804255313 543.3959464666647 39.65643667092081 547.6565051113645 37.781795999981114 542.0292719999875 English 0
51.85612872017373 536.7704271137663 74.26092585752485 530.1546060049478 76.22492501795932 536.8043739999969 53.82013173577434 543.4201859515942 English 0
88.63054619658215 508.1522206991076 18.65176919629448 536.5461995013441 11.793375076667871 519.6459830841746 81.77171999996062 491.252103000003 English 0