83 302 310 302 310 360 83 360 English 0
321 324 477 324 477 381 321 381 English 0
109 348 129 348 129 378 109 378 English 0
138 348 157 348 157 381 138 381 English 0
163 353 186 353 186 382 163 382 English 0
192 355 352 355 352 398 192 398 English 0
360 372 394 372 394 403 360 403 English 0
402 378 449 378 449 408 402 408 English 0
150 386 232 386 232 414 150 414 English 0
237 394 329 394 329 424 237 424 English 0
335 404 408 404 408 431 335 431 English 0
386 485 440 485 440 639 386 639 English 0
444 546 619 546 619 640 444 640 English 0
216 469 268 469 268 636 216 636 English 0
211 293 294 293 294 318 211 318 Manipuri 0
304 305 367 305 367 326 304 326 Manipuri 0
435 150 510 150 510 179 435 179 Manipuri 0
429 90 617 90 617 168 429 168 Manipuri 0
289 53 357 53 357 92 289 92 English 0
359 66 424 66 424 100 359 100 English 0
309 39 345 39 345 57 309 57 Manipuri 0
315 87 346 87 346 103 315 103 English 0
347 94 377 94 377 107 347 107 English 0
347 48 375 48 375 62 347 62 Manipuri 0
271 33 280 33 280 50 271 50 English 0
282 35 291 35 291 50 282 50 English 0
293 37 302 37 302 54 293 54 English 0
280 432 367 432 367 640 280 640 English 0