0 323 288 323 288 435 0 435 English 0
193 221 287 221 287 285 193 285 English 0
289 250 342 250 342 288 289 288 English 0
347 260 425 260 425 308 347 308 English 0
430 279 463 279 463 313 430 313 English 0
326 535 385 535 385 571 326 571 English 0
388 545 443 545 443 584 388 584 English 0
72 478 131 478 131 519 72 519 English 0
130 493 178 493 178 528 130 528 English 0
15 190 58 190 58 219 15 219 English 0
10 210 53 210 53 240 10 240 English 0
353 479 384 479 384 500 353 500 English 0
384 485 396 485 396 502 384 502 English 0
397 489 413 489 413 506 397 506 English 0
413 494 428 494 428 509 413 509 English 0
292 360 441 360 441 487 292 487 English 0