9.046892000042135 352.68248900001987 1.8134290518355556 323.95616011964984 38.43035300000338 314.73654200001306 45.663904316170374 343.46273610821817 Manipuri 0
89.99813000002177 346.3192549999897 78.30285213589377 297.96737021756405 148.88089217660308 280.89722454052753 160.57644609907584 329.24869815359875 English 0
160.98146399999678 325.4518290000284 150.65469689303427 270.38151618708343 302.1788329999981 241.96868900003065 312.50628159192274 297.0380989279432 English 0
181.82798265610472 267.4885755994591 156.98246712097898 271.3079900392746 153.1693098280084 246.50403524496556 178.01470799997333 242.6846300000041 Manipuri 0
187.97517500002868 260.94350100002765 184.2536935145472 239.9626915979378 222.4503679999907 233.18781400000756 226.17190756311174 254.16854848829763 Manipuri 0
202.8340198427759 329.6330660008485 205.85093631583732 340.8757307733075 164.96191699996416 351.84702099999936 161.94507072330453 340.60441646288496 English 0
221.4207746424654 322.8532453810158 225.53568012153846 335.09041481616435 206.10467300000892 341.6237609999669 201.9898039844702 329.3866225370772 English 0
247.98707482943428 330.7864836429783 223.33450838792487 337.1744091927581 219.95244861172978 324.1231050568904 244.60493799997494 317.73519000000056 English 0
13.462153000000399 417.6434980000264 6.7691167255543405 386.04654684778916 65.91826399999263 373.518621000025 72.61150283229654 405.1152888061361 English 0
5.209401000029175 386.3346329999677 -0.3134437953849556 353.34890234410204 25.50389562791679 349.0267147156852 31.026833881478524 382.0123271544729 English 0
372.7374360000249 304.26792199998914 370.2466119579185 292.40556238980093 392.7067349999561 287.6897449999652 395.1975807882991 299.5520746127801 Manipuri 0
393.48849671419885 284.50426815411777 412.93990300000587 281.27298399999916 415.4544189344597 296.40871947834427 396.00301397702424 299.63999827427506 Manipuri 0
415.58239300000423 294.93829600000225 412.2398123982566 279.66239626099104 463.4596379999857 268.45535100002786 466.80227825869224 283.7311666284146 Manipuri 0
379.06114158482524 326.2083301499951 362.6951669999835 327.310521 361.25515368003107 305.9293630681332 377.6210460000584 304.8271749999979 English 0
379.0785850799148 301.63572464963227 393.7027710000257 300.99183400000015 394.7056018232979 323.7667221455478 380.081416016983 324.4106110873099 English 0
396.95849499999895 320.4916730000185 391.9370922656526 301.48227847136064 468.7990371777414 281.180033129829 473.8205472653499 300.1892584901699 English 0
562.6636465779302 37.084890271991995 566.6784546669078 52.0174475762522 539.2750750000414 59.38517100001732 535.2602757333807 44.45262124229397 Manipuri 0
622.3855603341508 138.59829233251367 629.9189213346835 163.16983832955685 588.1185109999933 175.98505500000047 580.5852237757063 151.4135719852957 English 0
608.3999187951849 231.23435018690418 612.7241615075036 240.350898787243 590.9364196009119 250.68497592947375 586.6122000000178 241.56844700003134 English 0
611.1613639999996 242.20585300002944 606.6527295703418 231.0745840768587 628.7520419999782 222.12378000002235 633.2606848838623 233.2550259733664 English 0