394.39730800004327 238.2799799999954 425.36523847498756 234.3043239778548 430.55971800000407 274.7642550000016 399.5917904890666 278.739895530362 Manipuri 0
426.5322840789304 277.35586262260745 430.761643208898 253.0156620254765 534.0987764740566 270.9701750303266 529.8697111965885 295.3101156223353 Manipuri 0
142.99446825520135 170.58450086438765 152.11349500001234 113.48170700001742 230.8190995748737 126.05037189914609 221.70035526163701 183.1529135346994 English 0
317.56263334536925 154.55335668448288 308.33426500001224 200.0531359999947 237.97552146825183 185.7828842881219 247.20404200001212 140.2833120000044 English 0
1.8587833239143947 135.09665684626322 13.444350999998278 75.55245100001036 146.03844845907588 101.35099462569204 134.45328554225853 160.89484413419441 English 0
96.56960831438482 187.10043457592894 35.58774799996172 173.45154899999258 42.52052120187727 142.47778750202028 103.50215306083555 156.12664654352199 English 0
123.59679416302242 196.80391971942313 99.434545310869 190.97805370108065 107.85629530269944 156.05069372508132 132.01843499999086 161.87654599999334 English 0
187.37010313874634 180.88629746275916 180.80076352016476 204.67869867412554 125.45583300001454 189.3976140000343 132.02523036081402 165.60530674698356 English 0
169.10894856453524 203.44452100621174 163.63127900003747 241.96193899999716 56.86272475984879 226.77798861528862 62.34066899996833 188.26089999996998 English 0
60.04993066904717 185.73776325045037 53.893723000001046 222.1200660000038 0.5534954642644152 213.09453209497462 6.709818000017549 176.71237599998804 English 0
1.3927756574412342 246.70480412551527 5.332450999994762 216.15500100002055 98.96460536343511 228.22898952042735 95.02521172762499 258.77853703135986 English 0
235.38373884373868 104.31160042205128 229.88121199996385 132.2071680000157 153.06182415006333 117.05416910447138 158.56441800002358 89.15868999996661 Manipuri 0
158.57597895272193 83.09035358361966 151.03238870797213 111.75092645725498 51.380708520300686 85.52210676021916 58.924356999996235 56.86162799999022 Manipuri 0
3.271946697932435 72.51786988961919 10.712475999971502 39.16827899998766 58.98038354993332 49.937158248583906 51.53989750135224 83.28671161037323 Manipuri 0
427.735760349824 277.81691699672274 421.95190999998886 315.02170499998147 345.89235241292045 303.1977949165273 351.67645299996366 265.9933160000246 English 0
424.2937523253204 321.2951307240086 428.8495479999983 277.90648500000475 569.0133785427315 292.62195894459404 564.4583448272897 336.0099009492752 English 0
157.6012211538182 312.7339799539998 151.20890999998664 368.538844000006 -3.0160148321738234 350.8719986211414 3.377230000041891 295.0681699999642 English 0
334.9555377244542 338.4334847039496 329.86775500001386 385.4509180000306 216.53632224675675 373.18723634702826 221.6247250000015 326.17051099999884 English 0
594.2901755217463 375.463546291923 589.317755051452 415.7604981917052 336.0940239827323 384.51217500561734 341.06768400000874 344.21667099998876 English 0
5.879886131515377 370.84420914406763 6.963608000005479 352.82851899999906 52.88818759669084 355.59072771253915 51.80458385817474 373.6063058648431 English 0
372.8803660000267 345.32759400001646 375.37826401348866 327.11700560566777 469.3538679240737 340.00585435507776 466.8562143278541 358.216222092201 Manipuri 0
16.158321822222206 294.4471822826694 -0.6545764445036184 291.859177865019 2.634405999997398 270.4939429999958 19.447229260695167 273.0819415416359 Manipuri 0