84 311 310 311 310 361 84 361 English 0
322 324 477 324 477 376 322 376 English 0
111 356 130 356 130 385 111 385 English 0
140 355 158 355 158 387 140 387 English 0
165 358 187 358 187 387 165 387 English 0
194 359 354 359 354 397 194 397 English 0
363 370 396 370 396 400 363 400 English 0
405 375 451 375 451 403 405 403 English 0
154 392 235 392 235 418 154 418 English 0
241 397 332 397 332 424 241 424 English 0
339 404 411 404 411 428 339 428 English 0
396 482 445 482 445 635 396 635 English 0
455 541 628 541 628 640 455 640 English 0
227 472 273 472 273 638 227 638 English 0
210 297 293 297 293 319 210 319 Manipuri 0
305 306 367 306 367 325 305 325 Manipuri 0
429 146 504 146 504 173 429 173 Manipuri 0
423 86 610 86 610 158 423 158 Manipuri 0
281 55 348 55 348 91 281 91 English 0
351 65 415 65 415 97 351 97 English 0
300 39 335 39 335 56 300 56 Manipuri 0
308 88 338 88 338 103 308 103 English 0
339 93 369 93 369 105 339 105 English 0
338 47 366 47 366 60 338 60 Manipuri 0
262 36 271 36 271 52 262 52 English 0
273 37 282 37 282 51 273 51 English 0
283 39 292 39 292 55 283 55 English 0
291 433 371 433 371 640 291 640 English 0