272 107 301 107 301 121 272 121 Manipuri 0
361.375862963032 98.03040241396997 363.8651902604761 113.92929468616173 308.0835337378812 122.66299644647889 305.5942475563643 106.7641406295153 Manipuri 0
264.23052415244456 164.98344715443142 270.4681792271731 117.52331566315603 356.5755740000168 128.8401179999703 350.33816950264736 176.3000209428715 English 0
556.9888288398215 141.24392701707265 366.7179881520133 165.84157017890308 360.7180387972767 119.42711631057493 550.9880350000458 94.82952799999586 English 0
359.87578599997505 187.65843200002195 360.0855664566916 166.4330019382756 402.47851599997375 166.85195399999714 402.2687955023139 188.077324487346 English 0
407.11056799998914 185.3581179999841 405.9711507656175 164.33096379241138 487.5676150000072 159.9093599999699 488.7071361372364 180.93640373563426 English 0
567.1569753406948 167.79334254767573 494.2901620000339 176.24214499999954 491.94191491820675 155.98927581704666 564.8085511702084 147.54048373356483 English 0
301.51285174091754 238.92527067671313 320.5476340000314 235.614302999995 322.3650713900133 246.06231853272587 303.3302899548289 249.37328304166445 Manipuri 0
360.27840084410855 226.61145729977304 363.3166059991345 239.55600770219263 325.7557850026933 248.37141785529838 322.7176306780166 235.426911375427 Manipuri 0
313.7066659999982 270.8535599999871 310.24211747462687 250.62126536286894 351.31591299999855 243.58814899997552 354.7805249058001 263.8203631127822 English 0
253 297 263 297 263 305 253 305 English 0
265 296 281 296 281 303 265 303 English 0
285 293 308 293 308 302 285 302 English 0
327.34196534867806 291.61067498969 326.74480766312627 301.274775832397 310.07777999999234 300.24493999997895 310.6749542342732 290.58085687121195 English 0
291.83218541198585 306.62201644016295 292.3536786448676 312.0680282403903 249.8822737568844 316.13454539067357 249.36080962514097 310.6885604629658 English 0
323.24171363710775 303.86447581244045 323.66443525781506 309.06503347739874 292.3245170000155 311.61221900003494 291.9018154278456 306.41168004620005 English 0
357.05827400001 263.9000619999858 353.2447674935247 239.79045475566818 438.4555140000157 226.3127030000038 442.26917329535354 250.4221211950559 English 0
429.50482300002477 285.83836100002736 429.16452698453213 277.09931883456653 440.2248079999845 276.66865800001005 440.56511371571105 285.40769005335477 English 0
352.75735299997905 306.34694300002315 352.10791811136005 300.67944692987896 383.08497117322986 297.1300017597496 383.7344232297619 302.7974779977629 English 0
349.80010794548434 301.02251933490726 350.41132855127216 307.06790350538006 323.612354500292 309.77718382806887 323.00115397061745 303.73181813893876 English 0
330 289 344 289 344 297 330 297 English 0
346 287 359 287 359 296 346 296 English 0