68 311 246 311 246 402 68 402 English 0
227 386 312 386 312 422 227 422 English 0
317 379 400 379 400 414 317 414 English 0
406 370 498 370 498 406 406 406 English 0
253 297 462 297 462 386 253 386 English 0
471 284 630 284 630 367 471 367 English 0
508 375 540 375 540 394 508 394 English 0
458 228 584 228 584 299 458 299 Manipuri 0
247 246 432 246 432 317 247 317 Manipuri 0
110 253 222 253 222 321 110 321 Manipuri 0
554 199 593 199 593 215 554 215 English 0
596 198 611 198 611 210 596 210 English 0