70.6871690000844 81.22717699999615 83.26584616057517 33.912086130543734 334.3354745812394 100.65784787911988 321.75728392452584 147.97251860299178 English 0
159.76144241642032 146.2373021519272 170.31520600001386 101.02510499998598 327.46211783829494 137.70663389209827 316.9088006716629 182.9184423499246 English 0
604.8182582102891 216.21851073954687 586.958339022749 271.84952146610857 317.3536615588091 185.29417595995255 335.2142079999612 129.66430800001748 English 0
415.1728019610164 136.6891428816006 418.61741400003666 121.06126499997762 458.83031641606067 129.92464173540262 455.38574109916226 145.55248760428256 Manipuri 0
496.1749722901732 140.28591668574808 493.27020199998515 154.08255200002833 459.75613041933684 147.02650307328156 462.66091899997264 133.2298929999902 Manipuri 0
580.2146530857135 163.66882245571273 576.4072799510177 178.7307993540096 495.82854676948045 158.36224209503519 499.63596900000994 143.3003400000223 Manipuri 0
85.88554724898131 256.5009338163234 91.81651999999303 230.79876799998914 231.9601279613562 263.1357286141415 226.02956716742483 288.8375371282144 English 0
222.87209129164694 311.06965335045186 132.06954980028968 288.15443451666954 138.1689644495782 263.98769308791645 228.97104499934358 286.90285099999676 English 0
222.32522688231256 306.9851455767606 230.51424054559902 277.9070899476259 370.8808140009205 317.43384245436243 362.6923759774945 346.51140458207044 English 0
162.30426399990392 311.6460190000049 165.35020243893086 297.90390915577626 214.69077233734424 308.8393840507018 211.64492611998867 322.58141362696057 Manipuri 0
212.36392111684836 323.82946357520996 215.82814299996244 309.50778000002475 274.1616095576319 323.6166325591911 270.6975073854119 337.93821268600993 Manipuri 0
48.997892000043066 418.6695360000099 53.75194529995497 394.13856803103226 112.05394900003739 405.4358669999847 107.3001504487911 429.9666105514227 English 0
104.60928100001183 431.6470700000297 108.7462916959339 407.4806829400094 144.35389999998733 413.5754929999951 140.2170444989315 437.7417419521181 English 0
175.87885937595274 449.99663711437074 140.08866818534443 440.9652002884524 146.1880038477102 416.79846240379686 181.97792099999788 425.8298629999995 English 0
75.91979886812624 428.62640335051935 72.49116999999387 443.8363160000213 23.99369027807552 432.9052585335263 27.42240400002629 417.695467000029 English 0
72.60278100002324 442.2402130000257 77.11968525894918 429.5073068235785 86.5070616043522 432.83694406518043 81.99018164581503 445.569829636413 English 0
83.29847200002405 444.05740099997297 86.9615923454694 429.1208394388773 169.32513383886544 449.3167310964511 165.6622573306231 464.2530819460422 English 0
162.72145700000692 466.18490300001713 168.79580061526212 445.5366897085136 202.1806297074363 455.3563719608834 196.1064302790328 476.0044620198555 English 0
368.86587670611334 328.2538402193827 393.5754065818037 334.23528290422166 389.1211260000273 352.63447500000586 364.41160111709905 346.65304663848565 English 0
452.6571086966578 346.7985494868958 448.51400799998373 364.2725299999978 389.676476034947 350.32307064727627 393.8196700000117 332.849227000009 English 0
543.1750776061381 371.346323268385 538.9156294184795 388.3235037515346 459.58185524781584 368.42078827763225 463.8414290000219 351.4437989999691 English 0
538.6935488670133 386.20795650030686 542.3456309999892 370.8338759999706 579.8817983069603 379.7495061776042 576.2298138003825 395.12350218173646 English 0