27 374 72 374 72 393 27 393 English 0
90 366 151 366 151 385 90 385 English 0
8 377 25 377 25 396 8 396 English 0
144 182 218 182 218 209 144 209 English 0
204 67 263 67 263 100 204 100 English 0
0 151 14 151 14 167 0 167 Manipuri 0
285 267 337 267 337 289 285 289 Manipuri 0
565 184 594 184 594 200 565 200 Manipuri 0
441.15943514567334 261.7034786174154 438.2671539999865 204.9957150000314 603.1348604588129 196.58655985979667 606.0278998284775 253.29350552795552 English 0
139.58045865379972 207.0521787915054 -7.275957614183426e-11 218.29664800000273 -3.0240313401736785 180.75490256531958 136.55567570895073 169.5104636992695 English 0
41.735977999996976 241.5308060000059 39.729832064476795 223.79946763602914 90.98218273684324 218.00086048235383 92.9883965805493 235.73212085245711 English 0
117.50323799999023 236.1307669999681 115.87633084076515 217.53463234589873 164.79281200001424 213.2552090000067 166.41978792998998 231.85126716127513 English 0
8.307144999998854 372.5831840000336 1.100621084769955 299.55726525997795 206.84620288884616 279.2531860892997 214.05435674940236 352.277276878396 English 0