46.576163594872924 133.71454689545152 48.61278199998196 114.57173900000797 83.842977692766 118.31985400673136 81.80639401369262 137.46262986821878 English 0
81.40476617460081 138.1482736174752 83.45778199996857 121.96473600002138 152.6826768990577 130.7462876288954 150.62972340769193 146.92976862760761 English 0
146.0539446771145 48.20767049136357 143.5804310000094 63.839931999987165 104.79353559734591 57.702621602495476 107.26705900000525 42.07037199999356 Manipuri 0
39.50809783877048 249.05406853102076 40.544810999999754 230.46352900003382 78.29935652720451 232.56881833181112 77.26270961102273 251.15929464162875 English 0
76.51953532171319 251.58568843407278 77.85084000002826 236.21332400002296 155.9052813459857 242.97261268047907 154.57409581591492 258.34486622828695 English 0
70.44890422119352 382.10524271813733 100.49123819982924 382.6719338559981 100.21249199999147 397.44761699999935 70.17015805089613 396.88092707603636 English 0
168.81163185302285 384.5407805922252 168.61649600003147 398.3872780000205 100.17501936250483 397.42244276096557 100.37029099999927 383.5760829999975 English 0
203.98286851894227 270.81723040656874 210.78608121890284 276.1834039757442 182.31724408869923 312.27379549790095 175.514055243475 306.90764866645145 English 0
184.2262259999552 330.37115899998867 176.35459341421665 324.2612157500213 200.69899103640637 292.89989471928146 208.57057607674506 299.0098098802729 English 0
181.2037589999818 294.68513999999897 176.19048383407062 290.62266675773463 201.74309687856294 259.0914289001658 206.75634557665035 263.15388521157536 English 0
181.48387000001094 356.556339999995 174.90063263590855 350.9981760851903 197.22507444937946 324.55884325743 203.80827661479998 330.11698279352487 English 0
181.81895699999586 375.75341599997927 174.48874630012142 368.7348489211739 196.29457610149984 345.96302194547724 203.62475391484622 352.98155931898964 English 0
180.5641270000342 395.5116590000107 174.15002096444368 388.77905817511197 202.2921840060735 361.97108644745896 208.7062574239826 368.70365043871084 English 0
180.91783000003488 415.77523900000875 173.2895535107673 407.81690193676417 199.41362668861984 382.77929558768176 207.04186459362973 390.7375897989724 English 0
187.05236461188179 437.97439829990253 176.4162340429175 437.59086012888525 177.1250021081505 417.93932603444057 187.76106600002095 418.32286299999987 English 0
192.44744700132287 434.7768777742249 199.0378205547313 443.06835928222927 179.41267295791476 458.6647904566522 172.82233681631624 450.3733434738819 English 0
32.83279700001003 478.10250599998625 32.223673737753415 418.308548389091 114.15958700003102 417.4739230000089 114.7695200763701 477.2670547081352 Manipuri 0
86.83483555847488 501.6955474718184 88.31673501867044 525.1815296717517 6.444682829096564 530.3455560677531 4.963174000004074 506.85994299999913 Manipuri 0
63.765641016943846 553.47414789847 97.2756338614272 551.0578337522506 98.35613600000215 566.0390250000003 64.8461439757375 568.4553315915758 English 0
170.4323804503656 548.2438723620321 170.91088102271897 563.1964628176996 97.41872602462536 565.5470759635848 96.94045999996888 550.5947129999794 English 0
256.3689949250693 508.8560051765085 257.59005899999465 546.7237349999984 184.28687601306592 549.086128717097 183.06637499998033 511.2189450000014 English 0
259.5127245923504 542.4695560893574 257.7712109999993 505.11423599999597 332.49906556055066 501.63084861307055 334.2410949155601 538.9856250238291 English 0
185.4397489999974 583.1884849999957 183.8874850236607 556.5763111745384 223.0403241627937 554.2930691127239 224.59279460133985 580.9050218649936 English 0
308.15641468565445 576.3957340357481 229.94928590116615 580.3115387927612 228.6134960000345 553.6304969999997 306.8197489911836 549.7147142006871 English 0
249.2160533250717 584.150843842902 250.18078299995977 603.3950089999777 215.73874216221157 605.1209565725771 214.77416599998833 585.8769379999886 English 0
252.13327199999185 600.6938559999859 250.74049112350622 583.6746574831452 283.8870329510246 580.962726613033 285.27992678864393 597.9818006949433 English 0
327.7426361377002 579.1038757624978 328.32266135948885 598.3191634630712 286.352204366558 599.5854540209975 285.7723609999812 580.3703429999707 English 0
231.45343477684946 515.7084939129694 192.7801985651604 515.3839075778437 192.91019179669092 499.9126186134853 231.58320199996524 500.23720399999974 Manipuri 0
328.1319507711305 509.753638137587 282.0513131493499 513.4403865621085 281.02842098029214 500.6562935679535 327.10883799998555 496.96955399999854 Manipuri 0
482.6394234993495 423.19148284411835 481.8691380000382 447.3277199999974 451.8659473066509 446.370200097959 452.6363459999993 422.2340799999933 Manipuri 0
484.5345090000046 447.2811949999789 483.5989567476645 422.44822925844375 518.7693162868527 421.1233837188571 519.7050040958129 445.9562082396636 Manipuri 0
451.2627085328131 453.679562127308 450.86453800002346 473.4728070000334 409.60078673335374 472.6426373781278 409.99909500002104 452.84953299998494 English 0
475.86947441726807 470.1914712243131 448.6209872479958 469.2089129211724 449.33973535669793 449.2822250442971 476.58803699996497 450.2647799999989 English 0
486.4866098416678 472.9094653837313 485.77035900001647 454.3718179999838 522.1007944752637 452.9682651549273 522.8171566568926 471.50579638375086 English 0
424.01203292043647 522.3043770938715 423.19410800002515 475.3782350000295 524.9870105877926 473.6038035984273 525.8058050408727 520.5290590588718 English 0
422.5631229999999 532.286803000002 439.0062432968989 530.9712881779127 440.4524279999896 549.0438109999981 424.00930828276614 550.359321026943 English 0
441.79211778668105 547.6625098176345 441.23861200001556 531.2496020000256 488.90438163296494 529.642323173373 489.45803870148666 546.0550742359327 English 0
526.2156630731624 528.9771822502154 527.3559419999947 548.2381239999835 491.4036862194189 550.365890594321 490.26355399997556 531.1050880000289 English 0
557.1881646672409 547.765267257344 556.3962449999963 527.8170789999872 590.5203976055782 526.4626284157523 591.3124476246594 546.4106806588974 English 0
397.01395399999456 596.0312949999814 395.9704862968647 569.7473811885307 427.9423611155653 568.4784031573948 428.9860032713477 594.762134755697 English 0
495.7189169902267 568.7033804989958 497.2980196003482 594.9195562804629 429.06046199997945 599.0280190000001 427.4817697560502 572.8122321821654 English 0
507.0766213985189 594.9576100264484 502.1538619999774 567.8809520000044 533.2812852272764 562.2231232907009 538.2041865081555 589.2995967963237 English 0
582.2004263757117 588.5446567680888 580.5046900000161 564.3796750000324 621.2298293430649 561.52249117388 622.9257603161386 585.687261731224 English 0
562.3160339999595 565.4083790000003 578.7440195240197 563.6262902761973 581.3707719999366 587.8348000000036 564.9427879974974 589.6168794165766 English 0