179.43316004559165 256.7202349313664 179.26196412794525 279.0429471090438 78.53605899996182 278.2698919999641 78.70747675398889 255.94740340365135 English 0
187.1688390000054 278.6349510000085 187.08043722232105 255.20341748797767 325.71382000001904 254.67961800001723 325.80254273729224 278.1108294623309 English 0
84.17364599998109 315.36984600000767 84.27974143727624 296.6841482904655 155.6144850000419 297.0889380000272 155.50854220469773 315.77448392666963 English 0
210.06917518512637 316.78487311446145 160.8633479999844 316.39671299999986 161.0120955140883 297.55527298456565 210.21771097381134 297.9434322640604 English 0
219.3974359999993 315.85028500002056 219.77457346700248 295.83455992831915 251.30447099996672 296.42858399999267 250.92740671498177 316.4442373183019 English 0
254.49788300000364 316.19018700002874 255.51151640858734 296.4850697797613 267.9926477207482 297.12706206811777 266.97904373337224 316.8321511832784 English 0
319.16685394644446 297.86710284913073 319.0440615612897 315.9193362072369 271.1247980000189 315.59323099997215 271.2476883751515 297.54109637607974 English 0
148.83154700000887 328.1944110000108 148.8167942778091 319.17207555065494 174.12852499997825 319.13066599998035 174.1433051702188 328.1529739550622 English 0
148 281 173 281 173 293 148 293 English 0
173.79143199999817 291.29601499998665 173.79587664399878 281.06676545381254 199.39389473183837 281.07786613798623 199.38947797505534 291.3070878130391 English 0
201.97623699998076 290.5741149999874 201.98214865944465 281.6290659258161 231.77620800001023 281.64872200000934 231.77032471387065 290.5937427240716 English 0
140.53061099999468 251.96259899998597 140.6087831059267 239.3417323546227 195.78033400001004 239.6833369999793 195.70222594527877 252.30413994616697 Manipuri 0
197.75387200003024 251.94826100000853 197.64618365494243 241.3440035345607 265.2973698581627 240.6568462405934 265.40512326246244 251.26103796421353 Manipuri 0
639.9999948771438 175.7667582593067 640.370028561374 206.01290244503392 563.6527290000231 206.95115400003385 563.2828623826208 176.70517535069976 English 0
626.3763963105885 209.5243827511145 625.9939010361995 220.726919372346 586.1900859999878 219.36783800000893 586.5726155411539 208.16533689922898 English 0