68 305 241 305 241 385 68 385 English 0
221 385 305 385 305 415 221 415 English 0
313 384 394 384 394 414 313 414 English 0
401 382 492 382 492 412 401 412 English 0
253 307 459 307 459 382 253 382 English 0
472 305 627 305 627 378 472 378 English 0
503 390 535 390 535 407 503 407 English 0
463 246 585 246 585 309 463 309 Manipuri 0
250 253 433 253 433 311 250 311 Manipuri 0
115 245 224 245 224 306 115 306 Manipuri 0
562 219 600 219 600 232 562 232 English 0
604 219 618 219 618 230 604 230 English 0