12 213 281 213 281 299 12 299 English 0
367 322 400 322 400 343 367 343 English 0
403 321 457 321 457 344 403 344 English 0
339 229 451 229 451 292 339 292 Manipuri 0
369 161 397 161 397 183 369 183 English 0
401 164 446 164 446 183 401 183 English 0
174 14 385 14 385 149 174 149 English 0
29 429 110 429 110 465 29 465 English 0
12 480 78 480 78 510 12 510 English 0
10 510 94 510 94 540 10 540 English 0
417.8152450000198 441.62704200000854 405.1623739182105 403.30024710701434 471.04612900002394 381.55257899996775 483.6992099216877 419.87896644591876 English 0
506 198 591 198 591 238 506 238 English 0
543 168 635 168 635 210 543 210 English 0
518.2084110000142 18.75124100002765 518.9388331957161 8.746752542614761 544.84147836396 10.637889210519571 544.1110576931533 20.642376202552896 English 0
516.6600972958258 7.787009642801514 515.1663280059438 19.68996461743524 488.87314399995375 16.390282000035437 490.36691449153295 4.487328426124692 English 0
461.93154499997036 13.254126999999915 463.01108533356455 1.9065739547210572 489.4331688566308 4.420217515460741 488.3536296942475 15.767769213823982 English 0
492.8655495654675 1.2192621402134116 493.9478796486219 -5.221060230512016 526.447866768649 0.2407339554837778 525.365536806421 6.681056152042716 English 0
550.3650637958344 -1.565596897362621e-7 550.3650639999978 9.918988999994907 527.1507457987173 9.91898879424742 527.150746000043 2.387851123275633e-11 English 0
438.225030225658 8.633118109381009 439.3739777229348 -1.4971815972113258 459.0604440016614 0.7355967915730223 457.9114968617796 10.865896218781293 English 0
542 151 569 151 569 168 542 168 Manipuri 0
574 153 613 153 613 173 574 173 Manipuri 0
10 434 24 434 24 461 10 461 English 0
62 579 102 579 102 596 62 596 English 0
65 551 96 551 96 564 65 564 English 0
64 634 96 634 96 640 64 640 English 0
14 556 36 556 36 568 14 568 English 0
23 613 30 613 30 628 23 628 English 0
469 360 486 360 486 379 469 379 Manipuri 0
543 264 563 264 563 277 543 277 English 0
579 267 602 267 602 279 579 279 English 0
504 262 527 262 527 274 504 274 English 0
508 245 530 245 530 255 508 255 English 0
579 247 598 247 598 260 579 260 English 0
479 261 491 261 491 271 479 271 English 0
502 169 534 169 534 196 502 196 English 0
618 270 633 270 633 279 618 279 English 0
613 250 635 250 635 262 613 262 English 0
514 145 539 145 539 164 514 164 Manipuri 0