285 205 304 205 304 226 285 226 Manipuri 0
330 222 353 222 353 243 330 243 Manipuri 0
303 211 330 211 330 238 303 238 Manipuri 0
285.8576678510872 355.3306691875847 291.0745209999732 335.4477679999789 338.21705132198986 347.8157794617415 333.00034561325447 367.69855385328214 Manipuri 0
345.6808710646874 355.1932564511326 383.4362247354147 365.19889801127107 379.608711999972 379.640199000001 341.8533660887624 369.63457785505256 Manipuri 0
399.2789383690979 385.10040403170683 388.99042187935265 382.3568530270603 391.839244883231 371.67476326407905 402.1277310000005 374.4183099999942 Manipuri 0
311.5839768079604 449.7493447153889 308.06409196746245 465.5050431764537 261.0605103227863 455.00562385432255 264.58048500004224 439.25005299996735 English 0
355.3704549370741 460.99520859084186 350.95779584931734 476.62160853116546 310.3182579999702 465.147270000019 314.73098559370555 449.52098374116076 English 0
554.7661309674731 289.1773159790137 550.2436152232258 300.6626950370885 507.4578962939995 283.816193577163 511.98043399999733 272.33087100003166 Manipuri 0
562.4945030194067 305.81880041366907 566.1218989999907 291.7891549999829 609.3164133549726 302.95637090981285 605.6890997524897 316.9859454028425 Manipuri 0
637.1617940024589 313.77117779325664 633.2431530000031 328.64486099997174 609.9951430748479 322.52032094204566 613.9138110000204 307.64668000000717 Manipuri 0
441.4853442215099 283.2160200582545 446.3039550000394 267.9470709999871 505.05691128288163 286.4872581105782 500.23841754977184 301.7561074624338 English 0
502.33754945940746 301.6886328093685 506.7373529999895 288.23319099996746 542.4905512895202 299.92334267040803 538.090814333118 313.3787278442434 English 0
511.6532922905026 307.9135743154787 507.8360370000155 322.5459430000077 483.5093723809405 316.2000749507333 487.3266549999971 301.56774900000937 English 0
523.5064868646441 337.4177390015127 520.3384843086678 347.4844980393835 468.5990144417883 331.2032912217675 471.76705400001083 321.13660000001346 English 0
518.6836119159852 310.44779796139574 533.3306020059536 310.96939239710287 532.6348909999797 330.50430999999884 517.987900973967 329.98271677986327 English 0
534.1667787727056 331.2847693676798 538.7594269999681 317.5390620000234 556.8498246395757 323.58285958358863 552.2572139766271 337.3285350279189 English 0
600.936017537606 319.9042144171571 596.5551521063753 333.3536525049274 537.638756994711 314.16410601769076 542.0196740000392 300.71476599998243 English 0
554.4696460224804 338.5391270753215 559.0409479999653 324.0492660000084 594.5830413994554 335.26121756349244 590.0118188954366 349.7510109341961 English 0
593.5005721838388 332.6111510552193 598.2491750311601 319.52490835625434 639.1433096007677 334.3628884142473 634.3947899917839 347.4490605237445 English 0
637.4185090062383 374.08133337286125 633.8237896197097 385.12308779317186 578.982256548552 367.27064374517374 582.5770219999686 356.2289770000334 English 0
547.1207014394167 357.4175306093657 550.3108975011855 346.1663436027317 579.6729074699397 354.49093678657 576.4827645589685 365.74207825316813 English 0
546.0102720221767 407.5322027795022 562.3044316978485 408.13322664261216 560.949365123015 444.86511358545107 544.6552056389919 444.2640932299229 English 0
555.5147708168806 443.5694803104329 563.4025839999958 414.6200790000094 607.3076586384559 426.58117083407217 599.4200944654585 455.5303581215104 English 0
582.0345086637099 479.46114052670237 586.7061970000213 458.9441330000128 622.9659398501826 467.19901805085925 618.2944063089235 487.71589118348265 English 0
601.5595719999692 427.59810800000014 622.035391425452 427.59023026815504 622.0490099999734 462.9825330000001 601.5731905745633 462.9904106856104 English 0
217.99128564707644 423.1566998774474 237.24435399999493 341.93873700001035 387.6626669080724 377.5914932874091 368.41176409478066 458.80757636873807 English 0
167 439 186 439 186 453 167 453 English 0
0 423 41 423 41 451 0 451 English 0
0 375 52 375 52 420 0 420 English 0