293.6431980000634 285.86269699997365 295.9452108655387 268.6611878668145 348.4318250937213 275.6847760731635 346.1299176115426 292.886189973598 Manipuri 0
347.4052360528731 293.4908621080188 349.63266699996893 278.1156749999856 451.65883846180805 292.89499700934255 449.4316000103572 308.2700113063845 Manipuri 0
256.5595469999971 280.3587890000058 259.0238359142677 261.17017261909535 287.1306305209873 264.77956654132475 284.66640244529117 283.96812782708434 Manipuri 0
244.4643651675142 374.35082299730686 252.7337329999864 302.9450709999898 602.6662330675026 343.46042812837607 594.4005534987082 414.86280258022043 English 0
386.24500071084185 322.0475927511163 311.80528314216645 311.6602605074801 314.37035241578997 293.2804207509268 388.80975899992336 303.6677309999961 English 0
310.4803148956853 310.95605232193793 289.79941687590326 309.3162503357319 291.3739594398794 289.46032965486023 312.0547660000011 291.1001280000012 English 0
252.37711277492053 302.1113453077863 254.91543800002546 281.6967999999849 286.0509322390135 285.5678980863475 283.512684131274 305.98237332891586 English 0
448.71330524154473 311.79131251383 446.24606611942 329.3760109143775 389.53697036493395 321.4197301624515 392.0043080000323 303.8351499999894 English 0
458.3841889999894 567.2257269999993 485.1524657030677 565.7464511415902 488.3913740000571 624.3411239999984 461.6230989084579 625.820380620794 English 0
528.6382827353373 639.9999648334511 497.3302448467439 642.8616591057136 492.7282479999849 592.5244940000013 524.0355651771097 589.6628328684786 English 0
310.7060622778954 408.52381050367825 245.45022437967418 402.2948737389857 247.81790378263395 377.4959018948638 313.0732700000226 383.72481600000026 English 0
390.95336598729773 415.5777491517606 312.96230769243266 405.9742541993523 315.7507853329298 383.33359569740276 393.7413199999719 392.9370579999969 English 0
450.8759478713182 398.81030383849054 449.25932199999806 423.6180260000235 391.02337366421125 419.8231141986361 392.64020399998117 395.01561200002976 English 0
450.1033296222158 423.5528947749784 452.1428079999896 400.9823599999874 511.3508907100186 406.3315832115572 509.3116356214887 428.90191070118897 English 0
562.2222354676342 413.33183240075914 560.3500189999613 433.000477999982 506.3888919429155 427.86440300604085 508.26125699997647 408.19592399997293 English 0
601.0614838290348 419.7410856821616 599.0681620000396 437.87795800001265 557.1573094191262 433.2722020398827 559.1507370000181 415.13545100003563 English 0