52.93664600001648 409.93440900003355 45.00817171217932 343.3767936861582 252.17672099999618 318.69887599999316 260.1068150353967 385.25460156662405 English 0
292.5265490000311 377.7430329999825 286.1851279349503 313.0268810486586 395.1870339999732 302.3465690000295 401.5292517365742 367.0618222852106 English 0
403.4553430000233 363.4723649999705 394.8875256730389 294.49815090288945 640 264.0495919999994 648.5695311440941 333.0219507374383 English 0
46.51650335290469 413.5530553256041 7.992737999957171 413.7015170000002 7.743772294852533 349.01289430633653 46.266829000014695 348.8644340000001 English 0
20.46313699996972 446.15649799996936 17.792373071570182 416.63885514645295 191.6901450000296 400.9046690000288 194.3616380332969 430.4214970990574 English 0
193.00832599998103 431.9028899999877 188.9339952278533 400.19704532919536 243.97617100003117 393.12468500001535 248.05073047689802 424.83025984460033 English 0
264.5879330000025 421.5947029999684 262.4996817913052 388.5166797127563 339.53315899998415 383.6538069999782 341.6217664474243 416.7314470761123 English 0
359.1967719999957 416.35998099997727 355.6911343151296 378.1201696589323 509.86673999999766 363.986382000008 513.3731479677954 402.22533329834056 English 0
511.073241999984 398.1826540000091 511.1460723933851 352.3406707163799 576.6880990000209 352.44471700000656 576.6156894015876 398.28627871788456 English 0
29.401515999998082 488.0939899999894 27.75818848022027 460.45480795938835 142.63609800000268 453.6248229999843 144.27994666591985 481.26344730480133 English 0
145.70167500001844 480.4147969999969 143.0499306870479 454.01449616432797 232.56113800001913 445.02458899997356 235.2132437864202 471.4244812140039 English 0
306.146493999986 468.9405829999931 302.76438008113473 438.0505584503073 414.88341000003857 425.77581900003247 418.26602985995123 456.66526397337094 English 0
416.2130019613687 426.42740161382744 530.421548000013 417.00269800000234 532.8613210988988 446.5638220861871 418.65278077253606 455.98848028659745 English 0
293.7658139999985 502.6623800000206 291.25654816300084 474.0898120069908 346.1460210000223 469.27008099997306 348.6555430904991 497.84236451829764 English 0
344.45334800002456 494.8265759999986 343.73650718305726 468.31872243093875 415.866554000022 466.3681910000195 416.5837271286 492.87570209779165 English 0
415.69792100002815 494.112541000014 414.78692542739736 461.02240687037875 466.5168619999895 459.5984040000361 467.4281527353014 492.6882338920499 English 0
65.08745417602768 520.2923396502119 31.819945834722603 522.9566549031958 29.591011055599665 495.1285741849319 62.8581700000359 492.46427299999993 English 0
65.12450100002752 519.22633699999 63.54472754857852 490.51338537155146 124.66069499998412 487.15124799996715 126.24077781722008 515.8638709438928 English 0
121.22062599999481 516.9159890000333 118.77055034827208 486.1907483687662 168.04333599997335 482.2623020000185 170.4936688474845 512.9872602829901 English 0
181.5277565926226 302.35649259865096 183.43969939218368 329.61923641469093 147.67912199997227 332.1268080000235 145.76730165419576 304.8641792926792 Manipuri 0
179.83509400000912 327.91313599997943 175.375593258359 303.29771700437584 254.81754599997657 288.90622399998347 259.2772223799693 313.52141487639943 Manipuri 0
282.65673668494856 316.9042835143061 254.6489119999751 316.6505729999999 254.93243242577591 285.3653063811715 282.94005999996443 285.6190159999998 Manipuri 0
283.14942807184707 282.1311239775177 322.4381500000163 277.3924679999988 326.09806418418884 307.73532665227617 286.8093451872119 312.47396671854267 Manipuri 0
322.88263199996436 310.4948119999686 318.4079191891942 281.18797816637573 401.97299200001 268.42940099996576 406.4479215897154 297.73596712315333 Manipuri 0