401.2365729999874 245.07510200000016 432.4331448045268 243.8134777544028 434.0815599999769 284.5723050000012 402.8849885077216 285.8339241707983 Manipuri 0
429.8434362228727 286.8029906416514 436.17825150926365 262.92400576943646 537.5574538599903 289.8167304676481 531.2229509943427 313.6954470287305 Manipuri 0
156.690431370007 155.72601991344328 170.751608999999 99.63529800000559 248.06233882372908 119.01577758661952 234.00142690123175 175.10626983812335 English 0
331.99160372678307 154.97052228246852 318.8327140000183 199.4928350000258 249.9853893591353 179.14471679303588 263.14439399997354 134.62260300001412 English 0
19.18489453404618 108.07247624045303 35.91589499999827 49.76456299997985 165.75696375235566 87.02111694809402 149.02629942036583 145.3287414451519 English 0
109.00277343578637 168.13290170268561 49.44256100003258 149.22104900001065 59.04847413738025 118.96937642159358 118.60849925746152 137.88119709160344 English 0
135.0814027134038 180.15504729588798 111.51886889492744 172.24548548096573 122.95268649031641 138.18503602031583 146.51512799995544 146.09458099999335 English 0
199.9993519475538 169.8562284342314 191.38134113833075 192.9855182148982 137.5788809999358 172.93895399997294 146.1969285432133 149.80974878143596 English 0
179.8416998051107 190.73712787250025 171.02777500003867 228.63046499998998 65.98882862497703 204.19875690678072 74.80296000001545 166.30571699997486 English 0
72.74088490652503 163.59257209982684 63.43713599999319 199.2998380000338 11.086491967653274 185.6597306861603 20.3903210000135 149.95259100001147 English 0
8.993258935588528 219.21526470973942 15.580543999967631 189.12507900000176 107.80414960565395 209.31363475634302 101.217125142648 239.40359319593966 English 0
254.50422649744723 97.75759616272141 246.59136499998567 125.06740700000053 171.38496621351806 103.27680532502347 179.29787499997474 75.96707299997063 Manipuri 0
179.8382783641864 69.92291312014021 169.825447330295 97.81692434300348 72.83898520276125 63.00264551663038 82.85184799999115 35.108706999968476 Manipuri 0
26.046712041425053 45.8549569587248 36.365506000001915 13.280745000025647 83.51116244564764 28.215438674908686 73.19239458374796 60.78962841145602 Manipuri 0
431.0024984545453 287.3672533587325 421.99783999996725 323.9263430000299 347.25804195491946 305.51839172525644 356.2629069999821 268.9596119999772 English 0
423.7836673168931 330.37993282755366 432.1040340000036 287.55352700002754 570.4522771159827 314.42932707884785 562.1327371912048 357.25500390158294 English 0
158.8528110156767 298.60791508599596 147.6207720000093 353.64302700002577 -4.477749296274851 322.6017128335607 6.75502799997048 267.56755000001215 English 0
333.29240050043154 339.6668739410627 324.1257819999737 386.0618890000193 212.29414277862816 363.96738440126296 221.46127699998033 317.57305999998584 English 0
588.4125245225005 399.158118661813 579.9465606124431 438.86821121532074 330.4098647079809 385.6693078517583 338.87689299997874 345.96068900002194 English 0
2.6437394473032327 343.2733458289107 5.293612000023131 325.4206770000296 50.80280951173336 332.174969306447 48.15305210686347 350.02753492790356 English 0
370.47169500001473 349.84004199999754 374.54738848799025 331.9164893205036 467.04205386202375 352.9468421592 462.96661662272527 370.8701721511044 Manipuri 0
19.54160011591739 268.06287016730084 3.018239258453832 264.0194128637331 8.156814999965718 243.02209399999373 24.680110925692134 247.0655429973076 Manipuri 0