59 164 142 164 142 195 59 195 English 0
68 205 139 205 139 246 68 246 English 0
95 429 160 429 160 487 95 487 English 0
569 514 602 514 602 536 569 536 English 0
604 507 640 507 640 528 604 528 English 0
542 350 570 350 570 368 542 368 English 0
571 339 639 339 639 361 571 361 English 0
485 214 519 214 519 234 485 234 English 0
469.69453017743945 53.14420149640291 480.9277796908282 104.01341824876448 242.8740100000141 156.58028099996977 231.64131052588345 105.71153753742624 English 0
285.9121149301063 248.31461091328194 273.3328630000324 195.3221119999735 474.793533713746 147.50000647841787 487.3733361147606 200.49169713784633 English 0
282.56660400002147 392.2524189999987 271.1640817105945 330.9781538384079 497.6491862581315 288.8327458194644 509.0530727384612 350.10521803442214 English 0
231.58965700000408 509.4054110000018 223.93939940317068 472.70449806611913 404.239866439093 435.125015431979 411.8909892086958 471.82474284603177 English 0
265.12498900003266 577.0101540000005 257.4194774612988 534.3899218044994 390.9604209999816 510.25043000001375 398.6668348864623 552.8694956910007 English 0
119 386 151 386 151 406 119 406 Manipuri 0
160 333 200 333 200 348 160 348 Manipuri 0
109 298 153 298 153 315 109 315 Manipuri 0
510 6 551 6 551 26 510 26 Manipuri 0
471 102 503 102 503 120 471 120 English 0
504 88 572 88 572 114 504 114 English 0
463 416 500 416 500 461 463 461 Manipuri 0
515 385 599 385 599 455 515 455 Manipuri 0
505 470 584 470 584 502 505 502 Manipuri 0
520 204 571 204 571 228 520 228 Manipuri 0