308.94553799997084 285.03211899998695 294.5745221328252 241.56312550490756 424.02519700000994 198.76763500002485 438.39648804110766 242.23609297427603 Manipuri 0
434.51977899996564 181.98597800001212 494.09536511753686 159.7919135104699 513.4712254400074 211.80127962500322 453.8956866922672 233.9952535645732 Manipuri 0
64.43400801807002 505.73243783663116 69.39993046697055 520.1281360545686 34.99103699999978 531.9952380000266 30.02523361290514 517.5996408511979 Manipuri 0
85.96687374985777 498.5422219768674 90.2051646959444 513.3968658854805 67.87157200000365 519.7677149999714 63.63335736125009 504.91313635599306 Manipuri 0
36.66852719783492 553.8541638811363 55.538959999976214 549.2600600000044 58.41608231981809 561.0752304698636 39.54565361927962 565.6693227645401 Manipuri 0
77.77820260023873 541.4177313073658 81.35093101867824 555.3779015709215 58.64271999998891 561.1880439999863 55.07006944557361 547.2279407420003 Manipuri 0
79.78059499997471 554.0602639999904 76.32260741469509 539.6439876182787 104.75682900003449 532.8250119999902 108.2148742571735 547.2412032790471 Manipuri 0
66.58552000000782 603.6685219999811 61.13688681572967 582.6352750656083 117.22765799997433 568.1085439999705 122.67646225052886 589.1415252603165 Manipuri 0
166.4578332786914 457.1745548405659 170.3911487883306 473.75892091302876 135.18477300000086 482.107280999999 131.25157854643476 465.5230196627554 English 0
161.13360123774328 530.9155634363834 137.69483949734422 536.282311004679 135.0694993724028 524.8185411742511 158.50815700003295 519.4518059999958 English 0
182.41541204690293 514.0127271394737 184.80794099996274 524.4660130000204 161.34977768131648 529.8339050471465 158.95730500000354 519.3806679999923 English 0
155.50361100002192 577.1657079999783 150.59600102133118 558.8929159724295 189.81781478323683 548.3613248999214 194.72552228973655 566.6339616425707 English 0
179.9970841385948 468.52992832482505 169.92086576807196 470.88362345047767 166.1006020000059 454.5314760000066 176.1767646116641 452.177787654116 English 0
301.4392300000327 463.3349020000037 295.55968225802644 439.68181719108054 346.3018639999791 427.070363000014 352.1815473010065 450.7232429966135 English 0
226.05435700003 358.1534820000136 210.46845573822793 309.1195070622993 521.9096111819817 210.12651276502027 537.4964315046236 259.1588050266966 English 0
561.8558486665279 272.55494321512697 579.435534287768 329.8164109430647 248.62216603010893 431.3612961546535 231.0454999999638 374.10238700002304 English 0
600.418282211831 352.31747094405796 609.9484303223289 383.00002899790513 542.5280497293716 403.93840351935796 532.9982589999418 373.2561499999962 English 0
631.4299235538056 343.6264362517415 641.2149328894884 376.4519086943023 614.1528017223027 384.5180019397135 604.367940000011 351.6926559999732 English 0
147.71945527732896 481.2340789207201 150.26506000001973 480.5827680000015 151.69139236262708 486.1565250375168 149.14578788957442 486.80783528410257 English 0
151.76465900003677 485.9610620000178 150.16142127911735 480.17155717323084 157.48976299997594 478.14253199999416 159.0930055596982 483.93202893761725 English 0
162.32031663384987 476.94545769626643 164.11388875283592 483.90847393439606 159.75726061224123 485.030479639688 157.96369499999855 478.0674690000244 English 0
163.50532031516195 483.49437567991833 161.77580199997465 476.3837279999799 169.89803171731182 474.40849958116075 171.62755713601655 481.51913667066935 English 0
182.01182204211364 478.57847005122716 170.7242431636405 480.9488069644431 169.4071189333772 474.67764422129284 180.69467300003453 472.3073099999959 English 0
191.30701498106646 566.2202028608383 190.37626099998306 552.635076999975 205.80663521934184 551.5781438826336 206.7374295778427 565.1632260285938 English 0