357 270 411 270 411 314 357 314 English 0
250 259 355 259 355 329 250 329 English 0
176 252 248 252 248 306 176 306 English 0
454.72973889838613 320.7064278213279 459.84787599998526 285.84149800002 552.3400675130688 299.41803659557144 547.222349540607 334.28259019209463 English 0
212.46537055449153 247.24564076838186 216.00164700001187 216.28190700003302 318.4496656117699 227.9814134319811 314.9136983372591 258.94486439322924 Manipuri 0
317.51477426128986 261.60642667829154 321.01322499998787 227.1163949999969 399.3231766383542 235.05916829062397 395.82499854172056 269.5489481881599 Manipuri 0
405 243 458 243 458 276 405 276 English 0
462 250 503 250 503 278 462 278 English 0
59 418 86 418 86 441 59 441 English 0
90 420 107 420 107 440 90 440 English 0
70 438 100 438 100 455 70 455 English 0
123 443 140 443 140 455 123 455 English 0
103 440 119 440 119 456 103 456 English 0
196 322 256 322 256 372 196 372 Manipuri 0
68 309 194 309 194 373 68 373 Manipuri 0
348.735222842588 499.8587964940068 360.2572061670071 511.1199976222587 330.4279866573779 541.633736650566 318.90609523805324 530.3726284210625 English 0
336.35387826703663 477.67749314845923 352.3941002653737 494.7967434485124 305.03122075868305 539.1655663842536 288.9912139653461 522.0465259115294 English 0
344.218999138684 447.8307483194171 353.732142714216 455.75111877535505 333.7935148375982 479.69550640853555 324.2804102747323 471.7751784965109 Manipuri 0
328.86624313730863 466.87308788691723 336.50389541529876 475.1010926344921 307.79639833257534 501.7441365393776 300.1588057883055 493.5161897994678 Manipuri 0