275.76000699998986 205.55466399998204 275.4064195627143 185.29078569414852 334.57754700000805 184.25824600001437 334.93121987245104 204.52203722607666 English 0
294.61820953139977 323.6434758126254 331.40033499999845 323.00149399999987 331.6795740672387 338.9991104603289 294.8974486347288 339.6410910063747 English 0
5.383154000010109 387.36774900000717 4.788118979195133 353.23946832502634 105.53870917021413 351.48255113628557 106.13420841567859 385.6103603040884 English 0
39.53441303696309 234.21405529107784 40.805443999997806 262.9972680000346 1.075864405138418 264.7514472956056 -0.19505640790157486 235.96833886766518 English 0
43.38207003827847 264.51851592251813 50.42958216108673 222.5992322584009 89.00464600003033 229.08424499997412 81.95730397601437 271.00337708317437 English 0
332.4233370000002 335.7855870000244 333.1157850771706 319.7328448552994 368.9634529999603 321.2789979999806 368.271078202888 337.3316696785014 English 0
364.4264070000645 336.29380100001424 363.94613935517555 320.30130413790323 448.8873600000079 317.7502630000249 449.36778777577274 333.74259563994394 English 0
136.18159099867626 567.1561052235736 135.7394260942965 587.1318488970213 81.86145363892138 585.939122054729 82.30384399998002 565.9636089999941 Manipuri 0
58.28763307268673 563.5372384918785 57.30558369868959 579.4402611939869 3.4317360430577537 576.1138289698722 4.413954999981797 560.2109879999648 Manipuri 0
2.3894120000477415 321.9878159999987 66.10561891757243 318.6888314702657 67.65096702867595 348.53308607695084 3.934761086056824 351.8320583062004 Manipuri 0
91.11189713796193 397.25070186647343 90.9922355946037 413.66836587121605 59.93354799997178 413.4419059999849 60.05328581792128 397.02431875338937 English 0
114.10856764370692 401.11665601174525 111.41995945567032 420.1916502440847 88.96871722594369 417.02748559013395 91.6573800000333 397.95255700001155 English 0
110.49568767899473 582.7996507647727 108.48402499999793 598.2227260000328 87.49202894221526 595.485326682968 89.50375200001872 580.0623229999707 English 0
110.28715425025439 583.2384461289303 125.25695799995447 581.5719060000018 127.36157712140994 600.471905938427 112.39177453964658 602.1384390914099 English 0
14.464386999970884 588.4843340000243 16.497821662851493 572.503166473765 41.08118383890542 575.6303403906328 39.047843770022155 591.6114221216004 English 0
322.0034409999789 183.4108990000289 321.9984431879857 169.17238423861417 364.41357900002913 169.15745800000832 364.4186164128041 183.39593311513894 English 0
63.94643999999971 215.65285799996954 64.39235487785481 203.70699242660805 103.34396609796386 205.16089124709768 102.89808899746276 217.10672023510557 English 0
28.430197999987286 288.81717799998216 29.298559968010522 275.2050753051174 74.10083499999018 278.0629230000151 73.23254119837657 291.67496121529354 English 0
297.94597703934414 202.32252883454183 312.9641121921304 203.5899072795233 311.5214669406123 220.68435273432084 296.50333199999295 219.41697599999873 English 0
310.8839260000241 218.45474300002851 309.9164173038298 207.9008531401734 330.39669400001003 206.02341500002063 331.36421804272686 216.57728773939368 English 0
336.4218470000196 215.16409899997382 336.2233062776795 203.78798262764437 364.4762140000239 203.29489699998186 364.67477929298184 214.67098840675612 English 0