149 270 301 270 301 345 149 345 English 0
305 255 412 255 412 323 305 323 English 0
418 243 507 243 507 306 418 306 English 0
127 187 297 187 297 289 127 289 Manipuri 0
296 171 412 171 412 255 296 255 Manipuri 0
416 166 517 166 517 238 416 238 Manipuri 0
353 568 424 568 424 607 353 607 English 0
610.1247374191007 475.58548043607544 563.1879679999838 488.0164229999973 544.4933121316717 417.4378258619538 591.4290009999968 405.00703399999475 English 0
589.3196625487326 373.8654404417949 631.135470238878 365.88354881806515 646.4029605178075 445.8579398913269 604.5871795240237 453.83973240682394 English 0
640.0001781619358 358.62331499999993 607.1846330166591 358.62331499999993 607.1850157762674 283.007082 639.9999759406637 283.007082 Manipuri 0
606.1551784225594 319.03986486723846 632.7896337422135 343.333073292599 588.653156077853 391.718439189697 562.0189021157421 367.4254408068401 Manipuri 0
574.1700393999054 355.0246127928841 601.7317485917738 374.1347362650441 560.9166732044832 432.9936607953023 533.3551281031396 413.8837371109062 Manipuri 0
462.96737962184125 405.98324704314956 486.8096004554536 416.1932616140962 462.1135775416042 473.8546969994485 438.2714175349247 463.64478722336764 English 0
430.62521924737666 514.2956316365327 412.8943488688674 504.791936700017 431.0087740000017 471.0025939999973 448.73944146173017 480.50622210359165 English 0
365 546 398 546 398 566 365 566 Manipuri 0
609.8270028393745 462.33076114431697 626.1650129994086 482.5954179999886 599.0876663589734 504.4221009290586 582.7497927420336 484.1575706379542 English 0
635.3328210426116 445.45567624770274 649.6269448571547 465.81326883381644 627.4412797679543 481.38838268009226 613.1472619999113 461.0308849999788 English 0
631 349 640 349 640 416 631 416 English 0
442.7557682902989 440.71229359813447 429.081764098446 444.2507159306063 419.91154392046155 408.8175387368806 433.585396999988 405.2791370000051 Manipuri 0
430.9593456305447 467.04082841394234 419.01589963323204 469.92388680492434 410.8664465207403 436.16863855627145 422.8097590000107 433.2855970000003 Manipuri 0