317.3762029103091 183.6045729922199 313.16493099999207 205.147344999971 201.23812495694438 183.2674704461556 205.4495219999808 161.72486599996807 Manipuri 0
323.2234242188133 207.07771249788806 324.507281000042 186.46109799999434 400.00575476762606 191.1623279133082 398.72202018996177 211.77882638371256 Manipuri 0
485.33536502225616 209.40381812239428 482.7716655281256 229.74891240758296 402.72703318754793 219.6624624993763 405.29084399997373 199.31749899998573 Manipuri 0
482.7988465286762 272.4372273022667 488.07378496021556 232.78006727077798 625.9651025069616 251.1200247465497 620.6907604198932 290.7766413719723 English 0
318.37841264037706 245.45824883989266 325.7593503332464 201.77739908643704 490.0463394174585 229.5358391212804 482.66613022075035 273.21603612696373 English 0
50.730251999921165 197.52603499998688 58.47784850622702 156.48371645740588 317.3053519952373 205.33964828057745 309.5586773407558 246.38115275918454 English 0
170.25783097124076 240.58332186951708 173.84341254044557 222.3391697393647 283.2778492390935 243.84534973873374 279.6924767451128 262.08931816181456 English 0
354.60192517988617 254.20818920899484 350.7324789999984 275.58234899997245 281.1014289211744 262.97709903897703 284.9709869999788 241.60308400001935 English 0
353.3655512507539 269.5481420950467 356.32174955935625 251.4494007536965 437.71880378240894 264.7436380617734 434.76277215755545 282.8422310686824 English 0
523.3529615039879 279.68674807449673 521.1725026419299 294.4093985821951 435.0272795714409 281.6513908878017 437.2078480000346 266.9288740000336 English 0
361 287 370 287 370 301 361 301 English 0
243 267 254 267 254 283 243 283 English 0
395.15644094135496 289.3705288875634 393.62040799998795 304.706998999991 370.11615981136856 302.35302131901966 371.65222800002084 287.01659100001444 English 0
361.26975871979084 285.13139496945666 358.9117360000091 301.52750799999177 334.2841697872791 297.98584091214656 336.64222899999004 281.589772000017 English 0
337.69446663376584 281.0697274613317 335.35081199996057 296.6529820000267 301.6021271696809 291.57754990706025 303.94582799999625 275.9943520000096 English 0
252.78868427922134 284.4155656953129 255.61272999999346 268.06389000000826 297.12453455846116 275.23280511885775 294.3005698356137 291.5844089187949 English 0
213.60126833431423 275.9090165561705 216.82060400002229 261.8267869999879 244.1725901637983 268.0793667567827 240.9533005917183 282.161556277651 English 0
212.41406114371784 260.89219085351283 210.80995399999665 278.7427519999819 184.4664721073059 276.37551362496674 186.07062157447217 258.5249995236672 English 0
170.35052710845775 256.03607816250747 167.53946999997424 271.01342700001516 141.11359216854908 266.0538287578496 143.92467899997428 251.07651900003498 English 0
172 256 183 256 183 272 172 272 English 0
130 252 140 252 140 265 130 265 English 0
423 290 460 290 460 313 423 313 English 0
464 297 512 297 512 320 464 320 English 0
597 314 640 314 640 337 597 337 English 0
415 357 453 357 453 379 415 379 Manipuri 0
542.4844324440346 368.76605956621233 541.2379499999952 389.7208420000101 456.1238197419152 384.6577711196204 457.3705360000167 363.7032379999798 Manipuri 0
537.336579059629 576.8223135290076 436.25937072880333 577.2320294478161 436.16940899999463 554.925736 537.2456689128012 554.5160220027535 English 0
474.18061274009233 575.8861265180132 474.9937299999874 591.3946739999689 445.11183554292074 592.9608396845324 444.2988239999977 577.4523929999726 English 0
535.131507947226 575.482456141476 535.7330799999909 590.9884079999803 479.59245289850514 593.1654507736654 478.9910769999551 577.6596879999773 English 0
262 607 315 607 315 639 262 639 English 0
325 605 366 605 366 634 325 634 English 0
376 604 439 604 439 632 376 632 English 0
450 601 502 601 502 629 450 629 English 0
178 609 231 609 231 639 178 639 English 0
74 609 147 609 147 640 74 640 English 0
217 506 413 506 413 576 217 576 English 0
6 411 408 411 408 529 6 529 English 0
16 610 66 610 66 640 16 640 English 0