284 201 449 201 449 266 284 266 English 0
176 185 272 185 272 254 176 254 English 0
271 249 310 249 310 276 271 276 English 0
314 255 387 255 387 288 314 288 English 0
389 262 449 262 449 290 389 290 English 0
185 166 222 166 222 187 185 187 Manipuri 0
225 173 281 173 281 197 225 197 Manipuri 0
192 299 213 299 213 314 192 314 English 0
218 297 254 297 254 315 218 315 English 0
247.349635999999 336.7206279999846 248.11595345010574 311.367724244206 336.2671711618168 314.03165203869 335.50113226418034 339.38428474915474 English 0
244.85468468643376 313.46167925978443 245.26418052599183 336.8851043122191 200.9886489999917 337.6589029999969 200.57928085392632 314.23560363985996 English 0
331.9273859093664 340.4744811461995 331.81342947755184 352.6111384769839 285.19369641413505 352.1732665269383 285.3077250000206 340.03668199999396 English 0
232 357 247 357 247 369 232 369 English 0
216 357 231 357 231 366 216 366 English 0
194 356 213 356 213 367 194 367 English 0
163 356 191 356 191 369 163 369 English 0
139 354 160 354 160 365 139 365 English 0
127 354 138 354 138 365 127 365 English 0
251 357 264 357 264 370 251 370 English 0
295 359 315 359 315 370 295 370 English 0
239 370 272 370 272 381 239 381 English 0
169.7408813866059 368.7603883453813 169.50645583106962 376.2677771806095 118.81852185782918 374.6849545634517 119.05299831210868 367.17761831847383 English 0
170.2566310000111 375.45475799999366 170.733820120804 368.14142506061387 206.60264600002847 370.48152599997604 206.12549549157848 377.79482247312774 English 0
206.71104499997455 377.38053499998546 206.83277803131205 371.8409183748404 235.21499700000277 372.46450699998 235.09328636035207 378.00410170338796 English 0
318 361 327 361 327 370 318 370 English 0
267 359 283 359 283 370 267 370 English 0