191.19602799997665 344.08593400001257 190.70849187337444 304.93859825992513 399.7231840000313 302.3336140000241 400.21169140825805 341.47996575051246 English 0
146.07920100002957 375.27927200003063 146.19312638329575 350.74034749285727 241.1826743230631 351.18083657576983 241.0690653398342 375.719446961393 English 0
245.76306199996907 373.7154640000073 246.50326753253466 348.11644874034914 335.1230470000155 350.6783020000181 334.38315584906377 376.2770114020978 English 0
337.7986190000229 371.4824820000231 338.4802074919571 345.96137467086965 425.2465040000243 348.2780340000015 424.56521958767553 373.7988457952536 English 0
168.4873840000364 302.6732019999923 166.08814797204104 228.1791706974431 426.2111619999632 219.799397999966 428.6122185799468 294.2915431249212 Manipuri 0
462.5241680000181 311.25634900000614 463.7113817639329 286.5674857124528 530.5536220000067 289.7813679999678 529.3666013474285 314.4700461086254 English 0
546.1975552255171 287.60491328068264 464.19365999994625 284.83269799999937 465.13648385931447 256.9520511073247 547.1399151653168 259.7242585268405 English 0
544.0938037849264 256.7572074426386 464.588545000006 258.29756600000013 463.97497713463963 226.6175124412972 543.4797829690069 225.0771582743766 English 0
563.8644666624168 320.1221377477465 561.9724310861784 349.5782835271749 508.92193799998495 346.1707430000167 510.81415359687526 316.71479082185533 English 0
511.30326990598405 318.9520134511121 508.8488434840838 345.5321572250418 462.4690189999819 341.24956500001184 464.92358132454683 314.6695733037942 English 0
64 241 156 241 156 274 64 274 English 0
61 270 101 270 101 303 61 303 English 0
393 366 458 366 458 397 393 397 English 0
84 305 113 305 113 330 84 330 English 0