156 254 304 254 304 315 156 315 English 0
314 270 417 270 417 328 314 328 English 0
427 283 512 283 512 338 427 338 English 0
153 171 317 171 317 257 153 257 Manipuri 0
324 187 435 187 435 261 324 261 Manipuri 0
443 209 539 209 539 272 443 272 Manipuri 0
287 580 356 580 356 612 287 612 English 0
563.8671181398968 541.1499054691889 515.31739500002 541.8581119999997 514.2529451446899 468.85477781854314 562.8013369999826 468.1465809999997 English 0
608.4221651004191 518.3406298606625 563.7550390000251 518.7119940000001 563.1011065321218 439.9936189052007 607.7669759999844 439.6222600000003 English 0
637.9046558858681 361.1369176773801 657.8792162158061 392.24027477553193 599.6040576877567 429.65977416923437 579.6298570876388 398.55673364353413 Manipuri 0
597.8873649755405 388.2954999285938 617.8541896710522 418.3102972038801 563.3227860990883 454.5811697430977 543.3563087438961 424.5666800713851 Manipuri 0
558.1468044062785 415.47344071517455 580.2673418950144 440.68325309505053 526.4249524859042 487.92012299051635 504.30473159154644 462.7106124813508 Manipuri 0
437.919297989647 438.016033195199 458.58383426922956 453.69019326452536 420.6714165165613 503.66490804945227 400.00703013385646 487.9909200813722 English 0
380.3347980000399 535.2868730000229 365.4294838791975 521.7763183326279 391.1805050000112 493.3726249999799 406.08569525938947 506.8830804760483 English 0
306 555 338 555 338 572 306 572 Manipuri 0
566.7848716201115 528.2183976360192 577.7352109999629 551.8336600000027 546.1818350451358 566.4614150636111 535.2316921304009 542.8463197185982 English 0
595.6215763920773 518.0126663738966 604.9933310000051 542.3322079999847 579.6926759127382 552.0798165858146 570.3210760000366 527.7604059999964 English 0
600.4545198507549 514.637162078585 612.7306320000207 508.6506280000036 624.2088864510151 532.1834573967353 611.9327940080257 538.1699609652425 English 0
610 427 633 427 633 493 610 493 English 0
409.9064031558373 466.82353492541125 395.7825584427337 466.94923951014607 395.4568634359748 430.350480812096 409.5805349999864 430.22477700000013 Manipuri 0
392.09094243233267 489.5161628017658 379.8047893936746 489.4246312072652 380.0635998729558 454.700930964236 392.349602999966 454.7924619999997 Manipuri 0