33.36009500002547 393.70152199997614 25.44405710308638 303.6202198857265 243.94189699996787 284.41908299996675 251.8601829122781 374.4979000220257 English 0
235.56530399997428 372.823276000006 227.00814886702574 270.24623727706364 433.5810700000002 253.01351000002697 442.1404713890661 355.58806073671417 English 0
425.5537980000372 359.447074000011 412.91430009441683 250.21790649208242 627.3841330000141 225.40055600002864 640.0258541922813 334.62718249258774 English 0
235.96645015168178 412.2819123912313 233.90333651535911 453.7863927871271 112.12409200001275 447.7322240000091 114.18797098893265 406.22855226665706 English 0
247 395 343 395 343 451 247 451 English 0
364 393 424 393 424 445 364 445 English 0
82.89021600001433 290.0418789999775 76.82133016940497 205.58192543763911 249.3549350000103 193.18436000003084 255.4250340830913 277.6429810608348 Manipuri 0
243.5195489999751 259.50125999999943 234.40221184187976 195.04393708900253 394.3575989999954 172.4187399999981 403.47562952512817 236.87522668207606 Manipuri 0
395.07560599995486 237.62014699999497 383.74979796572006 163.27764816695404 578.2185439999739 133.65091499999352 589.5451750885695 207.9924030044504 Manipuri 0
95.22191199997906 163.38949600000217 91.08932489063591 140.22187570038147 153.41525349802396 129.1044217678554 157.54790266808413 152.27196278704153 English 0
152.7979690000211 151.28501000000648 148.84567834269546 129.90073428785402 244.61534595335252 112.2004163997212 248.5677145664522 133.58458948695778 English 0