103 177 162 177 162 211 103 211 English 0
57 98 91 98 91 116 57 116 English 0
89 108 121 108 121 127 89 127 English 0
123 116 160 116 160 138 123 138 English 0
350 313 405 313 405 335 350 335 English 0
332 292 420 292 420 320 332 320 English 0
331 282 352 282 352 294 331 294 English 0
352 284 372 284 372 296 352 296 English 0
373 284 427 284 427 305 373 305 English 0
84.44956494720827 172.43157113734028 75.59333920326026 194.75980126125984 21.252905521396315 173.2066729009138 30.109164000023156 150.8785260000062 English 0
214.57479693330242 212.89754906899856 206.15796926453186 233.27953011063713 160.41335583096952 214.38962433943558 168.83021200002986 194.00772299999147 English 0
174.5645992932259 67.27040094068114 170.54710099997465 79.19560999999052 142.7687392081134 69.83734321262176 146.7862420000165 57.91214299997772 English 0
65.90194647033059 91.98087454569823 78.90349200002674 53.54666799999352 243.59245479674428 109.25713018224468 230.59120429119503 147.69108567587068 English 0
64.92582063743612 94.00306370584481 32.04392394000024 87.72249883262374 40.83809100004146 41.68102800000157 73.71991200219782 47.961585442951545 English 0
39.80472838375135 34.347248686808314 44.44535399998131 18.905668000009847 78.69744688250648 29.19936827738532 74.0568290038209 44.64094229734811 Manipuri 0
343 271 373 271 373 285 343 285 Manipuri 0
375 273 394 273 394 287 375 287 Manipuri 0
394 275 419 275 419 290 394 290 Manipuri 0