361 279 414 279 414 322 361 322 English 0
254 257 358 257 358 326 254 326 English 0
182 240 253 240 253 293 182 293 English 0
453.6390103341546 337.1204708476065 462.9683450000448 303.1392789999726 553.1169239897281 327.88681170837384 543.7880475965358 361.86761040468235 English 0
222.13333645624516 234.6827400979401 229.41689100000076 204.38079500002976 329.6756099787308 228.47839283990825 322.39236701141635 258.78006819278136 Manipuri 0
324.64949186949525 261.7387660685426 332.32533700000204 227.9322169999998 409.0838008638093 245.35945695304432 401.4082452463481 279.1657541637901 Manipuri 0
412 258 465 258 465 290 412 290 English 0
467 270 508 270 508 297 467 297 English 0
47 387 74 387 74 410 47 410 English 0
79 392 95 392 95 412 79 412 English 0
56 408 86 408 86 425 56 425 English 0
108 420 125 420 125 431 108 431 English 0
90 414 105 414 105 430 90 430 English 0
194 311 253 311 253 360 194 360 Manipuri 0
68 287 193 287 193 349 68 349 Manipuri 0
326.6017478691356 502.02008181493557 336.66545673469955 514.6015458578369 303.33989888567885 541.2525798612361 293.2763023465668 528.6712197536186 English 0
317.01590343232965 478.4951930332022 330.850221850269 497.4417231554163 278.43323811976006 535.7077385466863 264.59917609936383 516.7614400032127 English 0
328.4598184600327 449.8294632185968 336.9368306594697 458.850145061933 314.22871776921966 480.1861682919481 305.7517553256912 471.16553502265566 Manipuri 0
310.9008201875986 466.85883038298084 317.4787777337042 475.95633553996595 285.73832611531543 498.9022123904581 279.1604395482136 489.80477118088777 Manipuri 0