51 222 333 222 333 352 51 352 English 0
338 281 535 281 535 392 338 392 English 0
537 317 640 317 640 413 537 413 English 0
214 200 350 200 350 271 214 271 Manipuri 0
353 232 452 232 452 294 353 294 Manipuri 0
454 252 555 252 555 306 454 306 Manipuri 0
137 327 279 327 279 390 137 390 English 0
278 357 376 357 376 405 278 405 English 0
374 376 486 376 486 426 374 426 English 0
487 394 613 394 613 448 487 448 English 0
508 480 603 480 603 526 508 526 English 0
2 387 18 387 18 424 2 424 English 0
14 388 50 388 50 435 14 435 English 0
48 397 129 397 129 446 48 446 English 0
128 411 146 411 146 441 128 441 English 0
233 425 267 425 267 466 233 466 English 0
146 410 180 410 180 448 146 448 English 0
181 418 198 418 198 454 181 454 English 0
196 422 232 422 232 459 196 459 English 0
269 434 286 434 286 468 269 468 English 0
284 437 339 437 339 484 284 484 English 0
336 446 350 446 350 480 336 480 English 0
349 445 392 445 392 487 349 487 English 0
391 460 426 460 426 495 391 495 English 0
424 462 442 462 442 496 424 496 English 0
438 468 472 468 472 505 438 505 English 0