77.341740999982 320.63459499998476 64.84828394182841 279.1787383426181 239.01012114780315 226.6937408427101 251.50401667116967 268.1488301541489 English 0
356.30999291963235 197.25214407463764 364.65649905490864 246.60593915036284 256.1050560000149 264.96220899997536 247.75907332252245 215.60887619712648 English 0
76.27341300001717 344.5629819999806 69.69575136383355 324.37781077496817 176.8123762126197 289.47421938467784 183.39017876511207 309.65912351155674 English 0
184.36404200001562 311.78364900003135 177.57423094924889 289.62446274509836 319.0626589893509 246.27258260714544 325.8526606968371 268.4314274590629 English 0
245.05308043961122 209.29464582617322 226.18484900645853 214.74859870135867 223.4982590196887 205.45444981244185 242.3664640000061 200.00050100000263 Manipuri 0
263.19899728252494 203.00073313348148 244.99564412944892 209.20318224273953 241.96972936377279 200.32276374719208 260.1730590000079 194.12031900000517 Manipuri 0
299.9270601781609 180.98403276471115 302.84254871345183 189.7106535223594 264.98643300001277 202.35764499997265 262.07097362930654 193.63104899791236 Manipuri 0
347.9396755541529 165.45979711847684 351.1579770947719 175.14872118941824 302.1223189999728 191.43607200001702 298.90405652586196 181.7471811263189 Manipuri 0
349.2255326729355 162.72467219471537 360.2441940000426 161.3511909999974 361.61666205036454 172.36149934953457 350.5980009029008 173.73497959399683 Manipuri 0
281.2982380000176 307.050414999975 276.18212192908686 289.43412860050523 360.2020449999691 265.0342959999809 365.31825767844566 282.6504182124195 English 0
358.9266782008053 238.23708439763965 364.763029906826 261.3071289064786 329.1887719999795 270.3063030000229 323.35251307231374 247.2363383372366 English 0
78.50129600003129 362.92947600001247 74.90834858836024 350.7939911291104 113.37152599997353 339.4071940000174 116.96451028088632 351.5426154390975 English 0
115.18420190695906 335.69807888121005 129.04321599999093 334.40512900000135 130.54937780827458 350.5481479730295 116.6903640912642 351.8410951780702 English 0
130.15925699997752 348.26788200000743 126.4408521666337 335.69012338175924 189.1290232060419 317.15875022934074 192.84748703685182 329.7364071926776 English 0
278.84739319946675 290.1584159644548 283.23667826385645 304.34487495659215 202.97730899997987 329.1748959999953 198.58818485408847 314.988574078737 English 0
131.74988899998425 368.5352440000254 129.1527900959045 359.1385619504556 159.66547578420432 350.706092441741 162.2625991163659 360.10273472787816 English 0
188.73692272405606 341.5098792156653 192.01853913953528 352.5600190376096 163.43943907006178 361.04644086836237 160.1578729999892 349.99634399999024 English 0
225.97656661579094 343.17155645430466 193.87954601210367 352.8385412122805 190.46431372371444 341.4998762319544 222.56124399995315 331.83290600000254 English 0
263.5833719999937 331.81541599998695 260.8343571276055 321.98040821209815 303.84556899996824 309.95904499997795 306.5946157763392 319.7940003776122 English 0
78.36644700000761 506.76588100000095 70.40673404393601 482.7871720465672 111.67007099997136 469.0922209999924 119.62988084720564 493.07074026134165 Manipuri 0
186.91702757234452 538.8635193420974 171.98928400001023 571.3147459999905 111.48248680779943 543.4868579644997 126.41034200001741 511.036066000014 Manipuri 0
177.12404779573262 532.1627979258859 209.03583104030986 532.6172565497405 208.2750268185191 586.0282593387622 176.3632436732587 585.5738057706192 Manipuri 0
208.0496839999978 553.1837670000002 234.05578074569348 552.7798562650905 234.7848100000556 599.7075899999995 208.7787133508391 600.1114966707822 Manipuri 0
136.93369372063898 597.9262960629051 122.72901638541953 597.917244804022 122.75481907352514 557.6440525469819 136.95925064675976 557.6531037275796 English 0
129.38525341422064 594.2868677119519 139.8685139999725 565.0625669999765 181.5983360435348 580.0279782494887 171.1154092095967 609.2519957422253 English 0
162.23327477899147 605.0145626158843 173.14807599999767 580.8508759999942 213.3859658287838 599.0215786150184 202.47144578417647 623.185026379329 English 0
204.68047399997886 595.8359469999996 226.0275115155673 595.133269002628 227.31938199998694 634.3688449999997 205.97234479610051 635.071516687457 English 0
514.8972030000004 537.5227589999746 508.67912384172087 508.71971932531295 574.4454935930116 494.52447222551626 580.6638391234446 523.3271397683466 English 0
639.0154689776682 482.76468860374956 644.2849195547751 510.14898300955304 580.7388195176463 522.3741081784108 575.4697459998715 494.990145999981 English 0
379.40934300000663 556.282022000003 375.6869338341494 538.6203531685065 408.7077429999772 531.6622989999796 412.4302394913684 549.3238472311007 English 0
632.6474208523723 404.91792326696134 644.7146046176204 470.4699934783025 559.8507889504253 486.08886824228443 547.7846719999798 420.5377459999796 English 0
564.5281767530832 398.44594160705446 568.6833273975935 415.4876911583625 510.37067899997055 429.70342899998747 506.2157106185623 412.66183684184625 Manipuri 0
603.1769910000003 404.7447070000021 599.7152604528674 385.60736151447804 640 378.3210770000296 643.4618184748251 397.45830815402263 Manipuri 0
312.87467124500836 617.6304533935327 291.77579800001695 613.9003050000013 297.18879140426 583.2919425741374 318.28737799994997 587.0220649999977 English 0
108.93345566873904 622.3404164776963 68.16023039813444 624.9377704649138 66.52539993039682 599.2776328505876 107.29815099999541 596.6802939999993 English 0