406.83803513740713 245.1636074408571 404.3770951507031 275.6703266861326 335.613228000002 270.1231819999665 338.0743512101617 239.6166641424507 Manipuri 0
279.408573000037 305.7560100000004 281.89157529610384 263.17788186853693 465.52986319300544 273.88499261051686 463.0477504373994 316.4622758527821 English 0
229 204 245 204 245 216 229 216 English 0
246 205 268 205 268 218 246 218 English 0
229 214 247 214 247 228 229 228 English 0
249 217 268 217 268 230 249 230 English 0
227 226 269 226 269 242 227 242 English 0
227 238 262 238 262 252 227 252 English 0
225 249 270 249 270 265 225 265 English 0
227 265 268 265 268 281 227 281 English 0
227 278 268 278 268 294 227 294 English 0
227 291 267 291 267 306 227 306 English 0
225 301 268 301 268 316 225 316 English 0
225 311 266 311 266 329 225 329 English 0
232 327 267 327 267 343 232 343 English 0
280 313 335 313 335 339 280 339 English 0
348 314 397 314 397 341 348 341 English 0
397 318 443 318 443 345 397 345 English 0
305 344 338 344 338 365 305 365 English 0
338 346 370 346 370 365 338 365 English 0
370 345 402 345 402 364 370 364 English 0
224.00403531544725 224.99437424075364 220.6153287817142 265.3663226553929 89.90556504635606 254.3943978906904 93.2946990000346 214.0229209999913 English 0
74.51837954838993 253.17486818871464 8.92899699996633 247.83928999999713 12.391952407633653 205.27449211399022 77.98085894239193 210.61005081919933 English 0
71.33219858485973 257.714279347965 68.12209099996835 292.30527900001266 0.8005700300418539 286.05772535516695 4.010888999982853 251.4669619999654 English 0
73.44971600003191 291.45579800003105 75.20126193216129 259.2414550835248 134.0729749375896 262.44214600254446 132.32163442844467 294.6562934223507 English 0
219.7226076554216 268.70137108343476 217.11480599995411 300.58532300001434 138.8477524224436 294.1837602524384 141.45579199997883 262.3000699999728 English 0
49.93657099999837 309.97500200000485 51.46985063503962 292.6825918028734 100.41274644201621 297.02187131284074 98.87957011356775 314.3141855728278 English 0
44.80268654922838 294.9514791622004 43.11227726713696 313.21620533214355 0.28256300000066403 309.2524100000063 1.9730514796538046 290.9877716846417 English 0
164.4787979463581 299.5947156226606 163.8633480000135 318.55255099997345 105.19036092751776 316.6476531305185 105.80593400001817 297.6899449999819 English 0
62.55936599998677 332.5486080000162 63.470911143158446 315.50439336112925 119.20273099996848 318.4846370000314 118.29130667589197 335.5287364944147 English 0
36.56853401873377 334.09171697956145 3.7152489972504554 332.8529166110439 4.5196601651696255 311.52373180609123 37.372777000055066 312.76252900000094 English 0
73.76761677485774 205.01980400329364 41.48743559780996 201.4075765561774 43.31928321902524 185.0383388676692 75.59938800004602 188.65056200000146 Manipuri 0
76.72487099996943 208.58716099998225 78.57287092250772 188.84193622224885 130.22979571200267 193.67642291471296 128.38187862347695 213.42157098446683 Manipuri 0
131.17240976127505 211.76977725978688 132.85588200000348 192.65432700002972 167.30433433920552 195.6880457100027 165.62091602296277 214.80344587002998 Manipuri 0
168.0779380745662 216.50271747628707 169.35364799996023 198.26155999998576 224.68664056134003 202.13111663973334 223.41101436708414 220.37219524645306 Manipuri 0
41.64245685809874 182.91541996829142 39.92115719389403 201.74738878338033 10.962825000024168 199.10053199999783 12.684159511700273 180.26860200674713 Manipuri 0