269 212 286 212 286 232 269 232 Manipuri 0
394.5460818769061 170.50036974462668 403.8876985762181 195.74514129940803 301.507376479276 233.6284958543663 292.16600325300533 208.38393033031048 Manipuri 0
412.93969400001515 191.1790090000289 404.6456486315583 165.0935765429511 484.2874109999684 139.7713179999925 492.5815286787838 165.85661545456276 Manipuri 0
166.10266800002137 334.3766789999706 157.1309546327393 294.81645053877696 200.34975200003828 285.0157090000121 209.32160627060512 324.57573527089863 Manipuri 0
46.18400523431774 322.1045339847845 69.73779699997976 320.4748360000002 72.49181734085141 360.2749570693545 48.93802645347023 361.9046467989037 Manipuri 0
263.57363074414025 237.2420163726301 303.226582999996 232.04154199999724 310.7856723877194 289.6758467208549 271.132725947391 294.876291465965 English 0
313.5449289999815 282.4157570000279 299.5424380229815 226.19577697490212 410.49394100002246 198.56244999999436 424.4968116613745 254.7818493461007 English 0
421.29984400002286 254.67917699998392 405.85503110589343 194.64302217217298 497.60918899999524 171.0391509999871 513.0542939194856 231.07485510708625 English 0
508.0670643553458 256.21047160304835 436.64331975160167 274.8216128673658 431.2956973834662 254.29956169756292 502.71916800003964 235.68845799999767 English 0
390.5943709999701 286.3007409999667 386.33625219546957 264.996060396248 430.61646699999983 256.14630799998764 434.8746577561542 277.4508912504997 English 0
385.23910374671686 269.26091895374816 389.13823513117677 287.91730302250977 355.33192599999893 294.9822070000197 351.4328719752666 276.3258904352451 English 0
274.5868630000041 315.92096900000246 269.806438165906 295.5209376369215 352.15856700000586 276.2240049999809 356.9391221332626 296.62384590486863 English 0
556 108 596 108 596 129 556 129 English 0