165 353 237 353 237 405 165 405 English 0
241 351 321 351 321 407 241 407 English 0
160 410 276 410 276 466 160 466 English 0
150 470 222 470 222 486 150 486 English 0
226 470 264 470 264 484 226 484 English 0
268 468 298 468 298 486 268 486 English 0
300 470 331 470 331 488 300 488 English 0
205 490 239 490 239 508 205 508 English 0
159 315 215 315 215 349 159 349 Manipuri 0
217 315 249 315 249 347 217 347 Manipuri 0
252 305 300 305 300 347 252 347 Manipuri 0
155 511 182 511 182 531 155 531 English 0
188 519 206 519 206 533 188 533 English 0
210 512 227 512 227 532 210 532 English 0
232 512 260 512 260 536 232 536 English 0
281 516 303 516 303 536 281 536 English 0
306 516 322 516 322 532 306 532 English 0
175 532 213 532 213 550 175 550 English 0
220 536 240 536 240 551 220 551 English 0
240 535 288 535 288 555 240 555 English 0
290 539 308 539 308 553 290 553 English 0
386 22 487 22 487 54 386 54 English 0
501 15 615 15 615 49 501 49 English 0