239.87066422065254 39.92836417049705 239.57097499995143 102.70391799999024 39.852790642835316 101.74977210786777 40.15280699997675 38.97453799997764 English 0
473.7094285924104 35.63323278541608 475.5307960000209 102.85254100000313 249.9261572434625 108.9646010649952 248.1052049999562 41.74569099996919 English 0
220.55132136862085 157.44414617827658 220.64266900000803 209.71722799996982 148.54161448667583 209.84291311165993 148.45052380973357 157.57008703748403 English 0
294.91225036130345 157.21263165984402 295.71305999998003 203.07272399998456 223.0668028180662 204.3409574140813 222.26622100002714 158.4810900000177 English 0
360.48043035269075 156.06827061467425 361.3370399999985 205.12774100003367 303.1104512688762 206.14417572203484 302.2540370000206 157.0848970000257 English 0
366.2815209999826 158.10095099999984 462.63126768535585 153.18008288525493 464.8088185648521 195.81525409607957 368.45907300805266 200.7361083570969 English 0
231.9489388140937 215.92020650898067 230.9358603052533 259.994770713103 151.8129759522708 258.17571453396044 152.8263539999898 214.1014539999989 English 0
335.1311249964783 216.34307900372934 331.31963927313336 256.0218413734704 254.115524000008 248.60563600002692 257.92724621860543 208.92713846513874 English 0
282.00987329466443 288.6582600517516 219.20570959009638 283.8766675637246 221.15793222132197 258.2386960739192 283.9617680000083 263.0202759999977 English 0
284 258 302 258 302 286 284 286 English 0
301 261 347 261 347 286 301 286 English 0
227 282 248 282 248 315 227 315 English 0
246 278 275 278 275 311 246 311 English 0
279 281 300 281 300 309 279 309 English 0
304 277 348 277 348 309 304 309 English 0
178 353 250 353 250 388 178 388 English 0
251 348 331 348 331 381 251 381 English 0
450.8970050000062 387.05907900000676 449.7654231371416 347.56480440798833 544.9000946135493 344.8389371777545 546.0321727994597 384.3326995715794 Manipuri 0
179.65930850928999 31.221580632370653 178.7545140000293 3.483534000018535 250.17545541842992 1.153826712242682 251.08026162131864 28.89186070395606 Manipuri 0
340.208568137823 2.7989807986288713 341.61708017221827 35.80169391713318 255.2644760000112 39.487067000029825 253.8559871506004 6.484374540766485 Manipuri 0
303.1920358676143 336.3009840719149 302.6654029999918 318.16891899996557 395.2573617392045 315.4794420265371 395.7841919776547 333.6113035914111 Manipuri 0
438.41794960870175 313.66537711000194 438.31907512598264 332.89667518504353 391.1232780418504 332.6538541441576 391.2222610000026 313.4226650000119 Manipuri 0