225 177 285 177 285 210 225 210 Manipuri 0
285 190 318 190 318 219 285 219 Manipuri 0
319 202 400 202 400 243 319 243 Manipuri 0
82 189 108 189 108 202 82 202 Manipuri 0
44 201 115 201 115 226 44 226 English 0
118 216 133 216 133 230 118 230 English 0
83 225 144 225 144 249 83 249 English 0
62 221 80 221 80 235 62 235 English 0
22 214 59 214 59 231 22 231 English 0
175 216 317 216 317 278 175 278 English 0
103 380 158 380 158 405 103 405 English 0
161 392 202 392 202 412 161 412 English 0
108 364 165 364 165 385 108 385 English 0
213 342 266 342 266 374 213 374 English 0
266 350 353 350 353 386 266 386 English 0
353 370 368 370 368 392 353 392 English 0
319 253 431 253 431 304 319 304 English 0
457 235 523 235 523 267 457 267 English 0
523 252 537 252 537 266 523 266 English 0
463 306 486 306 486 327 463 327 English 0
486 312 531 312 531 334 486 334 English 0
421 414 464 414 464 437 421 437 English 0
464 419 524 419 524 450 464 450 English 0
455 445 519 445 519 470 455 470 English 0
417 437 450 437 450 457 417 457 English 0
392 400 402 400 402 407 392 407 English 0
402 401 410 401 410 407 402 407 English 0
461 327 531 327 531 351 461 351 English 0
159.48271889450552 295.7740970432486 169.84357799999998 251.25734499997782 434.26424280267383 312.79196883531523 423.9049633355171 357.30734984521524 English 0