167.25717090346734 203.4613124063373 200.87721223244444 207.3428135509892 190.46759178236243 297.50293926827237 156.84755599999335 293.621470999997 English 0
239.79261556865822 310.48503160691763 254.87604399997508 233.11219499996668 448.69773786158476 270.89349033739035 433.6161945882486 348.26466853119575 English 0
320.45392314998026 191.43971558564078 354.75634999995236 191.9792949999997 354.0273921127664 238.31948399577274 319.72496527239855 237.77990657593787 Manipuri 0
350.7095590910467 196.87441179475542 379.04124599997886 200.0930889999984 374.080821974203 243.75459762469666 345.74913699994795 240.535931999996 Manipuri 0
370.17753460364474 245.18487881753595 381.2298179999925 205.5924849999711 459.173718220045 227.34969201664086 448.12176320476283 266.9418047429124 Manipuri 0
570.4234819763951 258.1222693383576 562.8334180000093 288.86335599997994 485.7698443021218 269.83675468323855 493.36006700003054 239.09590899996726 Manipuri 0
546.9031565924524 217.1234431555931 591.8773884564871 230.09626031492328 584.3612809999468 256.15204699999356 539.3870616633649 243.1792607678253 English 0
646.0664582136087 319.05939399590045 633.0961979999847 384.664674000031 500.8898882761423 358.52794055236916 513.8609780000115 292.9237690000166 English 0
382.5415230068029 355.61360083922835 376.4449590000004 397.7267400000273 259.03831267234636 380.73065387672284 265.13544000001275 338.61819500001735 English 0
591.854506519594 386.3926285028331 585.1463299999887 428.3596319999881 521.9522611586581 418.2591681308261 528.6607599999843 376.29256499998564 English 0
425.2383086177724 410.7621614373527 369.74734376395645 404.26096366347855 375.71268679552304 353.35305096535757 431.20285799996054 359.8542019999994 English 0