208.94098134282103 207.50810292798002 206.96655871652183 232.95409483713829 164.7952300000179 229.68191200001127 166.76973250418087 204.23600754236145 Manipuri 0
238.7183739104512 214.92805719359205 236.4884296116361 236.1445712403912 204.6743350000179 232.80083200000107 206.90432888157375 211.58437425474148 Manipuri 0
124.84931861923542 250.15060276787707 123.17436827142956 279.81737125398035 9.025190000029397 273.3721819999838 10.700450161311892 243.70574373070508 English 0
124.4627500000206 284.4326170000074 126.99548490672896 247.2682529282196 216.98372799997742 253.40036099999412 214.4513488078519 290.56438989281537 English 0
348.23175412631826 274.7018666639748 346.8379186963284 304.5250139199003 253.8821590000589 300.1802290000146 255.27627614959783 270.3573781333949 English 0
430.8219853927585 276.9473414611522 429.81805414063274 314.09327841604704 347.3843739683798 311.8649704606078 348.3886309999798 274.71936800002396 English 0
480.0968611755525 320.7387297570753 429.3054822359409 314.32892428502845 434.11496090862784 276.2228810556265 484.90591000001587 282.63265899999914 English 0
342.15879905212205 248.3231471186579 339.9319099907734 273.7389445934722 273.3571070000471 267.9057789999948 275.58414278173586 242.49014480037926 Manipuri 0
342.20338099999935 270.8516460000002 342.7170080124779 250.7183732273134 410.083929663233 252.43675326297398 409.5704379241215 272.56989405735806 Manipuri 0
458.6146977759927 257.34567921009796 455.9387780378165 282.8057118172071 409.01286628730304 277.8737681151698 411.6888910000125 252.41385499997187 Manipuri 0
31.385269753809553 319.6964162971284 30.95311761375342 331.8508973893682 -0.3194236031413311 330.7389958189827 0.11277279823843855 318.58456033156483 English 0
30.214546999995946 330.8351950000332 31.060533658455824 320.22562365771853 53.25745000001916 321.99540899997305 52.41149403656891 332.60495165118573 English 0
53.78893300003256 332.24042099997644 54.630322521115886 322.15356357232565 79.34194959045271 324.21468605595174 78.50059283482551 334.30151292374825 English 0
111.59704569159658 325.4456310033487 110.7460484305193 337.0913287971876 77.26040164910955 334.6445058519099 78.11144300001615 322.998856000002 English 0
110.08438700002444 336.0122269999905 111.61101886995311 323.82733285417993 138.19951460362063 327.15828416016177 136.67292709978938 339.3431380390829 English 0
168.19340699999884 337.8295620000158 169.53167636384023 326.70483766119077 205.09922400000505 330.983097999997 203.76100912108086 342.10777272176296 English 0
283.60539018591226 300.1741572759648 299.957945999995 304.486718999994 294.47549571712443 325.27380594200076 278.1229439999879 320.96125499999505 English 0
296.07411600001797 322.3117280000346 297.69104690458335 306.9296574750085 329.10723400003917 310.231786999969 327.4903653029469 325.61380044799125 English 0
340.27937097562244 330.1755153988651 326.5774238404265 327.76223827212345 330.5653628143773 305.1217284614364 344.26723700002185 307.5349990000021 English 0
374.3233881816559 312.30269555915083 372.3721321616176 330.8672380242707 341.86886646115454 327.66129981482044 343.8201819999813 309.09682500001634 English 0
371.4578900000197 328.08979800001964 374.19458478834713 308.51721989275944 405.6208499999775 312.91098200001807 402.8842374737724 332.4834860175144 English 0
401.8735690000176 330.2140720000166 403.32192244422913 311.0765300302659 458.529383999994 315.2542660000267 457.0811663270433 334.3916806731015 English 0
251.33275899999717 347.1041309999799 252.60356615566707 331.70229004789655 300.7820930000162 335.6770620000112 299.51138721822645 351.0788084853101 English 0
322.54278754015104 339.03666390743206 321.430710351633 352.8254338035524 297.97235799997 350.9336090000239 299.08447305067966 337.1448807350765 English 0
322.1116659999825 350.7893969999925 322.56994604642387 339.6994372487688 347.7907439237606 340.7415423478876 347.3325012675923 351.8314661267809 English 0
346.0279779999837 352.7668320000124 347.30782393759 338.431700823169 381.78908000001684 341.50988400002734 380.50930310630065 355.84495107748944 English 0
408.94256009232777 343.2911788093949 407.69792551887804 358.10122398572423 378.69316600001184 355.6638100000175 379.9378512748808 340.8538208881936 English 0
477.76288653345546 361.7862869757589 441.90990706236335 359.0218940865751 443.01751152168436 344.6589813362997 478.8703560000431 347.4233690000012 English 0
601.8712118001713 363.03242483317035 601.2184594458813 373.6990049763495 564.576847743374 371.4567916791365 565.2296499999647 360.7902650000176 English 0
616.1925508623244 315.95163166730936 614.8272682941752 337.385022807183 586.7868350000208 335.59893799999224 588.152185363142 314.1656197431478 English 0
640.9214780926413 316.8504429097892 639.2504128627479 335.9292051750591 612.7286920000188 333.60634999998604 614.3998125279177 314.52764960009443 English 0
615.3298168280162 245.0732484660395 642.3391878529947 246.6456414046284 640 286.8243889999999 612.9906295020919 285.2520023188273 English 0
625.1749122825277 377.38717176393294 600.7061976893601 374.17440043958186 602.317749555441 361.90228813739463 626.7863819999911 365.1150539999978 English 0
635.4891915363987 377.18419403024313 627.8298332451232 376.5547479176823 628.9834702152439 362.5184421055929 636.6427990000375 363.14788700000287 English 0