190.43390500002715 339.5760680000327 191.31298910862824 300.4355509559762 400.29116700003215 305.12667499999424 399.413085164706 344.26621082108426 English 0
144.25592999999935 369.1758490000126 145.2262587781297 344.65585165012413 240.1424977499846 348.41115306925354 239.17249136160535 372.9308403275719 English 0
243.9336419999745 371.09190999996645 245.56687486525334 345.5343182355324 334.043176999985 351.1874000000314 332.4102662586665 376.7446872626632 English 0
335.99106399997254 372.07228299998894 337.56300283690507 346.5904948707846 424.1955009999947 351.9338570000286 422.62387655435305 377.41534824401293 English 0
169.18437799999083 297.3960429999917 169.3865338771866 222.86361483926197 429.6434120000049 223.5671540000284 429.44314096566814 298.09770045966314 Manipuri 0
462.74249499998405 316.2356979999806 464.7906849818537 291.60329322144685 531.479973999958 297.1479920000221 529.4319859591633 321.78020823530005 English 0
547.1903476109583 295.5186589397278 465.3331420000177 289.8864069999982 467.2484178304876 262.0556601861465 549.1051505501673 267.6878957712458 English 0
546.164437615007 264.6163756410872 466.6538489999948 263.3812200000003 467.14628261084727 231.69906417607427 546.6564060334349 232.93421620141885 English 0
563.7116504241567 328.6328006065655 560.792676695055 358.00495997198664 507.8935069999716 352.74808199998125 510.81265566484944 323.37612009297845 English 0
511.2233085487969 325.62903273754716 507.8426667951135 352.1073132854532 461.64063199998054 346.2087179999642 465.0214042978041 319.7305916309624 English 0
66 232 159 232 159 268 66 268 English 0
62 261 103 261 103 295 62 295 English 0
391 368 457 368 457 401 391 401 English 0
83 297 113 297 113 323 83 323 English 0