297 103 327 103 327 120 297 120 Manipuri 0
388.1187426388351 104.72737043854087 388.6519155430142 120.81113561164318 332.22168566710025 122.68167588082314 331.68855227559106 106.59794867993355 Manipuri 0
283.5379231918341 159.3423104553171 295.51309990900336 112.99611985414353 379.59947499999544 134.72243600002972 367.6245559380186 181.06840330697295 English 0
577.0072969380271 171.45801996408878 385.1569395619299 172.6843705559897 384.8582912472921 125.88462245696108 576.7076629999792 124.65827500000003 English 0
375.706938000003 193.50452199996835 378.5019569888391 172.4628626398967 420.52778500001295 178.04509900003575 417.7328343100089 199.08669648869778 English 0
422.8699770000094 196.97782599998132 424.3017027172755 175.9684879574003 505.82873300001665 181.52400699999188 504.39713557541836 202.5332240490569 English 0
583.8640437071444 199.04855887108795 510.51070500005153 198.55432200000018 510.64818510865734 178.16624059246888 584.0013140092924 178.66047675663657 English 0
311.53118123118475 237.27667478277198 330.8275819999835 236.3100410000011 331.3581809731113 246.90165341097895 312.06178027714486 247.868286270791 Manipuri 0
371.3593714329181 232.2162572849571 372.79733086324995 245.43459598409132 334.44219918012095 249.60679107544638 333.00428953203664 236.38849785520506 Manipuri 0
319.74302000002353 270.45292600003245 318.7701197731076 249.94919322900785 360.39475099998526 247.9741610000124 361.3677294112131 268.4778115138246 English 0
256 289 266 289 266 298 256 298 English 0
267 290 284 290 284 299 267 299 English 0
287 289 311 289 311 301 287 301 English 0
330.7470280564303 292.7170450612053 328.97649118691334 302.2363203978457 312.55927500002144 299.1829770000097 314.32982521422673 289.66371911327377 English 0
293.67251045849116 303.28894172944564 293.52636740761227 308.7579119125215 250.8759928170184 307.61815971758915 251.02216162864352 302.14921600410486 English 0
325.1839757898415 304.37981245655664 324.9697139010823 309.5931182731835 293.55301900002814 308.30194699997895 293.7672987472615 303.0886598550003 English 0
363.6189100000047 268.8344900000166 362.772199302417 244.43976924348104 448.9901739999914 241.4471299999891 449.8370771822374 265.84165150224334 English 0
432.85184699998354 299.438278000008 433.57917668712616 290.7229074622058 444.6094330000051 291.6433619999992 443.8821146887494 300.358721939741 English 0
354.17707400003565 310.4408279999681 354.22322236066975 304.736424794407 385.4019440178672 304.98859645032377 385.35581617274147 310.69297929974294 English 0
351.8907557595958 304.7956918587323 351.7606233072729 310.87050444862876 324.8312715922657 310.29362290198515 324.9614223410754 304.21882901342576 English 0
333 291 347 291 347 300 333 300 English 0
349 290 363 290 363 301 349 301 English 0