382.1628207440517 234.6524446161608 380.836141999971 280.6257810000313 223.9323154691374 276.09662662037425 225.2596579999954 230.12397399999736 Manipuri 0
304.60137566915364 286.15067013754447 303.2654090000142 335.5006950000196 178.8124719222833 332.13059095630126 180.14912500002538 282.7812709999881 Manipuri 0
353.35506268776953 282.76327227481954 352.62912833677547 338.8109348511259 313.45421267615166 338.30335412969083 314.1803970000183 282.25594399998704 Manipuri 0
431.3440128807997 289.011807032344 434.5341190000181 345.5052160000164 363.23489514383255 349.53047860243436 360.04529004399956 293.0375399159464 Manipuri 0
358.8933347805869 178.99134215345993 357.4797469999612 192.7287529999957 312.84038515710563 188.13536474429208 314.2540100000042 174.39799599996678 English 0
370.2180645316548 197.88303894011702 368.3963760000188 212.42533200001247 308.86260782754107 204.96769789769317 310.6843520000257 190.42547000000113 English 0
222.18773871325538 184.63304509936285 223.64854300001753 168.37143000002698 282.8864944465022 173.69265629536844 281.42575968566234 189.9542067507832 English 0
276.4402721755323 188.13827837384113 275.5047899999772 205.80305400000657 231.95950098670437 203.49697366023724 232.8950359999726 185.83225399999844 English 0
72 520 94 520 94 534 72 534 English 0
44 524 70 524 70 537 44 537 English 0
94 517 119 517 119 530 94 530 English 0
123 511 161 511 161 527 123 527 English 0
162 506 193 506 193 522 162 522 English 0
194 505 216 505 216 518 194 518 English 0
216 504 232 504 232 514 216 514 English 0
233 500 261 500 261 514 233 514 English 0
262 498 279 498 279 510 262 510 English 0
281 494 306 494 306 506 281 506 English 0
307 492 324 492 324 503 307 503 English 0
325 493 331 493 331 500 325 500 English 0
332 493 336 493 336 499 332 499 English 0
337 488 369 488 369 501 337 501 English 0
371 484 403 484 403 496 371 496 English 0
403 483 410 483 410 493 403 493 English 0
410 484 422 484 422 492 410 492 English 0
423 481 438 481 438 491 423 491 English 0
439 478 452 478 452 488 439 488 English 0
452 477 479 477 479 489 452 489 English 0
335 527 342 527 342 532 335 532 English 0
343 526 353 526 353 532 343 532 English 0
354 524 366 524 366 531 354 531 English 0
339 524 344 524 344 527 339 527 Manipuri 0
344 523 351 523 351 526 344 526 Manipuri 0
351 522 360 522 360 526 351 526 Manipuri 0
397 526 412 526 412 534 397 534 English 0
421 516 435 516 435 522 421 522 English 0
425 534 434 534 434 538 425 538 English 0
424 540 436 540 436 545 424 545 English 0
446 516 456 516 456 522 446 522 English 0
441 518 446 518 446 523 441 523 English 0
447 522 454 522 454 527 447 527 English 0
425 530 432 530 432 534 425 534 English 0
427 545 431 545 431 548 427 548 English 0
431 544 435 544 435 547 431 547 English 0
423 522 432 522 432 527 423 527 English 0
432 521 436 521 436 524 432 524 English 0
439 514 448 514 448 518 439 518 Manipuri 0
354 538 362 538 362 543 354 543 English 0
350 540 354 540 354 543 350 543 English 0
342 540 347 540 347 543 342 543 English 0
347 540 350 540 350 543 347 543 English 0
521 505 530 505 530 511 521 511 English 0
508 513 514 513 514 518 508 518 English 0
514 512 523 512 523 517 514 517 English 0
505 507 514 507 514 513 505 513 English 0
509 503 523 503 523 507 509 507 Manipuri 0
523 510 529 510 529 515 523 515 English 0
506 396 532 396 532 414 506 414 English 0
531 391 557 391 557 402 531 402 English 0
533 400 553 400 553 410 533 410 English 0
564 387 568 387 568 391 564 391 Manipuri 0
564 389 573 389 573 393 564 393 Manipuri 0
565 392 572 392 572 396 565 396 Manipuri 0
480.07518696482293 390.5592916373522 476.5955340000073 392.51896199999493 468.89061549591133 378.8393649632116 472.3702559999947 376.87969900000445 English 0
471.31050325631804 377.8243706736084 468.6508842174226 379.11642132679856 461.26810441921407 363.9209076415518 463.92771300001186 362.62886000000367 English 0
468 216 481 216 481 252 468 252 English 0