121.45316699999967 328.53739100002167 120.59748357154604 316.3004485891342 154.50335299996368 313.92967600002356 155.35908227117034 326.16656870782083 Manipuri 0
193.55759964018944 310.66391363285544 194.7586310841143 322.8553418319689 156.59291399999347 326.61481499999013 155.39194260010845 314.42344217471623 Manipuri 0
328.28818887537636 288.4114275136219 356.2106759999733 286.4590340000003 358.3684777480812 317.31715875302194 330.44599134089367 319.269545465615 English 0
129.1252330000134 380.9298399999849 125.36189901336911 335.7645201265425 365.87302699997963 315.72297399999377 369.6376412810787 360.8868796259935 English 0
385.38895087564015 359.79180284512984 389.95827339065727 409.36934414305114 103.43219025438884 435.7669167857663 98.86514295343659 386.1914818266523 English 0
43.24092568072956 327.02408295371725 45.512576999972225 342.93647999998757 15.703254506734083 347.19160500752207 13.431669999990845 331.27926799997704 Manipuri 0
45.58698400003777 344.0005480000334 43.59070655424148 326.6027700825055 93.6731310000323 320.85651800000824 95.66950231106603 338.25418748639845 Manipuri 0
19.89671300005284 377.8751279999981 62.663188876686036 375.4810142152905 65.88334763953753 432.9965125523964 23.116873608887545 435.3906055333688 English 0
136.52808125247248 251.56430713411962 137.27877156612522 266.53166621060427 53.69076800001494 270.72342499997364 52.94020495428413 255.75618761282578 English 0
196.0375097821816 248.47264128803087 196.04855347701232 264.1269638179132 139.8143529999652 264.1664409999744 139.8033932375256 248.5122023428175 English 0
132.95875935989898 263.5763961925612 133.71423086689902 272.59364500064726 93.73918099998264 275.94250200001164 92.9837484354357 266.9252894608598 English 0
150.18555625894805 263.4411758043804 150.8552809032699 273.01780247277554 130.9105940000154 274.41249399998674 130.24088969803415 264.83588646931645 English 0
168.21013073866197 263.250043078982 168.02660343448224 273.91426325939807 149.6201304483111 273.5974846006141 149.80367700001807 262.9332840000187 English 0
165.2897590000066 273.07774099998267 165.76985980107565 260.89347637846083 195.1121960295859 262.0495788381386 194.63213217175507 274.2338077812378 English 0
0 133.33879 15.223201 133.33879 15.223201 161.92710699999998 0 161.92710699999998 English 0