32 391 78 391 78 413 32 413 English 0
94 378 156 378 156 401 94 401 English 0
13 397 31 397 31 417 13 417 English 0
135 189 209 189 209 221 135 221 English 0
187 71 248 71 248 108 187 108 English 0
282 266 335 266 335 292 282 292 Manipuri 0
555 165 585 165 585 183 555 183 Manipuri 0
436.79795027070213 253.39380809560123 429.95676799997455 197.02595999999144 593.8361006326886 177.13648545076072 600.6779237865703 233.50356825026643 English 0
132.11679453881516 219.75199159444816 0 239.74601200000325 -5.6036741319258 202.7166115290352 126.51235901583277 182.72264957000095 English 0
36.94008099999337 261.1326690000318 33.701884361726115 243.58447466742314 84.4249512386159 234.22480929099325 87.66321180446539 251.77292043827194 English 0
112.1460880000086 250.46052799999188 109.22588494737283 232.02318757235136 157.72474899997178 224.34194000002262 160.64501635752094 242.77920030449852 English 0
12.734430999989854 394.1976890000291 0.45099008100805804 321.8524173801028 204.27905976881448 287.2457684790784 216.5640017406986 359.58914887174797 English 0