324 254 392 254 392 303 324 303 Manipuri 0
398 248 512 248 512 303 398 303 Manipuri 0
243 302 370 302 370 364 243 364 English 0
379 282 578 282 578 347 379 347 English 0
263 294 296 294 296 306 263 306 English 0
19 227 61 227 61 241 19 241 English 0
62 228 74 228 74 235 62 235 English 0
17 136 40 136 40 146 17 146 English 0
0 138 14 138 14 148 0 148 English 0
0 51 8 51 8 59 0 59 English 0
10 48 45 48 45 63 10 63 English 0
46 49 59 49 59 59 46 59 English 0
57 36 69 36 69 44 57 44 English 0
37 37 49 37 49 44 37 44 English 0
67 156 84 156 84 163 67 163 English 0
74 209 92 209 92 218 74 218 English 0
15.5794662230619 212.22443944771874 14.439472000012756 196.2742380000181 86.51096464884176 191.12314279468586 87.65103848534636 207.0732575496552 English 0
17.016376000028686 221.0497199999745 16.605362692353083 214.72664081662387 69.56618365751638 211.28409651494962 69.9772220232262 217.60714872266612 English 0
81 225 94 225 94 233 81 233 English 0
0 232 13 232 13 240 0 240 English 0