211 189 268 189 268 215 211 215 Manipuri 0
272 195 302 195 302 221 272 221 Manipuri 0
309 203 387 203 387 235 309 235 Manipuri 0
69 219 94 219 94 229 69 229 Manipuri 0
33 235 103 235 103 252 33 252 English 0
108 242 122 242 122 254 108 254 English 0
75 254 135 254 135 271 75 271 English 0
54 252 70 252 70 265 54 265 English 0
13 251 49 251 49 264 13 264 English 0
168 234 306 234 306 280 168 280 English 0
114 406 168 406 168 425 114 425 English 0
172 410 212 410 212 425 172 425 English 0
116 389 172 389 172 403 116 403 English 0
220 354 270 354 270 381 220 381 English 0
273 356 358 356 358 382 273 382 English 0
361 365 374 365 374 385 361 385 English 0
315 253 424 253 424 292 315 292 English 0
448 219 512 219 512 243 448 243 English 0
515 228 527 228 527 240 515 240 English 0
462 289 483 289 483 308 462 308 English 0
486 292 529 292 529 308 486 308 English 0
434 400 475 400 475 418 434 418 English 0
477 400 535 400 535 424 477 424 English 0
471 427 534 427 534 445 471 445 English 0
432 424 464 424 464 440 432 440 English 0
401 390 411 390 411 396 401 396 English 0
412 391 419 391 419 396 412 396 English 0
463 309 532 309 532 325 463 325 English 0
157.72701227571815 315.5168314495055 162.58519900002284 270.0692070000214 432.53370922015165 298.9205456662087 427.6770597389259 344.36675621730785 English 0