307 153 441 153 441 204 307 204 English 0
442 156 541 156 541 201 442 201 English 0
346 128 426 128 426 155 346 155 Manipuri 0
427 126 490 126 490 150 427 150 Manipuri 0
328 205 384 205 384 227 328 227 English 0
386 202 415 202 415 223 386 223 English 0
416 206 440 206 440 225 416 225 English 0
442 204 492 204 492 226 442 226 English 0
495 205 518 205 518 224 495 224 English 0
21 311 221 311 221 349 21 349 English 0
285 302 407 302 407 347 285 347 English 0
409 302 510 302 510 342 409 342 English 0
295 345 343 345 343 360 295 360 English 0
344 347 369 347 369 357 344 357 English 0
370 348 398 348 398 358 370 358 English 0
399 346 419 346 419 358 399 358 English 0
457 345 490 345 490 360 457 360 English 0
180 286 204 286 204 297 180 297 Manipuri 0
206 285 247 285 247 296 206 296 Manipuri 0