153 267 300 267 300 326 153 326 English 0
311 265 413 265 413 322 311 322 English 0
425 265 509 265 509 319 425 319 English 0
141 183 304 183 304 267 141 267 Manipuri 0
312 182 422 182 422 254 312 254 Manipuri 0
433 190 528 190 528 251 433 251 Manipuri 0
321 578 390 578 390 609 321 609 English 0
589.0009618330805 509.78247456318786 540.899231000003 516.4012130000024 530.9455565075041 444.0709317220935 579.0460589999566 437.4522790000028 English 0
630.4441252884135 481.7131435749781 586.1550259999785 487.52455900000206 575.9123358393845 409.47198124781676 620.200291000001 403.6606420000039 English 0
640.0003072049003 394.613802 605.5129023969494 394.613802 605.5132601512742 322.543196 640 322.543196 Manipuri 0
604.1391986190865 353.9205264266098 627.6148427427688 381.27838313220997 577.9103929587291 423.92442898986275 554.4350224726804 396.5668310847203 Manipuri 0
568.007024630715 385.73904171727713 593.0346974134591 408.0653535259189 545.350537189006 461.51166806976306 520.3231018638326 439.18560709210084 Manipuri 0
451.4229411238921 422.7656465644864 473.8434192989371 435.80486418956406 442.30413207675156 490.0271539263094 419.883755822666 476.98807511403004 English 0
406.12194200002705 526.3291949999982 389.68129862965725 514.7357205332622 411.77874399996654 483.4056099999912 428.21922027615074 494.99900091547175 English 0
336 553 368 553 368 570 336 570 Manipuri 0
590.3207775513874 496.5909218375998 604.0675080000074 518.6955860000045 574.5320009089482 537.0596779091601 560.7854391817818 514.9551613607879 English 0
617.6987117683893 482.94696911051403 629.9645140000212 505.94302700002794 606.0405120996438 518.7012689090606 593.7748450000072 495.70532700002417 English 0
622.0843524828524 479.00755006317075 633.5393900000054 471.56956500000047 647.8000048179092 493.5281508644716 636.3449952670635 500.96610069521194 English 0
625 389 640 389 640 454 625 454 English 0
427.129595455408 454.7725134394997 413.12631374501507 456.61831106928923 408.3427196059347 420.3318445630787 422.34583600002225 418.4860580000017 Manipuri 0
412.2124605375575 479.46716278046506 400.0067032864172 480.8733874578258 396.0317763472267 446.3767572603416 408.23738899998716 444.9705410000038 Manipuri 0