176.31399373640306 264.16362684956187 177.3113875981653 286.4647225776856 76.68299199998728 290.9643280000081 75.68583957901865 268.6634640329113 English 0
185.18599999995786 285.6434859999876 183.87134520155087 262.2486886520952 322.2873850000178 254.4700990000311 323.6023457443662 277.86457072584403 English 0
84.25451499999326 327.7183889999985 83.38246386512765 309.05273902000124 154.64069699999527 305.72360900000615 155.51289711555 324.3891021653343 English 0
210.05157734645763 322.5427987582148 160.89285800000653 324.730220000001 160.05531704431633 305.90681592181363 209.21382032051042 303.7193994934171 English 0
219.31812900002114 321.12110299999864 218.64713293260138 301.11307651966393 250.16498299999512 300.05613399999015 250.83604939303768 320.0640877218552 English 0
254.38826199999312 319.62352400003226 254.3691465905431 299.8923637286879 266.8667702152743 299.8802626740439 266.8859140043787 319.6113945184245 English 0
318.0096490483993 297.9410399299848 318.83187085026293 315.974961812997 270.9611479999876 318.15719999999305 270.139029400234 300.1233771696393 English 0
149.49499000002106 337.1414450000351 149.0080268199381 328.1322480069744 174.28293899996788 326.7661799999768 174.76992869153037 335.7753488367164 English 0
146 290 171 290 171 300 146 300 English 0
172.48955499999283 298.98731799999746 171.95860234758584 288.77185680400237 197.5221194572805 287.44324568382274 198.0530990337138 297.65867836460916 English 0
200.59795300003316 296.7913290000258 200.13567950823926 287.8582317299168 229.88996499996574 286.3185580000212 230.35226573869295 295.25162641946997 English 0
137.21576500000083 261.4485440000074 136.63327547321387 248.84087889662334 191.74712300002284 246.29456300001536 192.32967495569028 258.9021623873778 Manipuri 0
194.3598529999872 258.4393909999963 193.6973034623952 247.85530436176737 261.21983461060154 243.62850180184876 261.8824464431236 254.21252156767673 Manipuri 0
639.9999704224319 158.700308738974 641.9524930801708 188.88564515641036 557.4022919999697 194.35428500000398 555.4499469935399 164.16911663144774 English 0
620.1746718761569 193.6412945173514 620.3790112410206 204.84849558317038 580.5586020000192 205.57443800000846 580.3542963168002 194.36727000303853 English 0
640.000006318005 155.959051 629.407875865727 155.959051 629.4078850887308 142.75465200000002 640 142.75465200000002 Manipuri 0