102.24291160389839 194.9232368442244 118.75471200000902 134.98715400002237 333.1844021805591 194.05803041247282 316.67373071562906 253.99314181153355 English 0
329.06956564344 253.69614347859545 343.3930949999922 199.72537400000436 518.0341429875261 246.07130219302593 503.711669545155 300.04116338218165 English 0
655.3134060328011 288.69478249801864 640 340.53595999997117 508.84707327997603 301.7958491684427 524.160933000021 249.95544300001808 English 0
368 192 412 192 412 216 368 216 Manipuri 0
412 199 454 199 454 227 412 227 Manipuri 0
457 215 494 215 494 238 457 238 Manipuri 0
414.3730171863717 169.59316148679983 419.7333900000376 152.4185349999891 473.31934748035565 169.1428538273496 467.95904593549494 186.31741959180624 English 0
513.8164461155247 201.99164019359958 518.0359979999776 186.34750500000408 566.7249504178471 199.47950625991507 562.5054672529222 215.12358236525336 English 0
468.4840319660725 185.88459819369268 474.0571739999723 168.26480099999853 521.1212642932514 183.15077231483588 515.5481924798369 200.77050962306447 English 0
366.67823639392736 93.32837803704939 377.4381910000375 61.48253499998209 493.08784425906197 100.55745147627034 482.3280553947552 132.40315322141174 English 0
375.90352401421114 55.89799016664796 355.3928785472817 106.6449893555311 213.08959800000594 49.12943699997691 233.60032426804537 -1.6174741464550493 English 0
96 447 543 447 543 640 96 640 English 0
19.7689635126153 598.0565085013482 -19.19590374949621 588.4864712437776 17.76658545131795 438.02897816035596 56.72923217760399 447.59873049030574 English 0
646.16367571718 82.96490531980665 640 99.72899100001554 606.3437937806884 87.35460678324067 612.5074779999704 70.5905400000155 English 0
591.7475868434121 101.22946339584146 598.3553989999928 84.06330300000492 639.2087981392979 99.78897795219594 632.6010191158275 116.95511026489345 English 0
635.6081207948591 119.74823550365757 631.0454247566668 130.24514157535666 598.1671218881092 115.95403157461617 602.7298229999724 105.45714200001638 English 0
167 71 187 71 187 91 167 91 Manipuri 0
306.68531118652027 135.11996681216726 275.147217552294 125.43648008274964 280.99688796923147 106.38502592449927 312.53492899995763 116.0685039999926 Manipuri 0
257.355193724361 96.79351954207213 248.732547000036 117.84198099997035 216.73861957540794 104.73552095554525 225.3612759999669 83.68708699999735 Manipuri 0