5.212522000074387 185.6594149999724 15.044521302042995 99.04752405157673 393.327141279442 141.98574610070568 383.4973485188675 228.59560551476105 English 0
154.79861343592347 213.79017822487728 151.36677249567583 241.25831489022198 72.39499594230438 231.39168497269867 75.82699099999445 203.92372900001965 English 0
178.31938899995293 241.5607649999798 181.16310858567886 213.48158130753615 310.64975054352544 226.59428054092248 307.80637669202406 254.67314544294285 English 0
95.2816459586029 261.53669889060376 99.56331900000805 234.44745400001204 159.4386487223528 243.9107121202889 155.1571487703768 270.9998025137727 English 0
181.9947189999948 268.8231610000064 184.49249666715332 244.21692414082122 292.18480213057774 255.14779327961998 289.6873063279054 279.7537708124971 English 0
366 111 410 111 410 132 366 132 Manipuri 0
336 270 359 270 359 290 336 290 English 0
363 272 379 272 379 292 363 292 English 0
382 275 416 275 416 295 382 295 English 0
341 341 376 341 376 350 341 350 English 0
342 358 377 358 377 371 342 371 English 0
342 406 378 406 378 414 342 414 English 0
344 447 378 447 378 456 344 456 English 0
348 468 374 468 374 482 348 482 English 0
348 320 370 320 370 326 348 326 English 0
354 328 364 328 364 333 354 333 English 0
351 313 368 313 368 319 351 319 English 0
340 421 378 421 378 434 340 434 English 0
354 525 379 525 379 535 354 535 English 0
355 502 380 502 380 509 355 509 English 0
347 483 370 483 370 488 347 488 English 0
361 542 380 542 380 547 361 547 English 0
347 549 364 549 364 555 347 555 English 0
366 550 377 550 377 556 366 556 English 0