366.92139408609364 238.57632601608472 368.58582444052445 247.2917534293315 332.2955664787878 254.2219016383494 330.6311696645571 245.50650368515284 Manipuri 0
366.76855500001693 247.33393299997743 364.57426886161556 238.29541555330434 390.74788500001887 231.94148199997997 392.9421857217676 240.9799777885695 Manipuri 0
458.27729389631713 237.82069743427843 462.69986621693533 255.9617250801891 430.42792599997483 263.8287999999871 426.00541868618166 245.68782846779132 Manipuri 0
460.53785099997185 255.16689000002827 457.955573208601 239.7261447102409 493.75432799999544 233.73946600002196 496.3366461422993 249.18016041549686 Manipuri 0
126.62552527217485 288.79052304927427 127.41008793818764 304.60711227338044 88.14712500003225 306.55445399999337 87.36263428661914 290.7379335485308 Manipuri 0
157.8080663068249 287.1336383634413 158.888774194711 302.9563529369802 128.19852400003583 305.0523109999922 127.11787298409035 289.22964997888005 Manipuri 0
160.01902800002426 302.30587800000467 160.73955746011052 286.38889105506325 180.53015815916297 287.2847106262303 179.80966473383887 303.2016629714351 Manipuri 0
129 332 178 332 178 350 129 350 English 0
125 308 180 308 180 329 125 329 English 0
114 356 170 356 170 372 114 372 English 0
113 375 169 375 169 386 113 386 English 0
180.57931900002586 401.7206260000077 175.82249439743464 366.5807120571463 275.9216249999736 353.03143299998675 280.6788669589878 388.17084916918924 English 0
241.1695779999718 324.6341599999857 234.75198622334574 285.35952319053325 324.0169060000335 270.7740730000308 330.4348112976004 310.0483161231577 English 0
215.08051799995883 353.62037900000973 212.2421492984722 337.22878422962765 271.4321500961523 326.98015228548564 274.27061645896174 343.3716228658948 English 0
276.74062400001276 343.41529700003383 274.18058543153165 327.5334159820576 331.85367199999746 318.2375570000072 334.4138019363163 334.11932392286894 English 0
335.4987909999909 333.9850279999914 332.63965613557957 318.2725219692317 375.52179600003 310.46997499998395 378.38099405424146 326.18239918215664 English 0
278.2363780000014 387.7413909999648 274.14336310568615 348.1237220749397 384.140774999978 336.7601639999867 388.2343101071456 376.3772403491305 English 0
488.06594518377096 260.4295465830586 491.4211768714449 278.5608564387077 414.28346703723946 292.8341385845047 410.92840137018356 274.7029750598767 English 0
500.9541210000316 278.5401620000068 497.93970296632324 258.96790646016416 624.8070809999626 239.42874600002997 627.8216953514493 259.00075989879576 English 0
544.8817270000291 244.08705699998816 540.4679344575561 225.88822292489186 581.8925680000393 215.84179000002447 586.3064052037953 234.04055793882932 English 0
491.15440699999453 357.31611700000377 483.6651061911107 289.17300754288806 636.81027300001 272.3420020000058 644.3006477281597 340.48387044699865 English 0
114.31842781137675 570.1199824062429 112.40039099997375 579.0858880000246 88.69182193222514 574.0151733811255 90.60989199999312 565.0493140000041 Manipuri 0
112.13718079961836 578.7253142835808 115.69718400001875 570.7824829999677 128.82027887375443 576.6628410714059 125.2603045647993 584.6056478201377 Manipuri 0
99.22461722890148 579.691816043004 96.09672383303405 592.0708360738338 70.61681444814894 585.6341815075696 73.74475399999938 573.2552319999942 English 0
97.82951827080979 591.8882283381804 100.68837200000416 580.4142959999937 115.90991892786406 584.2059357953113 113.05111083252996 595.6798287666463 English 0
113.14846618071897 595.8466419691175 115.99101300002076 583.8864350000201 139.92766004397708 589.5738846898041 137.08518818573793 601.5340267867343 English 0
92.54775236528076 611.3212178179415 94.7279079999862 598.564999000012 117.60656766156899 602.4740882538711 115.42648741269659 615.2302402046748 English 0
90.10406549117761 620.4367715930746 91.83443900001294 613.9822529999982 104.88453289457539 617.4798142033123 103.15418276368291 623.934312722791 English 0
246.2198235651158 542.9484711554113 238.92198042834934 557.6280446738007 187.28323092276696 531.9614453898481 194.58110400002624 517.2820410000082 English 0
245.0307803232863 564.8597476893617 238.13182088866597 578.6933033758903 185.95616242906544 552.678415301472 192.85515100003977 538.8450269999964 English 0