382 317 445 317 445 346 382 346 English 0
456 315 510 315 510 343 456 343 English 0
523 318 590 318 590 349 523 349 English 0
451 277 518 277 518 306 451 306 Manipuri 0
525 279 587 279 587 302 525 302 Manipuri 0
168 297 354 297 354 344 168 344 English 0
163 354 179 354 179 375 163 375 English 0
201 356 216 356 216 374 201 374 English 0
237 355 252 355 252 373 237 373 English 0
273 356 288 356 288 373 273 373 English 0
305 357 321 357 321 373 305 373 English 0
339 355 350 355 350 372 339 372 English 0