308 202 381 202 381 230 308 230 Manipuri 0
385 203 456 203 456 229 385 229 Manipuri 0
460 210 480 210 480 222 460 222 Manipuri 0
483 204 565 204 565 233 483 233 Manipuri 0
2 346 70 346 70 385 2 385 Manipuri 0
182 404 207 404 207 422 182 422 Manipuri 0
118 403 176 403 176 425 118 425 Manipuri 0
263 228 375 228 375 287 263 287 English 0
384 232 464 232 464 281 384 281 English 0
490 231 617 231 617 280 490 280 English 0
409 281 432 281 432 290 409 290 English 0
435 279 461 279 461 289 435 289 English 0
329 288 375 288 375 304 329 304 English 0
380 287 430 287 430 305 380 305 English 0
438 289 495 289 495 305 438 305 English 0
310 304 348 304 348 323 310 323 English 0
355 308 368 308 368 321 355 321 English 0
372 306 406 306 406 321 372 321 English 0
414 304 449 304 449 328 414 328 English 0
452 305 473 305 473 321 452 321 English 0
521 301 568 301 568 322 521 322 English 0
479 303 516 303 516 320 479 320 English 0
496 399 527 399 527 414 496 414 English 0
503 420 528 420 528 513 503 513 English 0
49 251 125 251 125 284 49 284 English 0
62 314 112 314 112 328 62 328 English 0
64 329 113 329 113 338 64 338 English 0
121 431 149 431 149 442 121 442 English 0
154 431 182 431 182 441 154 441 English 0
186 431 208 431 208 443 186 443 English 0