118.57514000002993 229.0041249999861 119.22720969108923 191.67541318393475 224.7753979999834 193.51883799997432 224.12364370466094 230.84723793464423 Manipuri 0
224.9606859999767 228.72743399996924 225.1697126070212 190.36836808137252 317.60478299998795 190.87186399998345 317.3960347469256 229.2306521054456 Manipuri 0
425.6825466027658 185.28967168633582 428.97756903876143 220.20513591629182 320.91405200000736 230.40230599997358 317.6193456400506 195.4871330553059 Manipuri 0
76.99447500002861 274.15198599998195 77.12417436625401 229.42427565531787 228.94012599994312 229.86372499997668 228.81106524662755 274.59079835803595 English 0
224.19743400001607 272.4541060000122 225.43148866840056 223.46392787770316 363.74495385003684 226.94733197110008 362.5115452760656 275.9368752456879 English 0
364.2597370000294 267.4310990000256 363.4042707348999 220.1053725435387 543.4278239317791 216.8503429234051 544.2840442932356 264.1752949780941 English 0
13.83853999999701 310.92203000001797 14.706372477739933 294.35126179690945 77.2591540000576 297.62684800001693 76.39144464897981 314.1974987415419 English 0
92.20825215052173 316.90362041974146 76.18961100000888 313.07720099999847 80.84036973428738 293.6091372976114 96.8589410000277 297.43554800000703 English 0
158.80092035433336 300.116495078749 158.08954225314665 316.6704500693657 95.39844175116741 313.976310558377 96.10993300004338 297.42247400001355 English 0
160.14880700000504 314.54271399996543 160.72343260602793 298.525841645377 219.98047699999006 300.65147200003264 219.40596373206063 316.66823563940846 English 0
281.56917843014526 300.6591937815032 281.2621764756477 318.25663806008674 219.69192999997176 317.1822869999996 219.99905417644186 299.58496698783705 English 0
172.1527210000204 291.282001999985 172.9660457764112 275.81804383238773 203.5888800000248 277.4285289999864 202.7756078216771 292.8924369605571 English 0
368.7826506084821 298.98072090967247 368.96339081940823 318.20224437958626 289.47968612737895 318.94912316188925 289.2991229999461 299.7277749999652 English 0
51.81033599998045 335.0550710000206 52.31042052822886 321.6778866831328 81.619348000022 322.77343899998255 81.11931316016125 336.1505753028349 English 0
60.61538627378468 334.67499824648326 60.06471924651123 345.8565731585079 9.739233709842665 343.3781759046285 10.289967999997316 332.1966720000246 English 0
99.19858912857308 335.4307039434602 98.36421100000734 348.669621999988 61.44761307972658 346.34305295990714 62.28204899998673 333.1041970000009 English 0
116.96941739239264 336.72584035688703 81.78317322512157 337.08852455029114 81.63474512912217 322.68373955269846 116.8208649999724 322.321056 English 0
126.16489562831703 336.88623978446753 125.0694870280131 350.8786496277045 98.76225445172167 348.8192748845492 99.85770599996613 334.8269119999842 English 0
214.62395454400394 355.4996834559932 181.74929168606468 349.6282421020343 184.40881420574442 334.73905610806116 217.2833520000131 340.61048600000134 English 0
218.49207406427013 340.09833974839637 326.0398079999868 341.9754229999996 325.72333795164013 360.1059919483796 218.1756041252811 358.22891312857683 English 0
271.2696004191821 277.00949729996694 271.23321150793345 290.8744775214059 235.03577399998903 290.779386000025 235.07221575338917 276.91445873377893 English 0
385.3767350099952 295.71450194784666 448.1135910000012 295.565502 448.15663314460835 313.6872926241086 385.4197771561303 313.83629226604296 English 0
467.3597220551892 315.6377832348605 449.82451323208807 315.92910497080857 449.434497251641 292.4520539626826 466.96961299996474 292.16073299999994 English 0
469.42386000002443 311.93991099997766 468.6250028291397 291.7439874876428 545.0154950000433 288.7222980000211 545.8145174375386 308.91804878240663 English 0
415.784305000052 337.67435899998463 415.3468521453033 325.47541870220783 446.81134999998903 324.34715800001806 447.2488483521738 336.5460510335042 English 0
446.9784570000047 337.6854400000132 446.2362651449803 322.2489687619586 495.06833172061306 319.901193800018 495.81061110024166 335.3375726340988 English 0
365.12954899997567 352.7926140000052 364.6513431863423 337.3735542292979 408.66712355556956 336.0084925212234 409.1454135215463 351.4274652398885 English 0
449.76778698641283 338.26728103344686 449.882893766553 353.1856414780448 407.85502453742083 353.50973777754496 407.7399989999685 338.59145800001414 English 0
454.7232559999975 352.2228199999644 454.1205222026474 336.7747643603346 501.34405434793734 334.93232195622136 501.9468776050053 350.3802841368059 English 0