133.19957100000465 201.85676900000888 139.0405260168336 164.9821601207199 243.30489300002228 181.49704100001327 237.46424999691953 218.37137031932122 Manipuri 0
238.58828800002811 216.38877600002104 244.13398420176236 178.43211204670982 335.5992559999868 191.79517999997768 330.0538569735363 229.75157661321123 Manipuri 0
443.4021081758692 201.30875956351747 441.8056516625802 236.34297030060617 333.37474500003736 231.40147600002976 334.9714922388375 196.36756946637175 Manipuri 0
85.74019900006533 240.77834300000686 92.09364935391932 196.50414068699092 242.37085899992962 218.0678399999939 236.01804736521444 262.3414681032121 English 0
231.74688799997966 259.5836790000054 239.78732928924728 211.2420147974151 376.26998032137635 233.9410887254435 368.2302320407325 282.28213417016457 English 0
371.1451809999562 274.10246099997033 376.8849485557439 227.11795931734483 555.6094631082669 248.94939409187282 549.8706027224398 295.9330666888291 English 0
18.081490999975358 268.400936000006 21.247150711569702 252.1122773562001 82.73523200005002 264.06158499998503 79.56968734593829 280.3501426098859 English 0
94.85605036548804 285.2312185469377 79.5258240000112 279.212724999995 86.84072840049339 260.5814287173566 102.17089899997518 266.5999100000059 English 0
163.13693983480334 277.87546536581 160.12848967737227 294.16924681698697 98.4224682864442 282.7763970478078 101.43100000001141 266.48272200000974 English 0
162.46397500006424 292.34883699998596 165.26224194472888 276.56784610598436 223.64665500004776 286.91974299996417 220.84850207087584 302.70063303922694 English 0
284.63490300819103 295.49889073050775 281.88163880411594 312.882304898451 221.06027199988603 303.2495230000295 223.81363208660332 285.8662277675073 English 0
177.58833399995638 270.9851199999686 180.54600793366262 255.78486890007935 210.6465880000178 261.6415349999656 207.68896667730587 276.8417398765314 English 0
371.2332218641677 305.97449798886765 368.7369026720262 325.03406562088924 289.92278337573225 314.7117200207959 292.41925000002084 295.6523269999953 English 0
52.325079000002006 297.5837689999878 54.68213960099092 284.40639343230805 83.55326399992919 289.5702740000224 81.19625116138195 302.74760735138864 English 0
61.097327215538826 298.4328613983943 58.9957456819684 309.4289441852374 9.504967918619514 299.9706911593844 11.606595999983256 288.9746699999837 English 0
99.19998912781011 304.55095788541365 96.53111500003433 317.5448710000079 60.29747562672128 310.10312015991366 62.96639000000141 297.1092619999645 English 0
116.61750077917532 308.30666886315976 81.72318208926299 303.76916961230387 83.58095366318594 289.4839050160339 118.47516200003156 294.0213970000031 English 0
125.70117310548085 309.7452790974342 122.66893566542421 323.4490283959047 96.90434070740594 317.7484392303793 99.93660799998906 304.0447320000275 English 0
210.708858164071 340.48869009380905 178.97119979075796 330.0993915106061 183.67700830633112 315.725232701856 215.4145580000477 326.1145120000033 English 0
216.68258777004667 325.77682088825276 322.9226409998955 342.60213899999894 320.0859603733261 360.51219749504816 213.8459161992796 343.68691831192456 English 0
277.72696228486893 270.6459194073893 275.76118891025544 284.37087853846924 239.92936300004658 279.2390239999868 241.89517835417064 265.51411563041887 English 0
388.1202864477382 305.05017293278 450.26742300004116 313.63326299999636 447.7879814044718 331.58467469569143 385.6408486105647 323.00160303655497 English 0
466.5327242145577 336.1887438480197 449.12759578706755 334.0369822680169 452.00876076451095 310.7341244970559 469.4137920000503 312.88588000000294 English 0
469.091425000006 332.81413399999667 471.1113168209704 312.70350633284306 547.1786749999592 320.34279499998763 545.1589859378146 340.4532356791183 English 0
412.3923439999635 350.83295200003477 413.65706616030366 338.69185015302827 444.9722230000043 341.95358099999044 443.7075544155232 354.0946336145769 English 0
443.2813739999983 355.1853119999979 444.6949448120722 339.7957916911716 493.3785192744108 344.2670137960059 491.9650540965813 359.6564361411874 English 0
360.1265019999846 358.7542980000333 361.79906949917495 343.4187637627877 405.576467775536 348.1928230109602 403.90399718169647 363.5282683975304 English 0
445.96258339559427 356.149675718066 444.0001434664009 370.9388612454453 402.336177955367 365.4106770995801 404.29868799998076 350.62157500001746 English 0
448.92758900001354 370.65908299999336 450.4808911193686 355.2775037835366 497.50125712060253 360.0252751798894 495.94806229448295 375.40675546746445 English 0