268 198 431 198 431 255 268 255 English 0
159 208 253 208 253 272 159 272 English 0
261 257 299 257 299 282 261 282 English 0
305 251 377 251 377 281 305 281 English 0
380 245 439 245 439 270 380 270 English 0
160 191 197 191 197 210 160 210 Manipuri 0
201 189 257 189 257 210 201 210 Manipuri 0
192 322 212 322 212 336 192 336 English 0
217 315 252 315 252 331 217 331 English 0
251.87487399998645 350.27576599998844 247.7891600484145 325.242569068127 334.8290949723014 311.0374431509099 338.91502552061866 336.07036815312057 English 0
244.98774610154214 327.92021159170815 249.85948977751832 350.8350992635928 206.5447000000131 360.0428950000298 201.6731051565148 337.1281371927653 English 0
335.6149626689876 337.82246579466903 337.8190754969546 349.75783615379703 291.9723301620252 358.22344741108463 289.76829900006123 346.28814899996473 English 0
242 372 257 372 257 383 242 383 English 0
227 375 241 375 241 383 227 383 English 0
204 378 223 378 223 388 204 388 English 0
174 383 201 383 201 395 174 395 English 0
150 387 171 387 171 397 150 397 English 0
138 389 148 389 148 400 138 400 English 0
260 369 273 369 273 381 260 381 English 0
304 361 324 361 324 371 304 371 English 0
250 383 283 383 283 392 250 392 English 0
181.80548221309436 396.5352930533089 183.00801292993128 403.9494734477683 132.94918987587153 412.06747707055774 131.74672264576657 404.65335317089466 English 0
183.58910499999183 403.0082799999655 182.66192241171666 395.7382792584528 218.31840400001965 391.19127299999235 219.24561932944926 398.46123514982435 English 0
219.74120500002755 397.94284499996627 218.8035756028694 392.4818007558577 246.7834369999764 387.67832700003027 247.72108417259005 393.1393486031527 English 0
326 360 335 360 335 369 326 369 English 0
276 367 292 367 292 377 276 377 English 0