81.76433134576655 39.53280297791339 83.61388321260165 53.71578721655128 41.12594628917577 59.25645295321929 39.276406652934384 45.07347960939727 English 0
112.78163886767288 49.67570215819266 95.9684261802613 48.98801680887533 96.66609219435486 31.930928835094875 113.47929600000498 32.61861400000099 English 0
179.10892779364076 213.5237275906738 186.22428799229965 263.329416476179 76.41110850629047 279.01598492006286 69.29630699996778 229.21079000001228 Manipuri 0
4.997280000025057 267.56112500000876 7.721830426817178 228.54591442864205 50.81757200001448 231.5553150000123 48.093189053979586 270.57036484621364 English 0
87.90511300001526 306.34730600002604 87.53442767017987 286.1251535481855 148.66670700001123 285.00449199998343 149.0375257145206 305.22650854561806 Manipuri 0
3.371533710087533 293.115640191264 23.731864000001224 294.0254520000012 21.68932170701737 339.7314343707236 1.3289916689973325 338.8216274560891 English 0
40.020631622028304 346.05084309932056 40.71668705524644 364.67533545074394 10.481119999967632 365.8051269999973 9.785141771499184 347.18070920278865 English 0
158.29798568222031 351.8494292307071 148.30885914634564 351.19138663828085 149.39703955154982 334.6745287986553 159.38612400001148 335.3325699999994 English 0
160.2783780000027 352.9508250000101 160.18236207717564 334.2890699403838 184.20200000000477 334.1654890000089 184.2980729007104 352.8271868180793 English 0
596.3448720314045 145.6850839972987 633.9280380000127 144.1186789999993 635.592969951831 184.06507399915097 598.0098042437021 185.63147515655686 Manipuri 0
494.21725599997444 243.56220199999942 491.09928819627385 193.59059055206023 640 184.299609999969 643.1185213461868 234.27063747696454 English 0
639.9998932925519 252.5568033253525 642.2541124374402 303.5877859485488 495.89407718740404 310.051335534732 493.6406739999802 259.0211599999798 English 0
361.8424486130971 335.13255644424567 362.14045000000624 318.06849100000767 401.32146897230996 318.7526349682955 401.02355031325715 335.8166188899021 English 0
402.29531482786115 335.3052377743313 402.565351000012 319.840939999981 434.48670775906066 320.3982701842545 434.21673281634867 335.86250780265374 English 0
369.5734216033452 428.61079984765064 370.1411509999889 412.6225240000036 429.529225116421 414.7308661797657 428.9616497112729 430.71899300763965 English 0
331.898357977625 411.4295254270724 331.35323100003006 432.2152320000206 269.6296745935251 430.5962846579313 270.1749969999946 409.8107790000344 Manipuri 0
295.6802205081476 373.4433037247002 321.5451200000098 375.50208600000053 320.3967395467771 389.9278688809505 294.5318405553553 387.8690908351462 Manipuri 0
285.38661821570713 339.13198309315965 286.29243388779287 353.99100658132477 251.09598299997742 356.13629599997455 250.1902388101007 341.27734022782704 Manipuri 0
284.30777900000976 355.11576600003485 283.8747516839794 338.6212629666271 309.4028950000211 337.95112200003166 309.8359751272801 354.4455707247942 Manipuri 0
248.5384779999731 388.0965290000327 247.7881264583266 376.39353660016036 267.9618489999848 375.1002009999639 268.71223175359773 386.8031598311176 Manipuri 0
290.72285335016204 377.0976623573998 290.16990472198813 389.9128382529637 268.5194549999869 388.9787129999836 269.07244134301436 376.16357658207534 Manipuri 0
357.96213055313274 376.4548794954178 379.9260590000631 375.98771399999924 380.13007050300075 385.5783491687955 358.1661420765886 386.04551402927143 English 0
379.1489066660142 385.5378799992725 379.5355620000191 375.44748400000367 406.9228007928177 376.49679288585037 406.53618606076634 386.58714971056986 English 0
432.50727120183 377.98619458587916 432.1051379999699 388.10020899996965 407.5662589573767 387.1245900763677 407.96842600000673 377.01061099997 English 0
553.8876897334558 338.1496046716472 608.6562671230786 339.4490667656804 608.1503890000022 360.76846000000023 553.3818117338524 359.4690015093908 English 0