21.733330999995815 329.228811000012 17.120147881869343 251.4624965319624 255.33108800002083 237.3303099999681 259.9461031489773 315.0946657845148 English 0
283.24644300002547 295.8020320000102 278.815826653954 246.28822661545848 358.25048899998365 239.18046499999477 362.6814584393287 288.6938774827472 Manipuri 0
470.6634859999758 197.7207530000123 471.15328881489404 164.9492011766585 528.5290700229962 165.80667114294297 528.0393962855305 198.5780956696908 English 0
422.37123158061877 229.2288020001098 421.3297220000095 205.7536869999637 582.231482328134 198.6143848788135 583.2732785678672 222.08919868805552 English 0
460.3321128846437 168.71420454199128 460.2493990000221 185.17087600001952 387.9941804034752 184.80750642801863 388.07697199998074 168.350913000032 Manipuri 0
497.36785214045085 282.02278134512176 495.1375469999766 263.85854700000027 535.4605461675965 258.90769300185093 537.6909147347033 277.071852855026 English 0
578.1517391480884 278.5735852825668 576.3459693018376 261.1702118852424 617.0139563250268 256.9506918126584 618.8197885553382 274.3539940875251 English 0
426.4368171163369 233.41251323285914 465.41719922774064 233.08995777147345 465.54385600000387 248.39560499999988 426.5634738967492 248.71816001881655 English 0
542.5765366791893 228.4005437285005 543.6265113690752 242.7970069954173 464.39219478925224 248.57521113935184 463.3423280000716 234.17884899998745 English 0
543.5154959999636 244.08991600000655 542.9947906479356 226.99038046521844 585.7877077962621 225.68728009549278 586.3084750698908 242.78675163541817 English 0
535.9403626102721 68.6785618282579 537.3547669999971 93.3906319999994 454.8928321772837 98.11020700909484 453.47849400000996 73.39819900000455 English 0
503.17151657669456 62.7138173067714 503.00876119639724 73.32061928718146 436.0736531238217 72.29347710379014 436.23642599995947 61.686693000002066 Manipuri 0
434.47766858203977 71.78017645151313 437.1062495069782 93.1880429829498 421.0846451287216 95.15524777973367 418.4560760000022 73.7473920000316 English 0
451.0145869293774 69.7496961126257 453.02628989760706 93.96537577996229 436.44400669814786 95.34292125867879 434.432317000028 71.12725400003252 English 0
65.303030096984 89.60703963509822 64.44670199998654 117.6532799999655 -0.8563956427678932 115.65929696796191 0 87.61312600002816 English 0
130.26644203047908 89.27657751658163 130.14699599996675 116.61033200001629 68.79606333939591 116.3421283875136 68.91557299997658 89.00843700003284 English 0
222.92264728879672 91.19961058256803 222.74339399999008 120.16699600002362 134.02129370035254 119.61777055012051 134.20064700003422 90.6504849999672 English 0
67.04697100547492 115.90968124438777 68.18641099998786 137.3881980000248 13.068327842411236 140.3120846364074 11.928947000051267 118.8336240000346 English 0
66.73545808713243 118.04371491092034 115.12649539203267 115.21334724698242 116.58943700000236 140.22509600000012 68.19840002979618 143.0554602518565 English 0
111.02768139608088 139.88414482232625 113.06595299996843 116.07360799998585 168.54007730500598 120.82230430530282 166.5018747724389 144.63277679738832 English 0
0 115.13488800000002 13.44965 115.13488800000002 13.44965 143.848881 0 143.848881 English 0