23.9308990000427 148.29782600000706 44.244578718353296 63.52966231163756 414.4753020058124 152.24780794669306 394.1637185163563 237.0141477557899 English 0
168.97370578109985 194.4489281238923 162.219840071848 221.29399813999694 85.03918987029465 201.87665183729948 91.79315900000802 175.03173899999325 English 0
188.93479299978935 224.87891600000367 195.1793830778479 197.3556098468413 322.1028674283298 226.15097251091245 315.85862373991404 253.67397761253127 English 0
104.08149289520225 234.58618137105574 111.63265299997875 208.22067700001116 169.9084911562386 224.9103601124334 162.35749075407512 251.27572778130542 English 0
189.26027699904807 252.38601199998033 194.7382769169053 228.26761074906383 300.29576381100924 252.2413615669047 294.8180460702133 276.3595179516636 English 0
389 118 434 118 434 143 389 143 Manipuri 0
340 272 365 272 365 294 340 294 English 0
366 278 384 278 384 299 366 299 English 0
384 284 420 284 420 306 384 306 English 0
337 344 373 344 373 356 337 356 English 0
335 360 371 360 371 376 335 376 English 0
330 408 367 408 367 419 330 419 English 0
327 449 362 449 362 461 327 461 English 0
328 470 355 470 355 486 328 486 English 0
348 324 370 324 370 332 348 332 English 0
352 332 362 332 362 338 352 338 English 0
351 317 368 317 368 324 351 324 English 0
326 423 365 423 365 439 326 439 English 0
328 528 353 528 353 541 328 541 English 0
332 505 357 505 357 515 332 515 English 0
327 486 350 486 350 493 327 493 English 0
333 546 352 546 352 553 333 553 English 0
319 551 336 551 336 558 319 558 English 0
337 554 349 554 349 561 337 561 English 0