196.73260900002788 346.7770760000281 198.43091351336625 327.1153537223737 272.17956539934676 333.48469806736534 270.481458934446 353.1462359971209 Manipuri 0
330.6948852704227 338.5076035707949 329.60891380113026 360.79175618269454 278.8111354566354 358.31621125065857 279.89724599996407 336.0322049999971 Manipuri 0
429.6400251445448 375.9118492178712 333.5928582464112 364.11986107520806 336.5830354827631 339.7693972827415 432.6295830000163 351.56134699999654 Manipuri 0
258.37397421404603 359.7307218155425 248.64548295350687 431.0923207020588 87.94963699998334 409.18494599997393 97.67950882080186 337.8249872552519 English 0
263.5918330000277 409.2575529999735 269.6612234899658 357.8841612802346 384.42514596557885 371.44071696296527 378.35670172949904 422.81324505862005 English 0
390.347935480022 441.0900118313185 391.840710999968 372.88269299998575 522.5798263213073 375.74312037805987 521.0884368732513 443.94907684105385 English 0
183.77059300000838 439.2197909999875 185.9513938568125 416.9527287299274 272.33521119844227 425.41142989068896 270.15474713407457 447.67818130503514 English 0
270.55173900000227 447.72582199996754 272.94632384742727 425.9919602254496 315.7484200000181 430.7070560000298 313.35400212665263 452.44076483875716 English 0
368.4096521970787 435.5550685937046 365.28441399997973 463.65624099999826 317.2424225563009 458.3138024998518 320.36785711512493 430.21285536282704 English 0
370.8279410371324 462.73671779060754 373.458604999978 437.25563800001373 429.0265305045614 442.9914688908833 426.39612728155043 468.4723088119764 English 0
235.0765259119362 526.6574906151653 224.1291006639949 525.9751055230843 224.96028316898446 512.6436936727362 235.90765199995076 513.3260769999979 English 0
92.20499299997755 13.15156999997061 96.8881056617829 -11.549077785390843 157.80265399997006 -3.521271601715296e-11 153.1195464121265 24.700642485563634 English 0
152.0116959999723 24.79361899998441 156.10970413588802 -1.2745890688045902 194.35827399996924 4.738212000016968 190.260272618616 30.806413298271362 English 0
202.83604766700591 5.241812151504187 232.14078896628052 21.494332901455945 216.51620444310538 49.666830671039065 187.21146600000793 33.41431500000151 English 0
72.12249967924436 28.818129486021515 74.74891199999547 14.232264999997607 124.04739508914645 23.109215096956056 121.42099076409067 37.695072524077105 English 0
120.29533400003857 37.019496999975246 123.99753003977821 24.973291557223142 135.6441215272207 28.552670686043186 131.94192759030557 40.598874333033194 English 0
134.02685676403053 39.77840012025853 136.72729099998833 25.066283999974672 216.3427562351717 39.67979368582563 213.64234198685153 54.39189213741744 English 0
213.24547399999574 54.34306299997936 216.4098832023592 39.775580729540565 250.54897161920962 47.19139729253066 247.3845734437782 61.758869974796326 English 0