20.979375002352754 153.49109599998832 39.81046385059017 68.38129823142937 411.53291585964325 150.62499445702053 392.7040795022913 235.73263414165842 English 0
166.8055409437511 197.10381287701523 160.52122419707302 224.06267752363027 83.0134436320077 205.99528109851911 89.29787100001704 179.0365770000107 English 0
187.2946629922808 227.1808069999679 193.0579455410043 199.55270777241935 320.4646381139173 226.12857265784493 314.7017029194103 253.75636815990526 English 0
102.6237056118407 238.3674892193962 109.71357000002172 211.8742130000341 168.2717982824397 227.5443027450376 161.1820959864417 254.03743968224845 English 0
188.1001629993989 254.67803300001736 193.15639347369142 230.4676981990151 299.1161959879537 252.5955714899951 294.06024853669805 276.8056592119351 English 0
386 117 431 117 431 141 386 141 Manipuri 0
339 272 364 272 364 294 339 294 English 0
366 277 384 277 384 298 366 298 English 0
384 282 420 282 420 304 384 304 English 0
337 343 373 343 373 355 337 355 English 0
337 360 372 360 372 375 337 375 English 0
332 408 369 408 369 419 332 419 English 0
329 449 364 449 364 460 329 460 English 0
331 470 358 470 358 486 331 486 English 0
348 324 370 324 370 331 348 331 English 0
353 331 363 331 363 337 353 337 English 0
351 317 368 317 368 324 351 324 English 0
328 423 367 423 367 438 328 438 English 0
332 528 357 528 357 540 332 540 English 0
335 505 360 505 360 514 335 514 English 0
330 486 353 486 353 492 330 492 English 0
337 545 356 545 356 552 337 552 English 0
323 551 340 551 340 558 323 558 English 0
341 553 352 553 352 560 341 560 English 0