190 182 474 182 474 301 190 301 English 0
504.92224139314203 94.34565326948407 506.32940749972477 121.97682856697375 408.3617470000172 126.96570999996597 406.95469763537403 99.33464687946893 English 0
601.6702591815556 86.56048221858399 602.0591660468199 118.4165521861061 510.215565000035 119.53757300001202 509.8267711022345 87.68161393271942 English 0
85 116 135 116 135 144 85 144 Manipuri 0
50 447 358 447 358 542 50 542 English 0
404 441 584 441 584 552 404 552 Manipuri 0
462 579 528 579 528 606 462 606 English 0
531 587 596 587 596 614 531 614 English 0
7 223 58 223 58 277 7 277 Manipuri 0
120 183 154 183 154 199 120 199 Manipuri 0
93 183 119 183 119 199 93 199 Manipuri 0
111 165 132 165 132 179 111 179 Manipuri 0