83 298 310 298 310 360 83 360 English 0
320 324 477 324 477 384 320 384 English 0
108 345 129 345 129 375 108 375 English 0
137 345 157 345 157 378 137 378 English 0
162 351 185 351 185 380 162 380 English 0
191 352 352 352 352 398 191 398 English 0
358 373 393 373 393 404 358 404 English 0
401 380 448 380 448 411 401 411 English 0
149 383 231 383 231 413 149 413 English 0
236 392 328 392 328 424 236 424 English 0
334 405 407 405 407 433 334 433 English 0
379 485 436 485 436 640 379 640 English 0
438 548 615 548 615 640 438 640 English 0
211 467 265 467 265 634 211 634 English 0
211 291 294 291 294 317 211 317 Manipuri 0
304 305 367 305 367 327 304 327 Manipuri 0
437 152 513 152 513 183 437 183 Manipuri 0
432 92 621 92 621 173 432 173 Manipuri 0
294 53 362 53 362 93 294 93 English 0
362 67 428 67 428 102 362 102 English 0
313 38 349 38 349 57 313 57 Manipuri 0
319 88 350 88 350 104 319 104 English 0
351 94 381 94 381 107 351 107 English 0
351 48 380 48 380 63 351 63 Manipuri 0
276 33 286 33 286 50 276 50 English 0
287 35 296 35 296 50 287 50 English 0
297 37 307 37 307 54 297 54 English 0
274 432 365 432 365 640 274 640 English 0