383.88359700002184 229.82235799999256 414.1362456620118 222.1024351970899 424.2227719999937 261.62759500000266 393.9701339723979 269.34748898530296 Manipuri 0
420.5413848115859 264.6907243243378 421.7726977988059 240.0166080731974 526.5274932030297 245.2435431746424 525.2964369110123 269.91741441216595 Manipuri 0
126.10474448098103 193.26977219484235 128.1966459999967 135.48128100003265 207.84720774048765 138.36446837932365 205.7556006564846 196.15267452018387 English 0
297.417811571504 156.08359781859178 293.803373999981 202.36889800003274 222.23006050095137 196.7795709015076 225.84469699999318 150.49448899999632 English 0
-4.182993751310278 176.2365113394323 0 116.57471699998885 120.62882750054996 125.0320360617633 116.44627250097983 184.69338860177936 English 0
82.03866204450605 215.32046195768584 19.84795000003942 209.20503400000075 22.954323368612677 177.61725382881156 85.14474919022177 183.73266761429053 English 0
110.04694622155512 221.6577363465617 85.3547880257247 218.81988770698013 89.45719308248954 183.12652403944543 114.1492190000281 185.9643650000021 English 0
171.4050144641078 198.08672113936294 167.78427089222532 222.50240378332902 110.98950899999181 214.08007400003 114.61034052699688 189.66449867954114 English 0
156.02892610237177 222.70219138263852 155.28638100004173 261.60017599998883 47.46335192510742 259.5412483648914 48.20626500004437 220.64363699998043 English 0
45.62498435851012 218.41849860220097 43.94867499999236 255.27984600003106 -1.676450410304824 253.20490937062945 0 216.34370899997288 English 0
-0.18574544512375724 286.10978382300425 0 255.53188599998674 89.42658742278581 256.0748264120049 89.24111963700852 286.652447327411 English 0
209.72861118643777 116.23139549704774 207.66675500002748 144.5896650000017 129.57330320386973 138.91156057400883 131.63525600000867 110.55339499999357 Manipuri 0
130.90715708516655 104.52876290524998 126.91268115100684 133.89509135488242 24.807292809709907 120.006338824454 28.80187399998249 90.64013799999148 Manipuri 0
0 82.089339 24.692869 82.089339 24.692869 117.768159 0 117.768159 Manipuri 0
421.7916229425464 265.00168350091815 420.5852749999758 302.63399999999666 343.6519399187091 300.1674973675728 344.8585820000153 262.5354850000111 English 0
423.67463693386526 308.5752613507101 422.9082909999852 264.95482100003284 563.8203147320746 262.47866826176687 564.5873029664654 306.0984498043037 English 0
157.92565078823827 332.5793929679709 158.38244999999006 388.7475030000245 3.154482217723853 390.00756066764774 2.6988629999686964 333.84061699997034 English 0
337.090010704851 336.4734839087481 337.77066299997387 383.7604799999765 223.78991381330707 385.39972070592046 223.10999499997706 338.11344700001564 English 0
599.0049642774102 341.62318039921774 598.980964325674 382.22585263398605 343.8365276393597 382.06994128820094 343.86191899997357 341.4686579999815 English 0
14.417868032251135 408.74682148207705 13.297724000003655 390.73335899998597 59.21637884879601 387.8782048720407 60.336637345244526 405.8915445848861 English 0
375.57286100003694 338.69431099998405 375.83262472078786 320.3150426278751 470.6785028471495 321.6550069871363 470.4189563309774 340.03406075093096 Manipuri 0
15.3090155623795 331.66663511785566 -0.6584452326205792 331.178447077651 0 309.6453230000005 15.967378831264796 310.1335097864621 Manipuri 0