17.940981932915747 101.70579106266182 50.54047999998147 5.916112999967104 323.7403847234964 98.8916764630639 291.14212307824346 194.68029093402563 English 0
283.877213542728 168.31439510347624 304.02618000000075 106.3553460000017 451.687589055291 154.37347565202123 431.539302214951 216.33194623020051 Manipuri 0
368.7586932002887 189.60426413479462 359.444325000004 222.54022200001987 291.1951212742133 203.2395007763344 300.5095920000167 170.3037130000286 Manipuri 0
12.373912247130647 213.39607483349684 20.31689199997345 176.0812219999899 172.61546409434231 208.4984748840179 164.67300912321662 245.81286784552077 English 0
167.0154503770027 245.67918869807335 173.2725119999668 217.1569219999921 274.5257080661395 239.36808282388967 268.2689531586948 267.89008217347066 English 0
294.397564406172 191.53314017895946 286.96350546510075 218.61758504026685 203.53711510870198 195.7192650967211 210.97127856235602 168.63498668698668 English 0
273.7078092336742 271.61765814018815 280.06525099997816 241.4244079999676 366.2277578197245 259.5655259245747 359.87061719926714 289.7585127323975 English 0
458.690088000003 173.06476399997888 467.23726188240107 134.13698613160972 551.6978903820564 152.68113121049421 543.1509513719357 191.60870466134543 English 0
542.8024968241516 193.30421948545919 549.4206259999919 166.11383700000903 617.4380597130948 182.66876640412815 610.8200851607398 209.85901472009022 English 0
520.2756142808357 321.1430330980658 525.7067719999759 274.51648400002716 635.6805954220908 287.32528083837593 630.250079691541 333.9512413302776 English 0
346.12369281006977 527.4071353913637 348.89138886857836 629.6738862191364 104.2673630000354 636.2831179999774 101.5052089967503 534.0217349632552 English 0
81.95370518376876 631.6263734930898 35.4077516747202 628.0558714236009 47.83477785764262 466.11476111159647 94.37766199996986 469.6851450000005 English 0
358.26412299997173 482.8259330000003 385.2846977352601 482.14140276032424 388.61341800002265 613.508839 361.59284397952433 614.1933509145813 English 0
423.9472119999846 478.6382899999984 631.3585345635511 461.33562784988607 641.7884223171859 586.3371521901506 434.3771559654124 603.6393835261827 English 0
633.4357600312796 639.9997977582921 464.5536668510613 656.8744711387957 459.340421246452 604.6944143109035 628.2184660000348 587.8199439999971 English 0
95.46277228604595 132.58563021812412 82.88856163810124 168.50904405674976 -3.7217641501047183 138.19314685405087 8.85252500003844 102.26989899999504 English 0