65.13495994840923 78.65043314172698 100.01143299996329 79.81159299999919 98.6675179926533 120.17701012284564 63.79104499996174 119.01585199999921 English 0
96.82814799998596 112.70300899996448 91.60615560285805 76.37124626847935 199.61210499997833 60.84741699996478 204.83420345604827 97.17905145522919 English 0
197.51016200003505 95.64563700002567 191.47040882940928 59.90489609404406 331.30536500000744 36.274389000022566 337.3452112353698 72.01499314401103 English 0
93.31118900001456 223.4964269999662 87.97926343075233 170.31560487324066 388.67279925441835 140.16574887528205 394.00569630895916 193.34553642197992 English 0
314.8121685160004 124.18514983819351 318.67047352054215 152.16202605832387 178.88108720377204 171.4394912777507 175.02302181870618 143.46282903087106 Manipuri 0
96.23480599999311 326.09840800000603 93.38751452902216 286.36732172630525 161.34002919585328 281.49778349295343 164.18760224238213 321.22856404963073 English 0
287.96222637553 274.81364548856084 290.8978709999792 313.9330739999956 175.02598670827865 322.62687199724564 172.09088000003248 283.5079469999812 English 0
292.8553149999789 313.8304890000131 291.25212986560655 268.1712481353327 404.8860109373345 264.1811827920107 406.48973399082024 309.83986294929184 English 0
194.47775755012117 271.8628348164671 162.62013168226986 272.8488311286832 161.9123355690681 249.97871812101891 193.7698200000159 248.9927239999999 Manipuri 0
226.32041990349535 270.84852422605064 200.80906743860396 271.17812943140535 200.48800400349137 246.3242734118093 225.9992339999735 245.99466900000027 Manipuri 0
230.62198899999203 268.65961099997384 228.5396914962621 247.21288828155653 273.433045999991 242.85427700000454 275.5154253246292 264.30090773382346 Manipuri 0
272.656924000039 244.85842599999813 318.44694424406043 238.51048178095488 322.2304301515396 265.80086873852116 276.44041332598135 272.14879634112066 Manipuri 0
94.44557242051815 301.3211031151868 97.54150189779466 348.2670495598667 48.00657100000535 351.53315299998474 44.91094095501467 304.587488863297 English 0
98.36596118635498 385.4860975145541 57.774625669262605 387.61318885246965 55.96498699997028 353.07954500000056 96.55593849769502 350.9524637318478 English 0
73.37510477656906 20.994287307930968 74.95411452466215 43.828341474767214 35.863980832873494 46.53146605094783 34.28498300003412 23.69742300002295 English 0
116.40466653654585 18.08471241203421 119.55821704694245 39.31942447344083 76.63239699999394 45.694283000026594 73.47885856463108 24.45958160716693 English 0
118.10688700003084 12.105093999999507 182.00125125098566 6.421153795493256 184.26139309573045 31.827883050596775 120.36702902587422 37.51182208665903 English 0
62.97777477906493 66.04464272479687 32.40433439706976 69.35451512187215 30.502046815599897 51.78293414069497 61.0754640000232 48.47306299999889 English 0
63.36450299997523 64.06089999999062 60.863802735184436 44.86243607917209 98.41419800002768 39.971304999985655 100.91491016268265 59.16975436985477 English 0
99.30356700002449 56.94148000000628 96.22011136743822 40.03032632051276 211.96260057513427 18.92661781727162 215.04607780814695 35.83774313482701 English 0
213.83498499999405 32.61337399998049 211.0878761712229 17.264780160122594 269.88636595800926 6.740950718322635 272.63348012136703 22.089537877391034 English 0
112.90303338762897 54.265121559911265 115.35516753676347 72.92242371258956 30.067015000022366 84.13171700002391 27.61492642806843 65.47445596167671 English 0
164.9226110278687 44.99408820954802 167.15524654166074 59.21818223576149 116.5233520000038 67.16538899998469 114.29073350911494 52.94131013743194 English 0
194.9893497218727 38.18246296586982 196.9055992786889 56.2246083466603 172.5755659184506 58.808677545164656 170.6593250000151 40.76653999997352 English 0
196.402287000019 55.77970299999892 192.62984338303795 37.12031779790437 259.0034939999896 23.701276000018687 262.77595154751907 42.36064273713926 English 0
282.5612360663945 23.775644166935933 282.35514054016676 41.88830180367844 261.8338660306472 41.6547951459595 262.0399660000112 23.542141999980707 Manipuri 0
300.32552811389905 16.29974293138956 304.5408832802059 35.65412452545961 284.39511999997194 40.04183399998481 280.17976954412006 20.68745640298789 Manipuri 0
296.002959000034 36.81552600000886 291.84546479111305 21.85737375024091 329.3510345966206 11.433011607772105 333.50853210860805 26.39115888303538 Manipuri 0
360.80105494467716 9.203402920877725 364.08266573525907 24.997545388312652 332.04464200003713 31.654203000023177 328.76303569297306 15.860064433589926 Manipuri 0