79.79793500002415 288.89731700003415 74.28549046984699 248.95204186703322 212.97197799998685 229.81361799997617 218.4848728295765 269.7583493989598 Manipuri 0
219.10759500002314 268.02276399999346 212.43420463026268 229.61019152914537 310.7952980000118 212.52243399996598 317.46895643162134 250.93466447009004 Manipuri 0
401.96629799997027 233.88696000003557 394.79386417675414 183.30941093991754 528.3741110000119 164.36637400002343 535.5469664779957 214.94342740908394 English 0
548.4691719999682 212.7612139999963 538.7320614302735 160.29759823709998 616.6485276443564 145.83678810849125 626.3858490552957 198.30012301655785 English 0
100.62221572414273 426.9209836753712 102.51952581609657 443.8315626741835 61.07032259533298 448.48115630007396 59.173138000041945 431.57069200000683 English 0
174.2268889999832 429.68755999999354 172.24829789003707 412.2841982555439 234.98708200000692 405.152113000027 236.96582103366381 422.55530418580554 English 0
76.14521700001205 485.4111729999637 75.62403515352344 470.48684002989916 96.40444800003024 469.761269999991 96.92568296057289 484.6855477457327 English 0
99.12621573930664 444.5840030127305 100.64698818954639 461.0186419597429 62.6127589999669 464.53739999999095 61.092101089889184 448.1028670533555 English 0
99.88826100001461 443.4903490000139 97.65382357814815 426.61195641375207 120.79783300003328 423.54846700002986 123.03232393256621 440.42679591142803 English 0
98.84815999997954 459.536422999979 97.64021992741618 442.537911894969 128.18704199999047 440.3675000000286 129.39506235677982 457.3659239333914 English 0
120.21319500003301 441.1796109999804 120.4973494681326 425.73749592467976 130.50651201621804 425.92165623268323 130.22238291938265 441.3637463803645 English 0
276.3541641541815 432.5250961466792 245.63246926853026 434.7522145011226 244.86063628501142 424.1060015608572 275.5822270000499 421.8788869999989 English 0
275.0994029999856 430.96793999999045 274.2607762754051 422.46725768930474 324.6427910000057 417.49736200001723 325.48147794201213 425.9979764706544 English 0
274.908344871219 456.76799358181177 275.5838859399955 467.04196598619535 251.84847299999092 468.60231200000953 251.1729764584743 458.32838160560306 Manipuri 0
275.4973940000491 465.99761200001416 274.471792556069 456.497091526194 319.27562700002454 451.66104100000376 320.301292344011 461.16148845457997 Manipuri 0
287.4838690096658 419.68440968875194 268.88948439314845 421.2073579060765 268.42454610334244 415.5312378708443 287.01889799995115 414.00829100000226 English 0
286.1641840000084 420.0862670000037 285.48651941913704 412.3320891363849 299.98638899996877 411.06505000001266 300.66406930287485 418.81921041750184 English 0
201.41510000714334 487.17889349465065 194.0921733839059 499.0150507867668 164.55021128160297 480.74078936439633 171.8731310000294 468.9047059999828 English 0
307.63634592651215 507.9232168933454 312.8766620910028 518.0682207630955 261.1767289999989 544.7676029999702 255.93654778727796 534.6227146597433 English 0
335.599865999975 451.802529999983 330.52476706929156 441.51806991428066 370.56083099996613 421.7641110000062 375.6359437228821 432.0484964721795 English 0
376.50299599998107 431.5182300000155 371.7333241751476 421.7984906471273 406.24733299999207 404.86392999997406 411.0170159311383 414.5836112496186 English 0
334.21889800003555 465.7258730000201 329.3608973038499 456.2158961785755 383.8484776089899 428.3858955780045 388.70649249212875 437.89577556788146 English 0
343.97190700001374 485.3085380000022 339.88334577348724 477.22100415586465 361.7093130000285 466.188976000029 365.79787977592787 474.2764748378593 English 0
364.68368399997416 474.9794149999812 360.7269380253274 467.0397649527861 393.96964200001094 450.4757569999756 397.9263969008025 458.4153564193516 English 0
336.12760800002434 474.55352599996985 332.18085775682994 463.96563085424987 353.0905840000196 456.1725520000226 357.03735197916103 466.7604061974731 English 0
398.82132799997635 459.5564110000004 394.2709886294324 449.56654072685126 425.9759640000266 435.12718099999853 430.526318777338 445.11699338233984 English 0
398.7033280068863 463.82882066441454 404.90392678599164 476.0066306464301 329.6329303467792 514.3251572715365 323.432550055295 502.1475340742636 English 0
339.0429099999892 542.7599999999803 334.6772239459824 531.2729031347144 362.80859899998177 520.5837480000096 367.1743137458543 532.0707765026632 English 0
449.18720627531 488.7484289142375 454.31479932682123 502.00091867860897 367.8043655960937 535.4658413508247 362.6770484664303 522.2135852620393 English 0
442.4824822868686 464.7906819584145 447.53551797766704 476.3170200391216 384.1107358274894 504.11657872381085 379.05786946372245 492.590384307569 English 0
305.38114099996164 533.618098999997 301.27999194926815 520.9841483561456 346.8353439999919 506.19910900000883 350.9365547551715 518.8329428087286 English 0
263.87263049997273 577.9782879924396 261.6376018453593 546.7012336997423 442.68070614823955 533.7642886117785 444.9168159758119 565.0401649310774 English 0
265 586 302 586 302 601 265 601 English 0
302 580 345 580 345 596 302 596 English 0
346 575 392 575 392 590 346 590 English 0
393 571 444 571 444 587 393 587 English 0
365.84795331262285 592.3433381299858 366.94579986280587 600.7375777843536 332.42272800001956 605.2513310000313 331.324953381918 596.8571564096163 English 0
366.0647700000118 590.9129520000004 372.749876119924 590.1765542425261 373.9213801219739 600.8088132865264 367.23627428902546 601.5452092986233 English 0
373.18653243302833 589.0331058942778 393.9434935652389 587.770808806561 394.61501300000236 598.8102609999988 373.8580521507538 600.0725550039613 English 0
395.1478430000134 598.791654000015 393.3327551203547 588.6797394351239 410.5628698468354 585.5877282368841 412.3779878631467 595.6996038048075 English 0
507.47322511124366 630.557359570206 489.64377510426857 638.1824978599487 457.8069004500139 563.7594571452628 475.6357830000343 556.1344579999886 English 0
485.06530928600114 554.2794318238266 476.98394221413764 558.3532304752298 461.3362343114568 527.3189150692705 469.4175069999619 523.2451450000035 Manipuri 0
248.32897899999807 633.7839149999743 247.3714232104976 617.0981907608868 279.1579620000266 615.2745019999954 280.11563350155484 631.9601029018282 English 0
297.20049600000493 627.8080179999976 296.7165107656183 613.949672669459 317.23043079044146 613.2334389590735 317.7144792578474 627.0917186424225 English 0
348.0983042720618 626.3866053958052 327.31783699993684 627.112069000001 326.8339645519154 613.2538293475947 347.614299163979 612.5283680604535 English 0
372.0384621756966 624.4830720518978 350.2395199233433 625.6433494560072 349.4644194089051 611.0837555205878 371.26321600000665 609.9234820000012 English 0
392.78161970440124 622.691386366033 375.01655816588027 624.3134378227893 373.7210177465022 610.1277901610244 391.48596400002134 608.5057439999993 English 0
186.28535179050232 623.1621224056291 186.9963147569797 635.2000817346061 156.094316000017 637.0244600000343 155.3834450479917 624.9865879710298 English 0
193.86324999999488 633.9266779999851 193.85997471828887 621.7804202971495 214.3987144996936 621.7748637839165 214.40204801954678 633.9210632371149 English 0
215.7775359999505 618.2189780000011 236.3371492503211 616.873700193866 237.35939612000948 632.491988328626 216.799783351089 633.8372612387564 English 0
240.30902481063094 633.0163034319106 239.762915070678 617.3813643933777 248.4900590000325 617.0766320000284 249.03619930846617 632.7115392852432 English 0
100.8841966856562 468.518783953415 113.11881200002972 468.11027399999944 113.58226025091426 481.98794308301865 101.34764498703589 482.39645203382247 English 0
85.57121575991914 465.0698007134778 86.24932554448606 470.605466245329 76.6032450000057 471.7868890000054 75.92514552496141 466.25123283845176 English 0
97.1416696315282 464.13208197070696 97.5220845714648 468.9552383432224 85.37581102464173 469.9130731674537 84.99540700002399 465.089927000025 English 0
115.08312634468894 468.04167765273326 96.52473354130052 469.2706504808948 96.10158620853326 462.88152746554994 114.65993800004071 461.65255599999773 English 0