124 206 171 206 171 232 124 232 Manipuri 0
39 107 49 107 49 123 39 123 Manipuri 0
34 124 47 124 47 142 34 142 Manipuri 0
31 143 42 143 42 167 31 167 Manipuri 0
24 176 36 176 36 203 24 203 Manipuri 0
187 361 220 361 220 377 187 377 English 0
170 364 185 364 185 375 170 375 English 0
137 364 169 364 169 379 137 379 English 0
103 367 136 367 136 381 103 381 English 0
73 369 93 369 93 382 73 382 English 0
95 368 102 368 102 382 95 382 English 0
153.6416029999964 359.2692269999865 152.1111520089471 333.0265183725615 237.91922299998987 328.02237500002667 239.44994400648284 354.2647953162639 English 0
148.7875951307069 340.9579386982176 148.6660328085418 363.24587036189206 111.91651100001764 363.04530199996805 112.03817984933266 340.75747714924194 English 0
52.6373859999876 367.6038819999792 51.19666520644387 346.390299670196 110.02169400002458 342.3954230000107 111.4625676311698 363.6088400626235 English 0
43.56143199998769 327.8639040000115 34.127729335959884 255.50800489393066 259.0020319999894 226.18892499998248 268.43716581570334 298.5431190684992 English 0
395.594579000026 295.2998290000231 375.7111302618432 159.4636510677435 635.6147700000292 121.41940200000384 655.5005010533205 257.2527227886545 English 0