22 14 227 14 227 135 22 135 English 0
193 154 227 154 227 175 193 175 English 0
228 162 281 162 281 187 228 187 English 0
5 205 78 205 78 270 5 270 English 0
143 219 269 219 269 297 143 297 Manipuri 0
161 322 198 322 198 346 161 346 English 0
201 324 263 324 263 354 201 354 English 0
385 194 488 194 488 235 385 235 English 0
343 219 436 219 436 263 343 263 English 0
422 177 469 177 469 200 422 200 Manipuri 0
360 161 424 161 424 190 360 190 Manipuri 0
531 237 582 237 582 262 531 262 English 0
501 227 528 227 528 254 501 254 English 0
503 209 524 209 524 228 503 228 English 0
494 301 511 301 511 317 494 317 English 0
549 312 570 312 570 330 549 330 English 0
517 306 550 306 550 325 517 325 English 0
228.63352899999882 453.1273829999752 215.63870016936562 414.61395308973374 273.32612700003665 395.152156000015 286.3211414460966 433.6652152170296 English 0
630 160 640 160 640 177 630 177 English 0
628 60 640 60 640 84 628 84 English 0
542 215 568 215 568 233 542 233 Manipuri 0
569 219 585 219 585 236 569 236 Manipuri 0
398 23 424 23 424 40 398 40 English 0
405.5602510001336 18.420039999998846 409.531529217129 7.109380460263354 437.4505924366531 16.912022609065872 433.47931701122434 28.2226796643068 English 0
397.56779155395634 21.014119309919536 394.63864590106823 33.62468043713923 367.3166630000196 27.278404999972462 370.24581082769146 14.667846943894155 English 0
333.58172500004 17.723013999965634 335.72029094830214 6.171561270243592 367.90333231117984 12.129732154170378 365.7647687361168 23.681182826677695 English 0
345 184 383 184 383 216 345 216 English 0
374 286 396 286 396 301 374 301 English 0
332 278 358 278 358 293 332 293 English 0
304 274 320 274 320 286 304 286 English 0
413 297 439 297 439 310 413 310 English 0
415 273 436 273 436 288 415 288 English 0
340 262 365 262 365 273 340 273 English 0
453 302 470 302 470 313 453 313 English 0
452 282 475 282 475 294 452 294 English 0
527 332 547 332 547 342 527 342 English 0
606.0441739999806 420.75651300001704 604.0350621814287 409.70690357710345 622.1396670000104 406.41541500000255 624.1488028853928 417.46499314087083 English 0
585.7153909999761 424.3458589999767 583.7333042133105 413.92676678284664 606.3561389999813 409.6236230000352 608.3382539379818 420.04267800412657 English 0
585.4839301621541 414.30100636451095 586.9730508445355 424.4112422449723 571.9605980000051 426.62207999999396 570.4715040569863 416.5118680837163 English 0
609.6542525086261 395.00437186424415 624.9604629999521 391.82429500000575 626.7237194292102 400.31013785713856 611.4175101834553 403.4902106444026 English 0