315 385 365 385 365 426 315 426 English 0
370 374 440 374 440 415 370 415 English 0
67 462 187 462 187 575 67 575 English 0
192 386 640 386 640 551 192 551 English 0
302.55642698895826 394.6144477410547 309.4528366173472 428.5209039511165 192.57433205319103 452.288809972589 185.6786490000377 418.3829880000219 English 0
334 547 390 547 390 601 334 601 English 0
395 538 447 538 447 592 395 592 English 0
182 573 223 573 223 622 182 622 English 0
524 518 602 518 602 574 524 574 English 0
487 528 518 528 518 578 487 578 English 0
75 340 223 340 223 419 75 419 Manipuri 0
232 289 559 289 559 391 232 391 Manipuri 0
41.40617946497514 452.2269416989494 25.03004494981724 458.3566545173385 0.025578793356544338 391.56341008388256 16.40138200004003 385.43376599998936 English 0