232.84932700000354 355.32587000000666 248.62928847163857 267.7592969604252 316.5688903344562 280.00162564472356 300.78973775765917 367.56748376048176 Manipuri 0
403.1053663288185 273.3186581324341 389.02574300002016 382.66078099996787 307.3390514937637 372.14218094926395 321.4195875637961 262.8011318785531 Manipuri 0
97 245 200 245 200 341 97 341 English 0
416 300 493 300 493 378 416 378 English 0
474 406 557 406 557 503 474 503 English 0
554 418 607 418 607 501 554 501 English 0
567 536 601 536 601 601 567 601 English 0
58 519 104 519 104 573 58 573 English 0
113 516 219 516 219 582 113 582 English 0
230 519 276 519 276 574 230 574 English 0
313 508 341 508 341 553 313 553 English 0
349 527 407 527 407 579 349 579 English 0
0 354 77 354 77 482 0 482 English 0
80 363 214 363 214 491 80 491 English 0
216 376 325 376 325 494 216 494 English 0
324 388 470 388 470 504 324 504 English 0
376 598 426 598 426 640 376 640 English 0
450 612 482 612 482 640 450 640 English 0
520 614 550 614 550 640 520 640 English 0