37.15974200000346 109.37273699997307 33.18879396851116 93.01266534407196 65.13331599999219 85.25907599996556 69.1042771244247 101.61912802112741 Manipuri 0
67.23488944298879 104.22028414555932 70.95339622384927 117.79917304227494 37.506182916185935 126.95838629531548 33.78769960334466 113.37951740604953 Manipuri 0
11.927906458076905 93.3759665564721 32.75135000003502 93.88578200000033 31.88105051711318 129.43291269064218 11.057607000038843 128.92309800000046 Manipuri 0
301.35898200001975 177.78719199999873 297.72890549596923 160.87629790016436 368.40889099999913 145.70437799998072 372.0390203499119 162.61519857132026 Manipuri 0
431.3111677688721 130.58109348285728 435.9837594605051 148.02425591067131 374.3767639189173 164.52684105533265 369.70424302598985 147.08373918163304 Manipuri 0
259.84724599999026 234.34886599998012 251.79763904154242 193.6763152236817 414.79414699999325 161.41746299997163 422.84412388944475 202.08951115173446 English 0
427.8225519999978 201.08946000002743 421.83657353991293 155.18103302652716 483.3424879999802 147.16145999999827 489.32862244073476 193.06969992788368 English 0
418.40073200000916 251.7556550000312 412.94029057629814 220.09955532249785 484.41891499998746 207.77038700000406 489.87951033574063 239.42628960585296 English 0
237.02773099998012 283.9679100000053 232.52106294945406 256.40074317389866 287.365495999984 247.4351989999716 291.8722846640594 275.00221376749937 English 0
288.41415099996084 274.69873299999847 283.2440061953821 245.95233368918886 410.05778899998404 223.14486299997552 415.2281993036013 251.8909200060904 English 0
272.17346700002963 296.78073799999294 269.3160061873641 281.1551171515347 317.42130599996017 272.3585390000116 320.2788289045566 287.9840788205087 English 0
355.7546754471696 282.1592639423944 320.5259230000229 286.64531300000033 318.78654839740193 272.98645437791504 354.0152019471134 268.5004116913067 English 0
411.545742485614 260.175243720824 413.2434201486467 276.2192239635719 358.4153050000168 282.0202870000189 356.71772437555774 265.97639572596347 English 0
415.95210954896174 252.2095352305248 428.4383600000001 253.15079700000186 426.85311523644486 274.1786998270519 414.3668649999745 273.23744000000056 English 0
464.20111282939615 248.08188970792855 466.5942459410144 264.28993362389787 431.50749799999176 269.4701780000101 429.11442657648877 253.26218939582526 English 0
442.8837930000009 333.91869600002497 438.1521997891832 300.64138562240737 502.77728000000934 291.4531030000269 507.5090825813095 324.73016000474195 English 0
366.4457250000123 346.00375699997835 361.6986584223923 316.7202905219204 439.13437199997134 304.1681490000316 443.8816604537715 333.4513370666005 English 0
272.3070629999711 358.99978799998246 268.26503100099217 331.100676586562 362.37020000000484 317.46745299998827 366.41250697808573 345.36623023127106 English 0
269.720107730318 332.52247755740876 273.4788756281341 359.5234879138676 232.56040400003258 365.218976999976 228.80179671221413 338.21811118428235 English 0
397.17620702751447 297.3357831399612 398.89604803174734 308.571073176636 347.75324300004286 316.39902200001933 346.03347617492545 305.16379828655295 English 0
328.8404830000218 316.8821900000065 327.8253981551825 307.2886238613514 345.8111220000137 305.38570200000737 346.8262244633661 314.9792480505449 English 0
333.89557196460373 359.2612805445233 335.1501791662304 374.13943188146163 293.3264269999927 377.66571799997337 292.07191163462994 362.787652170845 English 0
457.66521883168025 343.12272011588226 459.0387470398855 360.7551304015765 421.9376360000024 363.644825000007 420.564199878645 346.0125008311374 English 0
404.0755717832508 344.92192702309626 418.5920659999829 345.6940389999997 417.5271790550323 365.7131459319493 403.01068500004476 364.94103600000096 English 0
468.26954037991527 364.4527592598836 469.9199288798991 383.00236936388 395.56707800002187 389.6164650000316 393.9168983590207 371.0670484695157 English 0
375.0666575836658 376.2456034315647 376.2827309037675 394.4064260643964 326.2107280000055 397.75868500000826 324.994793630176 379.59799318735924 English 0
398.36776068834297 351.4401814884513 399.5494254017103 367.89311746309926 337.63112900000124 372.339380000033 336.4496105064609 355.88658135278615 English 0
318.8599286456156 382.17741236140745 320.84368954601814 399.43050385482843 266.6155730000173 405.6646429999719 264.63196316013637 388.41168935266325 English 0
179.83414299997094 468.80645600001566 177.98218558978988 449.16090499743484 268.13903800000844 440.6627239999765 269.99126396738575 460.3079736624764 English 0
270.6056410000019 456.5649419999974 268.806685715972 441.2471916927427 314.0257691456645 435.93721527413214 315.8248242321861 451.2548499465425 English 0
320.078016999978 452.14209699998105 317.9045961453812 433.7789569446756 365.62357700000575 428.13173999997684 367.79712218231 446.49473555567374 English 0
515.7565600337693 386.426692354077 517.5524930151732 406.24303221424043 425.927703999987 414.54512499997907 424.13206376702874 394.72905646203674 English 0
415.84779196629825 398.10308525240873 416.64890706895676 413.2766347235141 376.1211354772968 415.4159305060673 375.3201180000178 400.24247400000843 English 0
321.4043062982819 411.093811200696 322.762284411001 426.60906727584626 280.5161560000124 430.30599100001916 279.1582886114338 414.79083776080074 English 0
226.1430300000211 420.0040649999994 252.83168735710206 418.5130022759828 253.74144770124985 434.79469426993234 227.05279067093215 436.2857531301233 English 0
574.8833954371366 405.3514326732229 577.1674350959074 426.3055916646178 498.14031599999 434.91792600003015 495.8565602575982 413.9640270398062 English 0
491.4841630038427 414.46800323615025 493.8675017155765 433.3535858808596 398.55754800002615 445.3790580000109 396.1745290206454 426.4937651833134 English 0
359.82282905351894 109.38309063774813 361.5877797313442 117.59504952054706 341.8474360000255 121.83767700002733 340.08249349360995 113.62572522859764 English 0
362.1490140000242 117.66134600001774 360.34802398447937 109.42772537794164 382.2963780000282 104.62686600000899 384.0973734600266 112.86047897096478 English 0
33.19431000003533 437.13846099998887 31.301765522293863 421.2145067059026 68.39240857712866 416.806854909894 70.28503430257842 432.7307148176693 English 0
33.94041899999138 458.2649559999878 32.0247096534149 441.57341589532854 67.97292299997935 437.44815199999437 69.8887194533745 454.13959138770076 English 0
491.3945909999893 84.46008599996782 489.5241953045479 74.78781517930882 517.230544999984 69.43005800000601 519.1009465783281 79.10232098311147 English 0
515.201917000013 92.1323629999886 513.538823968338 83.58794144623239 531.5544709999813 80.08137799998008 533.2175678007479 88.62579452913897 English 0
536.110553453982 67.75982653586554 537.1874188318907 78.13344097841465 520.3127659999882 79.885153000004 519.2359058569127 69.51154334141572 English 0
551.5882529559167 64.95006597489429 553.0506889367825 71.98876255255739 539.0813619999972 74.89116699998048 537.6189290086768 67.85247303619569 English 0