338.2621114410722 260.0919086923399 313.2514458274818 254.96948498464647 318.50712999999814 229.30963999999778 343.51768018583243 234.43205151759992 Manipuri 0
340.55020051317115 261.3350037104918 346.5814970000065 236.48668299999497 369.2681369861384 241.993039360581 363.2369033681607 266.84130571686546 Manipuri 0
365.6722666515998 271.4138090271648 372.4140569999872 241.19436299999805 412.4188534732093 250.11876546901252 405.6772015935712 280.3380908834339 Manipuri 0
431.31723714774125 299.0215417805849 402.9975104601908 293.05439026321847 410.5270559999917 257.32228900000666 438.8465758946404 263.289418007537 Manipuri 0
314.9019295371545 317.129223012263 271.4241526417027 309.01212776752396 282.03360300001805 252.18950500000315 325.5108609808667 260.3065505015809 English 0
361.6766594166256 329.0887229477343 324.6295250312687 323.29106656833886 333.1166959999973 269.06311000000426 370.1633874723484 274.8607311403976 English 0
367.48197550099576 332.44914519334833 380.40261800000735 283.2487589999941 491.953750883622 312.54098754811906 479.0339004827547 361.74069250605436 English 0
605.04322286768 347.80256135442136 592.2837290000462 394.8900629999935 479.78522723824426 364.40767930587833 492.54517299996223 317.3209070000309 English 0
296.8352210928424 342.51036153890004 302.13572607797687 321.7819512356126 340.2990106856305 331.5399352248306 334.99862441392906 352.26824325616343 English 0
331.94964380360034 352.85140656755937 338.26458800002 329.02981700000873 416.6477780210698 349.80658154368587 410.333127818958 373.6279182077974 English 0
461.1800481370301 361.65716222701633 454.4353240000055 387.3653759999829 407.9756419084151 375.1773808178789 414.720473999987 349.4693359999869 English 0
493.17198761978943 369.17096152554086 487.5487830000202 393.09631899999295 452.71894025674555 384.910957320647 458.3422270000301 360.9857199999933 English 0
528.954087449456 379.721140229692 522.2958349999681 404.44259499999356 487.32417876133695 395.0245589514472 493.9825120000023 370.3032329999806 English 0