208.87189328517707 202.4564496947372 210.1847750000161 167.5021799999961 318.97558226926776 171.58798356666102 317.6629748927371 206.54198822532604 English 0
467.5869241277542 206.7531327423508 468.1449889999931 175.126357000002 560.9602710134641 176.76386780645086 560.4024191774806 208.3904341840643 English 0
319.92388815953746 210.90975990665163 319.1665620000276 170.48056199997637 464.70920778563595 167.7537711500145 465.4669414179807 208.18255214153967 English 0
263 204 315 204 315 235 263 235 English 0
261 135 323 135 323 176 261 176 Manipuri 0
479 141 555 141 555 179 479 179 Manipuri 0
470.8076617113693 144.8514405193252 469.4061520000105 176.97901099998685 329.47112244495656 170.87399591681728 330.87288399998215 138.74668999999 Manipuri 0
373 327 411 327 411 353 373 353 English 0
251 507 309 507 309 527 251 527 English 0
312 502 339 502 339 523 312 523 English 0
199 508 250 508 250 532 199 532 English 0
540 28 580 28 580 86 540 86 Manipuri 0
414 328 448 328 448 352 414 352 English 0
451 328 479 328 479 349 451 349 English 0
37 520 144 520 144 541 37 541 English 0
341 502 373 502 373 520 341 520 English 0
377 499 411 499 411 520 377 520 English 0
524 495 549 495 549 513 524 513 English 0
560 489 633 489 633 508 560 508 English 0