191.1857849752414 276.401674779107 217.4215658470348 201.1900297747076 511.5662670198071 303.7880232592455 485.3334974079917 378.99709189116714 English 0
14.009645049009123 220.27144073665193 40.04558000000543 134.09644199997865 218.8760229028412 188.12439438553776 192.8415285621304 274.2981583797414 English 0
72.00443264919159 145.81818734031236 85.09155400002783 108.46175499997791 253.92269207128265 167.60713056338312 240.83603246886923 204.96316935055103 Manipuri 0
247.8419048320211 209.82886123142518 259.7395900000265 177.19163099996987 412.10414698376553 232.73265181991923 400.20697699539596 265.3694442903945 Manipuri 0
410.00908364818315 275.5135578126543 421.88769017215236 240.9941967189448 648.6023175581067 319.00258861407775 636.7247710679658 353.5210604051566 Manipuri 0
639.3675010708102 346.27559443038547 618.6217320000287 422.2214449999894 468.8029737236502 381.29801158108535 489.54973200001405 305.3537430000015 English 0
8.205348264091299 245.87458266473942 18.04133899997396 215.21947799996803 117.62216113456816 247.1693415995892 107.7865163973911 277.82415133640717 English 0
121.6483736615919 284.02373667090774 130.85087500003283 254.86299899997564 224.59312593957293 284.44406395662645 215.3909807933087 313.6044980269032 English 0
211.38805015776597 317.683777091132 221.28330899999128 286.3855720000156 325.4861729028198 319.32766964781024 315.5913908845105 350.6254679439266 English 0
310.81754028498835 348.5041335888962 319.5261190000019 319.94181499998564 410.58840580932156 347.7037466019026 401.88024033617694 376.26571238759334 English 0
472.902679273393 375.3123683128461 464.4165288584918 398.1333701726243 399.68922231011675 374.0662338115292 408.17546799997217 351.2454520000205 English 0
531.3181904714293 390.93172897662777 524.1766610000195 417.0731109999784 475.15603471169015 403.6825368841059 482.2976860000199 377.5413499999866 English 0
600.387656430612 408.998278930672 593.5224369999924 436.33447200003286 520.0028382054006 417.872545194208 526.8682670000271 390.5366700000105 English 0
63.803748513237224 272.13685140550547 54.399293000024045 299.20978200000684 3.0329971534229117 281.3672504396461 12.43752599999425 254.29447100001013 English 0
68.69817151287862 268.7251388960322 171.08295142941643 300.8644930970292 160.36289338684583 335.01247017151195 57.97817100021348 302.87324499999846 English 0
160.30034329349292 330.7613697713569 171.83525100001134 301.8076559999886 225.42109388530662 323.15410061325724 213.88642603145854 352.1076109937976 English 0
366.88810411447776 367.8635864330921 357.3545269999886 397.6646049999953 214.60594382631825 352.001078000942 224.1398399999889 322.20065600002465 English 0
508.46236584904545 409.74506951400485 499.73178878783074 438.2331164812815 365.27820997122035 397.0313401261369 374.0091229999962 368.54389499999104 English 0
586.952411811144 436.25688034427037 580.0835450000159 460.4766350000181 495.3419545212091 436.446123575857 502.21102900002734 412.2267150000102 English 0
621.2165946503956 447.2581921549155 617.0146599999862 474.68330000003255 581.6534347627749 469.2660950877636 585.8555049999995 441.8411540000319 English 0
148.5854316537734 494.3912665010232 156.593509000013 464.36180899997794 299.6514151007432 502.503450398915 291.6442977062252 532.5320828117173 English 0
293.36276900001394 531.6647879999673 300.96273323419155 503.6833792266105 409.345839150119 533.1142299816137 401.7466003313166 561.0950160412227 English 0
483.19590597588103 580.1879977474237 490.6896237982437 552.5236291029698 610.7826417520846 585.0453222487292 603.2897941793635 612.7089430219687 English 0
474.9356187073863 552.7084216642188 467.9178690000117 579.9643890000136 397.3863442725997 561.8077671401866 404.40435999997135 534.552210999986 English 0