99 467 236 467 236 537 99 537 English 0
29 501 94 501 94 553 29 553 English 0
124 541 146 541 146 557 124 557 English 0
148 527 200 527 200 549 148 549 English 0
38 548 117 548 117 573 38 573 English 0
99 576 143 576 143 594 99 594 English 0
149 567 182 567 182 582 149 582 English 0
62 589 94 589 94 604 62 604 English 0
103 562 132 562 132 577 103 577 English 0
135 555 164 555 164 570 135 570 English 0
42 570 103 570 103 589 42 589 English 0
152 449 174 449 174 467 152 467 Manipuri 0
178 441 222 441 222 460 178 460 Manipuri 0
338 508 398 508 398 550 338 550 English 0
395 485 469 485 469 531 395 531 English 0
410 458 478 458 478 491 410 491 English 0
478 443 523 443 523 472 478 472 English 0
606.9675700859807 441.2043720350749 616.9295750002493 475.93931100000873 493.52745475800475 511.3234233112865 483.5663729998487 476.58927400002347 English 0
317 292 350 292 350 318 317 318 English 0
353 275 431 275 431 310 353 310 English 0
167 301 316 301 316 352 167 352 English 0
159 221 212 221 212 256 159 256 Manipuri 0
287.3967750000156 283.48271000001705 275.4388723606098 230.23762365448925 544.7778425829893 169.74864906994625 556.7366107064299 222.99247805046235 English 0
27.212914999981876 340.6310990000027 16.47194921337359 289.8732738283266 261.9791594315757 237.92161602884494 272.7211128613999 288.6780601990517 English 0
224.3143599999894 242.58602000001576 218.91416822465544 219.05896965050292 398.1152003704483 177.92697332744595 403.51562723037205 201.4536854526264 Manipuri 0