174 295 257 295 257 337 174 337 Manipuri 0
269 298 337 298 337 342 269 342 Manipuri 0
352 309 449 309 449 350 352 350 Manipuri 0
49 339 263 339 263 437 49 437 English 0
281 351 386 351 386 443 281 443 English 0
402 356 563 356 563 450 402 450 English 0
113 450 326 450 326 489 113 489 English 0
332 460 381 460 381 491 332 491 English 0
389 461 502 461 502 499 389 499 English 0
200 507 238 507 238 530 200 530 English 0
296 518 320 518 320 533 296 533 English 0
387 521 412 521 412 540 387 540 English 0