189.74276079097763 280.9238124636595 213.3376436623803 204.8423324203805 510.8835895608354 297.1122950922803 487.29172662344354 373.1911693358807 English 0
10.715510036388878 231.01108415334355 33.72818000003463 143.9799570000048 214.33517302313703 191.73400708787202 191.32399761510896 278.76384364885746 English 0
66.07661880269006 154.57920418054374 77.85207599998103 116.78880500003173 248.64448082684248 170.00612041877685 236.86950522424013 207.79610734800508 Manipuri 0
244.04096299876983 212.4142618051553 254.79235899998457 179.38168399998094 409.00240686387406 229.5714286881773 398.2515299582883 262.6035639905427 Manipuri 0
408.40178294922225 272.3994148514855 419.0698332439206 237.48164525953942 648.3687234548415 307.5301581420165 637.7017153762426 342.4470529536833 Manipuri 0
640.0896632231161 335.11385486864083 622.0072960000107 411.73742599997667 470.8518577725772 376.06747624222686 488.9353000000119 299.44546500001786 English 0
5.808335682886536 256.80121082362643 14.568497000000207 225.82151300002562 115.20366582190036 254.276634377609 106.44386475723877 285.25602323576265 English 0
120.51367004554777 290.96802893601784 128.69285100001434 261.50388799996983 223.41031739866594 287.79538735234985 215.2315005438868 317.25921598871656 English 0
211.37342722453468 321.47570399221286 220.1703180000186 289.851211999966 325.4592945591867 319.13660689295585 316.66288522414106 350.7606854608165 English 0
311.81798916593834 348.80725380675244 319.5243769999797 319.95838800002537 411.4999802788225 344.5253498049369 403.79400517944305 373.37386072620063 English 0
474.7399066136859 369.94245261412794 467.05545101780444 393.045742846965 401.52763637524913 371.2522089245815 409.21220399999584 348.1491389999867 English 0
533.6648252687883 383.5136012878925 527.4400839999726 409.8883140000126 477.9821084904688 398.2167090198522 484.2069829999673 371.842190000017 English 0
603.3227094568429 399.15866693334874 597.4158290000196 426.7178090000062 523.2968366245041 410.83293016749667 529.2039430000295 383.2741019999714 English 0
62.289397327112965 281.10710907751235 53.83552100000088 308.4917780000036 1.8778293224750087 292.4527834673755 10.33179400001245 265.0682730000274 English 0
67.06179675420572 277.52668340994654 170.50580902221554 306.07338404295695 160.98403872776544 340.57469129893775 57.54007299998193 312.02810800000753 English 0
160.77322687189735 336.32826423277686 171.29060600003868 306.9896139999917 225.58873856840364 326.4529253349606 215.07160553432186 355.7913666775894 English 0
368.52986489553587 366.1980100691576 360.04222700001264 396.3136389999917 215.78703489431064 355.65981048468046 224.27503799997794 325.54478600002676 English 0
511.4794883019931 403.1131463390832 503.7485715729417 431.8885737211371 367.93908676125284 395.4042577258344 375.6703800000105 366.62943200002815 English 0
590.8469619072275 426.86954322199006 584.8276729999634 451.3142759999796 499.2991799891752 430.25584976196296 505.31869699996605 405.8114600000311 English 0
625.4741881570226 436.66835160380566 622.232096000007 464.2234089999892 586.7035144063993 460.04360249471495 589.9457480000274 432.4887090000209 English 0
154.77614851006365 500.2673436208502 161.73120599996764 469.9766719999849 306.0329147519951 503.1024284285254 299.07882231993426 533.3922623183439 English 0
300.76599099971645 532.4654739999773 307.38461003908014 504.2358427890699 416.72879097110126 529.8662365253897 410.110895232865 558.0952408986627 English 0
492.17713896621717 574.3340957985845 498.70055110615795 546.4250403685037 619.8551757683163 574.7356307821216 613.3326211734675 602.6439420794862 English 0
482.96242218049883 547.1594489981577 476.90038799999456 574.6437659999888 405.77838219105615 558.9597474925158 411.8407080000179 531.4758419999994 English 0