429 262 502 262 502 305 429 305 English 0
503 252 582 252 582 295 503 295 English 0
465 240 497 240 497 262 465 262 Manipuri 0
497 235 541 235 541 255 497 255 Manipuri 0
328 406 369 406 369 426 328 426 English 0
397 356 427 356 427 375 397 375 English 0
453 340 474 340 474 359 453 359 English 0
-7.06460151624924 197.06963618215482 0 156.4591430000242 124.53523654730816 178.12245226475625 117.4710409627005 218.7325840096051 English 0
0 209 9 209 9 233 0 233 English 0
4.503520599973854 237.0506197854782 8.711781000019982 206.1239469999689 56.743068817595486 212.65940122280313 52.53494738666632 243.58594869846627 English 0
109.28495996879064 225.53997069566805 105.50244199999725 251.75519300000923 46.66969406265707 243.2665218433026 50.45232399999804 217.05143499999028 English 0
254.6118574445427 193.9280833809613 251.71689299997524 210.63157900000203 207.6182114060066 202.9887504667348 210.51321899998584 186.28530999999984 Manipuri 0
275.9926439999981 441.5999219999703 271.631371763724 423.32042381166167 324.21839100003126 410.7753369999875 328.5797695485235 429.0546784940343 English 0
430.78113353964 384.1209565226824 435.9153128829348 403.819951004736 372.8211050000391 420.26191200001847 367.6871487425524 400.56310922962047 English 0
483.9410377591412 387.9861086066526 458.93344199997955 394.899086000002 454.75063169636996 379.7692950426039 479.75812154312734 372.85633313553126 English 0
234.08673999998427 446.86286099998625 216.5050205840089 360.3516121199502 374.7246989999985 328.19927900000755 392.30790152738336 414.70850863308624 English 0
618 569 640 569 640 582 618 582 English 0
620 556 635 556 635 570 620 570 English 0
510.12471117945097 528.3716308175165 513.0925713944453 541.4586329764493 484.9326899999869 547.8432089999778 481.9649168745673 534.756282424589 English 0