231 270 244 270 244 279 231 279 Manipuri 0
267.12403441546485 265.62536112634257 268.9446487637906 274.20397736456874 246.05572300002677 279.06132000001656 244.2351319485897 270.48272407530504 Manipuri 0
289.26972805536934 260.10428763448107 291.28632521598774 267.7632633938869 268.72179194673663 273.7041213314958 266.70521540181653 266.04516327865844 Manipuri 0
290.3346949999832 267.66351699997523 288.7909874808247 257.71337746797656 305.2944739999657 255.15308199996622 306.83819459191 265.1032053068867 Manipuri 0
337.743063072121 249.0347328566713 339.60630092922656 258.3045307176742 305.5118064967246 265.1571460488001 303.64860382171173 255.88737899120855 Manipuri 0
96.81742300002952 365.81266299997367 92.45564892313269 329.5515514961803 174.67857000003278 319.6617380000169 179.04067259893054 355.92246644597003 English 0
178.27490099996794 354.2020229999887 173.6132795868616 319.4020600485388 251.09094200000982 309.0241930000106 255.75284493374056 343.823820103338 English 0
254.104359999983 343.9832930000308 248.16611784459383 305.6311996694408 321.2680318039929 294.3131540130793 327.2065468988876 332.6649117048603 English 0
65.90824099999736 331.8400589999987 62.63836878788425 308.08451436077365 153.86630799999693 295.52784799996414 157.13639306850382 319.2831369700393 English 0
155.74181600000884 318.41288200003214 152.04907485858712 295.94420918086416 197.383708999987 288.4938839999649 201.07654250707128 310.96244010308476 English 0
201.20366200004355 309.82972600003376 197.70469429946388 288.58929971270965 241.27013700002863 281.4131070000166 244.76918670341547 302.6534302095332 English 0
129.54880099998263 391.7936389999743 128.19523376274446 379.3544138700446 173.1479820000095 374.46333700002674 174.50161923479754 386.90248190702255 English 0
222.73330200841883 368.82599684932575 224.1847287460405 381.40081071894986 175.399649999963 387.0309350000036 173.9483183217817 374.4562078776654 English 0
135.4670530000294 405.53501399997776 135.1073320433352 392.5126835640506 162.87471199997526 391.7457159999849 163.23448505616398 404.7679927510854 English 0
165.37898599999608 403.56059600000543 163.84246520043234 391.10101066407395 234.7797410000203 382.3537010000212 236.31637293729 394.8131561090348 English 0
238.04170700001123 395.2579659999699 236.54031180667516 382.6007866126033 298.00411899996107 375.3105350000174 299.50561078090686 387.967602118322 English 0
205.23311199998716 446.05870800002924 203.07651271054056 423.23642247159955 246.40585599998303 419.1424960000251 248.5625978950702 441.964621691722 English 0
198.79449542502698 450.29439681274243 176.86618899999303 448.35112099999895 179.19047681767552 422.12822449007274 201.11859700002242 424.0714919999993 English 0
144.14768053175067 429.7804389666879 173.49688768721535 430.4463141672493 173.0492150838836 450.17518305081 143.7000079999416 449.5093099999996 English 0
139.9418465099734 429.7409512215985 141.91381113560055 449.9275127448913 94.23446599997988 454.5842149999838 92.26267364974774 434.3978124661387 English 0
106 400 115 400 115 404 106 404 English 0
106 406 117 406 117 410 106 410 English 0
89 472 96 472 96 480 89 480 English 0
97 472 104 472 104 480 97 480 English 0
108 471 119 471 119 479 108 479 English 0
121 469 145 469 145 478 121 478 English 0
148 470 162 470 162 477 148 477 English 0
163 466 191 466 191 476 163 476 English 0
88 483 101 483 101 492 88 492 English 0
104 481 132 481 132 491 104 491 English 0
134 480 165 480 165 490 134 490 English 0
125 491 163 491 163 508 125 508 English 0
165 490 185 490 185 505 165 505 English 0
112 494 122 494 122 507 112 507 English 0
101 494 110 494 110 508 101 508 English 0
82 497 100 497 100 510 82 510 English 0
55 495 79 495 79 509 55 509 English 0
80 484 86 484 86 493 80 493 English 0
58 484 72 484 72 493 58 493 English 0
41 484 57 484 57 494 41 494 English 0
36 495 54 495 54 508 36 508 English 0
193 466 202 466 202 474 193 474 English 0
166 479 177 479 177 489 166 489 English 0
178 479 213 479 213 489 178 489 English 0
187 490 207 490 207 505 187 505 English 0
210 487 273 487 273 503 210 503 English 0
203 464 226 464 226 475 203 475 English 0
228 463 248 463 248 472 228 472 English 0
215 476 238 476 238 486 215 486 English 0
259 462 279 462 279 472 259 472 English 0
250 475 272 475 272 486 250 486 English 0
281 459 289 459 289 469 281 469 English 0
274 472 281 472 281 483 274 483 English 0
290 460 303 460 303 470 290 470 English 0
284 469 334 469 334 484 284 484 English 0
276 485 319 485 319 501 276 501 English 0
338 467 371 467 371 479 338 479 English 0
322 484 350 484 350 497 322 497 English 0
352 482 376 482 376 499 352 499 English 0
404.6127649999835 264.64744400001274 403.54951135697775 260.395303042873 424.0791230996547 255.2620885696754 425.14238247931644 259.5142208224849 English 0
412.1610079999664 268.6898859999842 411.28911386913387 264.5981362368136 420.4962399999931 262.63632799998226 421.3681368734251 266.7280739603225 English 0
425.32468333309225 254.2687552291531 428.5644759999559 254.375753999999 428.38340466412774 259.8581057147333 425.14361200002895 259.7511070000002 English 0