496.5964299999905 429.6090150000044 492.36031196196564 401.0421561052224 546.4922389999992 393.01593000000923 550.72855314349 421.5825505471667 English 0
556.3814789999742 421.21064099997807 551.5929917690664 387.44015773376793 626.5052390000346 376.8189930000302 631.2940404774417 410.5890966639978 English 0
606.726759000012 433.8082009999792 604.7424396980205 423.8257552336721 626.9547779999994 419.41094100000635 628.9391239701945 429.3933509325606 English 0
568.0687380000018 440.40696499998126 566.5636077408999 429.6306560810882 605.3782099999808 424.2100739999699 606.8833967296086 434.9863150109535 English 0
416.08604318113066 445.80832334154417 414.68534818312037 417.81839938870337 454.7918429999845 415.81160900000407 456.19270854738716 443.8013519166753 Manipuri 0
410.2901147140801 418.8105387900186 416.197480230112 445.23169737526473 362.6419760000135 457.20380300000244 356.7348820588086 430.78288022629295 Manipuri 0
536.1265860000276 344.2318449999867 534.3200555087969 336.1103157893769 551.7880359999981 332.22510699999236 553.5945793846622 340.346617922532 English 0
554.4537670000136 339.3402020000026 552.9586643494258 330.19145479871975 570.4484080000111 327.3334810000023 571.9435266709479 336.4822080786197 English 0
606 324 614 324 614 332 606 332 English 0
351.9942450000235 243.13004899997412 349.2701220211893 233.54530329419393 373.8077840000187 226.57161700001967 376.53191979115945 236.15634133534707 English 0
398.2151450000674 216.9373639999981 403.72212009977375 216.62444647302692 404.3302815451898 227.32697478014498 398.82330646913033 227.63989203016627 English 0
374.60826800001087 236.7203259999743 371.5106519937399 228.86968879006662 397.26963879715186 218.7063736670563 400.3672620027646 226.55699247114282 English 0
362.86362236583955 256.1029298175613 352.194365999967 256.4836250000005 351.7314653327776 243.51074372361035 362.40069599996787 243.13004900000016 English 0
374.40814195317216 239.39102749021242 377.6339293593628 248.6652626298741 363.6014380000415 253.5458410000275 360.3756654630706 244.27161847753194 English 0
375.60888899999554 247.1361239999731 373.23625265540613 237.75317159014844 394.2204440000205 232.4471840000119 396.59309220078285 241.8301183032926 English 0
396.62192899995716 239.92519799996836 394.4128125658608 233.09712426461115 409.63000000003376 228.17403699999255 411.83912145366776 235.00210122523853 English 0
422.8381886421266 222.03137172545027 425.86043015602627 230.64738124399784 410.830758000011 235.91912400000197 407.808530252878 227.30312616417206 English 0
402.4255298775097 247.67025217687288 404.41054035007255 255.18643170386457 392.41932400000223 258.3531289999852 390.4343237293506 250.8369582388346 English 0
391.2185758484702 251.9433914189034 393.19977960549295 259.8601696164453 376.80964699997276 263.9616390000091 374.8284581128246 256.04487361984076 English 0
374.8084010530147 256.2165447654842 377.17681005975464 264.15804869321454 364.40193800001 267.96771299998204 362.0335410772532 260.02621938820135 English 0
351.59398700001475 270.90549699999974 349.74437967866834 263.8605099238788 363.60143799996877 260.2226319999862 365.45105168210284 267.2676091027806 English 0
357.59771215096407 272.2408507058767 358.8587787192955 278.6188565173801 350.5933659999573 280.2530039999676 349.33230572525645 273.8750037071828 English 0
367.00355609864346 269.57013022506754 369.0409812839789 275.7321130892914 358.59833399998024 279.18471299997043 356.56091694676434 273.02273704790616 English 0
391.01844290373265 261.5579343832102 392.9043730198464 267.35412098705456 368.6833135640336 275.23457202978716 366.7974007604789 269.4384001456944 English 0
422.1382430000085 195.4015789999966 420.29045783609035 189.30949174786338 434.5459509999637 184.98578399999894 436.3937397993868 191.07786484022006 English 0
409.330306999982 200.4759390000013 407.30025139615464 195.32097322747222 421.33775800000876 189.79307399999672 423.3678158190014 194.9480341311123 English 0
181.59026399996947 241.30607599996566 173.62629938674218 216.22387580106363 225.9283950000099 199.61774400002332 233.8924205082003 224.6998311674298 Manipuri 0
228.9514419999614 213.2897219999786 224.6296788998734 199.87375404802054 244.906450999988 193.3420789999714 249.22822553955484 206.75802520206489 Manipuri 0
228.44760699998005 224.72039999996542 225.16961949368124 214.11401418669297 245.24235299999418 207.91058699998158 248.52035044859804 218.51695483350116 Manipuri 0
148 618 162 618 162 636 148 636 English 0
584.6458552936383 122.37067332585659 586.717144501381 129.45355572489643 570.1066580000042 134.3109889999714 568.0353756286058 127.22811243697652 English 0
558.2515940000303 139.08710500002752 556.4415381760045 131.85344256376618 568.0935180000233 128.93784300001053 569.9035766808083 136.17150111244445 English 0
557.8042374337383 132.51992292337314 560.0112030689343 140.61228786338032 543.712394000031 145.05725599999613 541.505436575535 136.96489809187366 English 0
519.5549593925534 147.14679337924107 521.6071007373102 154.99503980379293 503.67368799998076 159.68413100002633 501.62155628982873 151.83589284978058 English 0
541.475592198185 139.08709964411528 543.4990093103988 145.10166926845423 533.8704879999568 148.34083499998252 531.847074728139 142.32626863682995 English 0
528.725838586106 153.11695421188742 531.0316903727653 160.55656057600328 518.4365640000033 164.46024699999566 516.1307190095977 157.02064642808512 English 0
564.2909578976105 139.08708682753465 567.0568233677477 146.16396896057162 547.7386410000327 153.7139799999833 544.9727849529154 146.6371058509149 English 0
564.0658848176827 138.1353888319957 569.2119180000009 137.29606400000318 570.7790904568537 146.9045037023784 565.6330573796731 147.74382810117356 English 0
556 163 564 163 564 170 556 170 English 0
536 162 542 162 542 168 536 168 English 0
529 172 535 172 535 180 529 180 English 0
550.870159795013 166.25127674571476 553.5128139828885 173.3241311363485 539.6861640000134 178.49010399998406 537.0435176931642 171.41725628398774 English 0
1.1200280000048224 400.779083000034 -5.467578792158747 382.1747278488405 39.388620000027004 366.2932859999877 45.976286155346315 384.89751475116185 English 0
57.825282454141416 383.7442591180537 43.925608999998076 384.9840640000009 41.66442078931141 359.63557751796236 55.563996999990195 358.3957769999978 English 0
8.813193000023603 424.99810399999967 4.067401039792458 411.2194691194472 38.20505800002138 399.4628320000162 42.95088727696566 413.2413906604719 English 0
55.67666175935301 414.92737424076694 39.98039300000528 414.7313579999997 40.26236548386805 392.15907542233714 55.95852799997374 392.3550909999999 English 0
57.06669868050085 391.7538109978018 62.07569752688869 391.7882700683888 61.95383084552304 409.5008199796648 56.94483199993556 409.46636099999984 English 0
29.52558199998748 361.29153600001445 26.55470522462565 353.5536583585514 42.74204699999245 347.3392719999938 45.712931063826545 355.07713196188035 Manipuri 0
11.377581999986432 369.1890460000329 8.695893853073358 363.00664575595937 27.115397636734997 355.017739489929 29.79709098872263 361.20012302051884 Manipuri 0
44.84603834156587 442.5546758879823 58.52290900002117 442.89913299999995 57.99700961295457 463.7771208997012 44.320138999974006 463.4326649999996 English 0
44.51727748652047 447.3740056006006 49.45960868746624 462.85678267583796 0.866893279744545 478.365506855891 -4.075278457457898 462.8828653125486 English 0
52.99961600001552 522.4849410000048 51.42220860121597 510.7982327865434 70.16129700001329 508.2694210000238 71.73873989660933 519.9560868325461 English 0
30.511885000014445 525.9072030000347 28.912965823474224 515.3255985877115 51.224265999990166 511.9549290000341 52.823222738006734 522.5364873187294 English 0
0 532.4884609999771 -1.357565590296872 522.4860524927993 27.750231999962125 518.53618700003 29.10784564774076 528.5385380613077 English 0
0.10865877236938104 411.0762151480731 8.6159349999798 411.1300609999998 8.507276226300746 428.2951777076743 0 428.24133199999994 English 0