226 234 260 234 260 259 226 259 Manipuri 0
265 236 289 236 289 255 265 255 Manipuri 0
411.4861579600256 228.82431709780724 412.7547309998772 243.91798500000692 295.49358210366336 253.7722768468281 294.2251799998485 238.67876800003006 Manipuri 0
419.0975539672945 241.67357628195774 417.45873500003654 228.08819699999975 450.29773468406347 224.12692574632752 451.9365870505135 237.71226602462252 Manipuri 0
529.3098536680191 220.22348234707354 529.5327436654043 237.84668947120434 455.60416048407205 238.7813798820568 455.38138299998536 221.15828400001783 Manipuri 0
184 261 241 261 241 304 184 304 English 0
294.21246294856246 360.19015460706163 296.0986940605653 382.31355125187906 111.87867407461454 398.0157211107264 109.9930619999941 375.89290000002444 English 0
302.9358660959406 376.5541671862138 300.8938705626497 356.19786165268783 492.8929250020883 336.937561538241 494.9353814549977 357.29334408686356 English 0
560.4688239032112 334.7216315897256 562.4619820000225 351.7286290000184 499.9428447882383 359.05465764843973 497.9498379999859 342.0477979999873 English 0
568.7452837094315 350.08231536884495 566.872048872101 333.0410831513371 620.1801980000164 327.1816319999703 622.0535332229338 344.2227490357641 English 0
627.6750940000056 328.3338469999962 638.603116921222 326.2601328803401 641.6079980568611 342.09390012944573 630.6799762858282 344.16761008432525 English 0
504.01238600003126 272.67312299999327 501.6045482498157 243.37791270274056 574.5855798028788 237.3795837180265 576.9936022332695 266.6745896316448 English 0
264.8776442537928 292.41961848742795 262.1093649999966 262.0335110000011 493.26724059457774 240.9730573244008 496.0361468343035 271.35845761331706 English 0
102.85195099997509 367.3787269999972 97.57684130585403 310.9954308268674 634.8807833095634 260.7106793904027 640.1591476450267 317.0908088635689 English 0