228 521 349 521 349 576 228 576 English 0
220 558 504 558 504 640 220 640 English 0
186 441 283 441 283 487 186 487 English 0
317 441 441 441 441 495 317 495 English 0
475 451 543 451 543 495 475 495 English 0
366 343 469 343 469 421 366 421 English 0
80 251 296 251 296 345 80 345 English 0
71 329 351 329 351 429 71 429 English 0
491 344 589 344 589 420 491 420 English 0
450 259 516 259 516 295 450 295 Manipuri 0
517 262 589 262 589 295 517 295 Manipuri 0
497 489 507 489 507 504 497 504 English 0
510 492 536 492 536 505 510 505 English 0
472 490 495 490 495 502 472 502 English 0
575 535 613 535 613 640 575 640 English 0
0 522 22 522 22 548 0 548 English 0
0 548 13 548 13 614 0 614 English 0