188 279 255 279 255 323 188 323 Manipuri 0
446.4466789431026 258.55808093705417 449.0970049944008 307.31741364043825 280.0416669999686 316.50390600001253 277.39226690326177 267.7454534566278 Manipuri 0
122 331 251 331 251 399 122 399 English 0
131 398 162 398 162 422 131 422 English 0
175 391 228 391 228 416 175 416 English 0
272 371 388 371 388 408 272 408 English 0
410 359 506 359 506 394 410 394 English 0
171 434 292 434 292 499 171 499 English 0
353 396 424 396 424 475 353 475 Manipuri 0
432 368 640 368 640 464 432 464 Manipuri 0
88 452 164 452 164 539 88 539 Manipuri 0
30 459 78 459 78 533 30 533 Manipuri 0
521.0299563150329 310.88077572829803 525.4564189999655 354.84108400002617 285.58328671111667 378.9879821149956 281.1582988592272 335.0290313911278 English 0