241.19102399999974 371.30596699998904 239.97120290339808 282.3372992321342 308.9984318111965 281.3910495183817 310.21898782462813 370.358970768816 Manipuri 0
392.6699442923564 258.3192708046272 399.713785999993 368.33879300002684 317.5210001589585 373.59970003749254 310.4782812564372 263.58123493461426 Manipuri 0
98 282 195 282 195 370 98 370 English 0
420 277 492 277 492 350 420 350 English 0
500 369 576 369 576 461 500 461 English 0
579 367 626 367 626 447 579 447 English 0
612 481 640 481 640 544 612 544 English 0
106 562 149 562 149 613 106 613 English 0
162 545 264 545 264 603 162 603 English 0
276 529 318 529 318 581 276 581 English 0
355 504 379 504 379 547 355 547 English 0
395 514 449 514 449 562 395 562 English 0
6 412 97 412 97 534 6 534 English 0
108 398 233 398 233 517 108 517 English 0
243 387 344 387 344 498 243 498 English 0
351 377 490 377 490 482 351 482 English 0
436 579 482 579 482 633 436 633 English 0
508 581 538 581 538 614 508 614 English 0
579 568 605 568 605 615 579 615 English 0