310 250 365 250 365 277 310 277 Manipuri 0
368 254 431 254 431 282 368 282 Manipuri 0
206 270 362 270 362 321 206 321 English 0
372 286 520 286 520 332 372 332 English 0
226 318 321 318 321 343 226 343 English 0
326 325 370 325 370 344 326 344 English 0
372 328 404 328 404 346 372 346 English 0
454 336 502 336 502 352 454 352 English 0
473 384 496 384 496 395 473 395 English 0
471 396 497 396 497 406 471 406 English 0
477 256 490 256 490 268 477 268 English 0
491 258 498 258 498 267 491 267 English 0
476 269 481 269 481 277 476 277 English 0
486 269 493 269 493 278 486 278 English 0
501 270 513 270 513 280 501 280 English 0
510 257 516 257 516 268 510 268 English 0
493 271 500 271 500 280 493 280 English 0
226 355 282 355 282 372 226 372 English 0
283 358 331 358 331 377 283 377 English 0
333 361 356 361 356 376 333 376 English 0
226 377 248 377 248 391 226 391 English 0
251 377 273 377 273 392 251 392 English 0
274 378 320 378 320 398 274 398 English 0
224 396 289 396 289 418 224 418 English 0
300 399 334 399 334 418 300 418 English 0
224 418 261 418 261 435 224 435 English 0
266 418 312 418 312 438 266 438 English 0
325 422 362 422 362 441 325 441 English 0
223 439 243 439 243 457 223 457 English 0
244 439 290 439 290 458 244 458 English 0
221 462 251 462 251 480 221 480 English 0
253 462 273 462 273 480 253 480 English 0
273 462 309 462 309 480 273 480 English 0