35.43661099996825 416.3898370000244 34.20730721525615 358.742410276505 429.218268107943 350.31046830328694 430.45074972702423 407.9546287691374 English 0
294.68174719135277 356.0830889050194 293.76699499996903 316.64680899999166 386.8377860700275 314.4878426268034 387.75298534164904 353.923663506236 Manipuri 0
502.5844829696143 308.2308822946954 506.11582800003816 351.9240989999904 388.59100232184574 361.4206206103071 385.06034300000465 317.7280429999774 Manipuri 0
115.13339567980438 315.4132205604237 114.9437678965478 343.3247235284605 60.0796000000264 342.9517400000359 60.26941393996822 315.0404247710874 English 0
159.5875991864159 416.97843560548347 369.0186339717184 410.08248031319454 370.84408800001256 465.5142100000001 161.4130564354855 472.41010261223175 English 0
425.34017616693745 412.21087599191753 424.01480500004254 355.85844700000536 626.7605465707311 351.088303432717 628.0875007325812 407.43911829862475 English 0
463.64113648021885 410.07537729028945 464.16973899998993 456.91862299997103 369.63859215946286 457.98411436739946 369.11071199996513 411.14158199998025 English 0
569.9691818851716 406.24635639843297 573.8153479999892 457.35897999998826 467.52178924827604 465.35491576729095 463.6765629999718 414.2431709999679 English 0
640.0004298031126 450.6279559999999 572.7155120886891 450.62795599999987 572.7160610000283 402.964209 639.9999601201853 402.964209 English 0
273.4879937743972 519.0778280801906 195.3221519640647 524.1560571442016 191.86309862510825 470.91103525148037 270.0274110000464 465.8328559999978 English 0
276.71330999153724 517.9868797213342 274.2469980000169 472.0894049999903 335.68490464036586 468.7885231381757 338.15170476016647 514.6854796513703 English 0
344.5267771952058 517.6875213240038 342.1084569999948 467.5849980000338 423.7242101825541 463.64608301625333 426.14323876863637 513.7478583680978 English 0
428.73599421363906 509.41514824472563 424.4307960000151 464.7102379999871 511.81723740301095 456.2958409001225 516.1230625034659 501.00004344207184 English 0
513.1493339999724 507.5067419999947 509.0639362472575 460.5618993468335 631.9237338075618 449.8709200673959 636.0100610478548 496.8147321497228 English 0