235 262 248 262 248 272 235 272 Manipuri 0
272.06430475031084 261.22382796530974 273.13027484269696 269.9284798256502 249.90514400000393 272.77243599998576 248.83919614941988 264.06780434557885 Manipuri 0
294.6069219108176 257.65388792768437 295.9482886909245 265.4594835671362 272.9518663552881 269.41110464403823 271.6105196982244 261.60552682014367 Manipuri 0
295.00900499995623 265.27717200001666 294.3384283166961 255.23034858189976 311.0022139999637 254.11817399996895 311.67280570574803 264.164981145039 Manipuri 0
343.86057548210374 250.85118474338455 344.90877115043986 260.24810560430217 310.3468074442935 264.1031147521551 309.29864596888365 254.70622516198657 Manipuri 0
93.67386300000362 346.1866890000239 92.48933134083927 309.68339155003946 175.26104299999133 306.99742799997773 176.4459293976688 343.5003579826987 English 0
175.83330499997828 341.719717000028 174.22269931768824 306.6458547361289 252.30976699996972 303.06013899997083 253.92068522683985 338.1336722150474 English 0
252.26483099999314 338.14884599999357 249.69206152032712 299.42508580363744 323.5022235022916 294.52140100625115 326.0753055011446 333.24482516873496 English 0
65.84320800000569 309.6494479999648 64.65636177381384 285.6993288199301 156.6313850000006 281.14146700003437 157.8184606294235 305.0913434470638 English 0
156.50519399998302 304.1028779999763 154.78492165952048 281.39784395570354 200.5962400000135 277.92706099998827 202.31661543322843 300.63198202871126 English 0
202.5421159999678 299.51464399996394 200.90781480706937 278.0500718038526 244.9327970000013 274.69818199997246 246.56719081169285 296.1626530242888 English 0
124.01629799998773 374.9215270000221 123.7521502988966 362.4116643632177 168.96000499997172 361.45709099996816 169.22422846735572 373.9668761083161 English 0
218.84796495076444 360.16285167592116 219.19778364994272 372.81630769329627 170.1077670000086 374.17311099998494 169.75803537010506 361.5197397896575 English 0
128.71438900001522 389.126420999983 129.49113440015935 376.1222984438714 157.21957000001566 377.7783310000257 156.44287893337605 390.78240198695426 English 0
158.6845799999719 389.7665139999647 158.23995648883283 377.2204224235953 229.66954700001224 374.68899200000067 230.11429321857577 387.2349560299697 English 0
231.79441899999802 387.8284510000311 231.40200699264824 375.0885666765902 293.2671890000347 373.182994000024 293.6597089972929 385.92276672113496 English 0
194.6830939999927 435.5764230000002 194.52407683878846 412.6530064003464 238.04506599997694 412.3510760000087 238.2042393960728 435.27433524950175 English 0
187.8998419141135 439.2346029963969 166.22431900002994 435.38777300000424 170.8252020531654 409.46745699269144 192.5005489999603 413.31427099999695 English 0
135.24884997597837 414.03615122465794 164.42838221482816 417.25710979303017 162.26293259271188 436.87187951344583 133.08340199997474 433.6509309999969 English 0
131.06246818730142 413.6302594691497 131.2672955585731 433.9118552211187 83.36378499996499 434.3953180000355 83.15911234916712 414.1138754271787 English 0
100 381 109 381 109 385 100 385 English 0
99 387 110 387 110 392 99 392 English 0
76 452 83 452 83 460 76 460 English 0
84 452 91 452 91 460 84 460 English 0
95 452 106 452 106 461 95 461 English 0
109 453 133 453 133 462 109 462 English 0
135 455 149 455 149 462 135 462 English 0
150 453 178 453 178 464 150 464 English 0
75 462 88 462 88 472 75 472 English 0
90 463 118 463 118 473 90 473 English 0
120 464 151 464 151 475 120 475 English 0
110 475 148 475 148 492 110 492 English 0
150 477 170 477 170 492 150 492 English 0
97 476 107 476 107 489 97 489 English 0
86 474 95 474 95 488 86 488 English 0
66 476 84 476 84 489 66 489 English 0
40 472 65 472 65 486 40 486 English 0
66 462 72 462 72 471 66 471 English 0
44 461 58 461 58 470 44 470 English 0
27 460 43 460 43 470 27 470 English 0
21 470 39 470 39 483 21 483 English 0
180 454 189 454 189 462 180 462 English 0
153 465 164 465 164 475 153 475 English 0
165 467 200 467 200 478 165 478 English 0
172 478 193 478 193 494 172 494 English 0
195 479 258 479 258 496 195 496 English 0
190 454 213 454 213 465 190 465 English 0
215 454 235 454 235 464 215 464 English 0
202 467 225 467 225 478 202 478 English 0
247 457 267 457 267 467 247 467 English 0
236 469 259 469 259 481 236 481 English 0
268 455 276 455 276 465 268 465 English 0
260 468 268 468 268 479 260 479 English 0
278 457 291 457 291 467 278 467 English 0
270 467 321 467 321 483 270 483 English 0
261 481 304 481 304 498 261 498 English 0
324 469 357 469 357 482 324 482 English 0
307 485 335 485 335 498 307 498 English 0
337 486 361 486 361 503 337 503 English 0
409.1150809999817 272.2325649999849 408.4264885556331 267.90393409587944 429.3253558553988 264.57953329516357 430.0139556475915 268.90815505026046 English 0
416.28227799999877 276.91749799998365 415.7703376162681 272.7653258046173 425.1133950000076 271.6134389999922 425.62533878888644 275.7656072111356 English 0
430.652744342442 263.69854844979466 433.87088600000425 264.0874919999981 433.2126866195904 269.5331853386586 429.99454500000866 269.1442420000029 English 0