332 162 373 162 373 190 332 190 Manipuri 0
377 161 413 161 413 185 377 185 Manipuri 0
364 271 459 271 459 325 364 325 English 0
475 258 623 258 623 322 475 322 English 0
417 169 532 169 532 251 417 251 English 0
553 167 608 167 608 239 553 239 English 0
412 402 451 402 451 427 412 427 Manipuri 0
469.34392127150204 414.0248910165984 456.09649300000456 414.95112799999936 455.1160079129477 400.92914401300703 468.3633800000098 400.00290900000016 Manipuri 0
516.2059490526735 394.40616036380897 516.3885710309114 408.5847311049555 504.68443700003263 408.73544099998975 504.50184010689554 394.55689502548796 Manipuri 0
427.30608999998367 516.0329749999813 421.8276934494497 480.6599300111526 547.5776434598083 461.1868079636695 553.0567023702315 496.55903562499054 English 0
626.9966895826656 450.6202798076448 632.1258624352049 484.22527164230763 557.3018314094952 495.64312608790425 552.1731590000127 462.0385819999815 English 0
424.5205733329931 517.5234935260319 392.679266999985 521.2656749999989 388.3656604197313 484.56735572791047 420.2065330000187 480.8251999999958 English 0