86.36020999998436 197.7335020000171 84.70350111689186 159.06381822922785 188.66038400003163 154.60992099997512 190.31734501397295 193.27933913162587 Manipuri 0
48.092391850295826 159.19695771627227 52.214220592795755 202.52162074751553 0 207.48887800002106 -4.12166141832131 164.16436882204192 Manipuri 0
353.5844997636741 203.6603335748525 355.5130934130284 277.70184258983136 0 286.95469399998973 -1.9261330801964505 212.91557937053884 English 0
40.309078999998746 334.7289199999835 39.283792272617575 296.52097417989904 126.19214842197835 294.18876565506474 127.21781300933799 332.3963223680521 English 0
333.795000677419 289.0346964502213 334.76129824790405 326.28726627485844 139.2644840000139 331.3552550000047 138.29904664860805 294.1035214199379 English 0
25.26510192270507 297.95923092872704 27.911577779595973 336.31660707756134 3.4408547884231666 338.00474706211327 0.7944970000244211 299.6474820000044 English 0
311 334 349 334 349 358 311 358 English 0
257 335 310 335 310 361 257 361 English 0
215 340 252 340 252 363 215 363 English 0
155 339 214 339 214 370 155 370 English 0
115 344 147 344 147 366 115 366 English 0
33 344 107 344 107 376 33 376 English 0
4 352 21 352 21 371 4 371 English 0