289 94 352 94 352 165 289 165 Manipuri 0
234.52188688002934 98.79005593095184 254.70231375744333 174.0978793784716 113.60780935072398 211.9057202846804 93.42811499998788 136.59851999996835 Manipuri 0
101 445 207 445 207 511 101 511 English 0
36.432112858092296 339.86765455004337 15.022666999866487 247.80331199999776 338.61820416619594 172.55143599976665 360.02965230247355 264.61283752228064 English 0
85.09707899997011 423.5666790000007 69.97514269045496 364.3260746088143 198.6183248856105 331.4910716204417 213.74097926884133 390.7305699850067 English 0
215.3035120000277 389.2766690000218 198.03068556284416 331.8594114295413 349.35808932830696 286.33862956523853 366.6315662695706 343.7547421851519 English 0
302.9532165528508 407.10669617995813 317.5568773410487 462.23421150008164 228.87140899998485 485.7229540000165 214.26872259726224 430.59627388631566 English 0
234.00470292115642 501.9221266609975 245.39434430691472 552.5719636139455 140.5893720000313 576.1326070000354 129.20098307418812 525.4838548212559 English 0
146.3489830000617 581.9662109999933 241.67747895451612 559.5597397538794 254.087066469001 612.3430729264859 158.75866318274348 634.7492743927105 English 0
246.90695299999788 543.065741000011 232.7551986483013 484.6355872174959 359.34558499997365 453.98034899997305 373.49828869679186 512.409087163331 English 0
253.0651360000047 601.6569379999686 238.40599674746045 543.9132235890455 342.01665599997796 517.6157360000035 356.6766335867578 575.3581592957404 English 0
374 449 440 449 440 507 374 507 English 0
386.7979322266183 568.2799770761351 397.2947514773841 610.4407197360783 261.7765573960787 644.1686346078754 251.2812747987482 602.0092135607867 English 0
403 133 463 133 463 250 403 250 English 0