29.40597800006799 396.3048979999884 32.2012453678326 338.7121629472322 426.83824651940085 357.85499037982913 424.04631757497555 415.44451637091356 English 0
292.2261479037843 354.2290678790009 294.06480400000873 314.82505499997933 387.0597238888877 319.1636995486989 385.22154744074214 358.56725187439974 Manipuri 0
502.96088646100543 320.99591550110733 503.43554599996423 364.8291170000334 385.53433644039615 366.1045004612634 385.06034300000465 322.27195700002267 Manipuri 0
115.95239707210567 301.13363627127336 113.8160770644754 328.9638892275466 59.11172000000079 324.76470000002075 61.248202448914526 296.93462505171743 English 0
153.21338475048833 405.55449492739933 362.61535605772224 413.2823839983105 360.5696760000137 468.70644900000036 151.16770841865218 460.9786295079912 English 0
418.6507211325079 419.3343724445737 421.26007099999697 363.02680299996695 623.8451582151174 372.41151094568625 621.2375616480858 428.71740627957365 English 0
457.0083261055697 419.8758327633726 454.26758900001005 466.6418689999847 359.89195105772524 461.11066949225113 362.6333660000091 414.3453559999693 English 0
563.3444454314304 423.47312498258674 563.6153880000347 474.7296449999786 457.02252956420125 475.2915799802098 456.7525030000252 424.0359689999834 English 0
565.4992980637326 468.5344987515285 566.3131669999711 420.3906939999854 633.4244449040125 421.5249385495909 632.6111203132314 469.6682078135093 English 0
259.71428271062905 515.3483706478199 181.3846167785232 514.9626160270162 181.64820733647502 461.60595211360464 259.97635600004287 461.9917030000002 English 0
263.0072818089684 514.4850559701703 263.74923000003037 468.5273550000357 325.26833739946596 469.5202678821817 324.52691479855275 515.4774514006857 English 0
330.6763756545115 518.916850767034 331.7595930000243 468.7676960000309 413.4519586285023 470.5317081934715 412.3695110664994 520.6801081681413 English 0
415.25760074611753 516.5387975887462 414.08193199997186 471.6424559999683 501.84302107576514 469.34442329332705 503.0193927599612 514.2400395887408 English 0
499.59902300004615 520.5234019999897 498.7989183382888 473.4076994289152 622.1051490449463 471.313255532211 622.9063068373216 518.4278864958396 English 0