213 223 229 223 229 233 213 233 Manipuri 0
203 231 217 231 217 241 203 241 Manipuri 0
218 232 236 232 236 241 218 241 Manipuri 0
118.97091507002187 272.9298035115739 118.675135946105 279.7839400406112 85.76847462682053 278.3639186293194 86.06427582650213 271.5098052090241 Manipuri 0
83.40468431379122 270.0971515963166 82.68867946404498 278.6785071236634 30.960633287904784 274.3625404796453 31.676679000011063 265.78123000002495 Manipuri 0
377 275 387 275 387 281 377 281 Manipuri 0
387 277 397 277 397 283 387 283 Manipuri 0
561 296 579 296 579 307 561 307 Manipuri 0
584 296 623 296 623 310 584 310 Manipuri 0
184.27372999671206 215.7911952619115 182.2242740722868 248.95473131231088 33.340315999957966 239.7531360000301 35.39016257826006 206.5900183564238 English 0
7 246 30 246 30 259 7 259 English 0
35 245 90 245 90 264 35 264 English 0
22.842301999990013 300.35661500002857 24.36835915708798 276.5342332578743 100.37845099999686 281.40291500001786 98.85260152106639 305.2251003703855 English 0
223.17967152455822 288.621631225807 221.97941617749166 313.27426302489596 106.80814499995904 307.66643199999294 108.00869893551862 283.01411498586214 English 0
98.94114321177767 309.8060289344789 135.71621987815888 312.8628661627563 135.0247832947207 321.1805332353955 98.2497069999954 318.1236989999983 English 0
79.42986400004884 316.46872399999785 80.15819194850337 308.48727158587235 96.91479499997513 310.01623499997385 96.18648392723117 317.99767177562035 English 0
78.8094106221979 308.4611760325671 78.2086782616534 315.88984888022844 14.551980133910547 310.74224649735027 15.152762163124862 303.31362820793106 English 0
9.719158825100749 317.6373087215962 10.174211999983527 311.8503829999652 35.38501802831888 313.83265214548135 34.929983227921184 319.6195606887743 English 0
35.56695399995078 320.36900800003593 35.97206219397776 314.0291729990788 55.34538935564342 315.26699988327044 54.94029655106715 321.60682032700663 English 0
87.92465542741411 318.7824558146796 87.39355500001693 324.847813000001 55.589357785793254 322.06308611946844 56.12047900001926 315.99775200000926 English 0
88.54178991554363 324.2149624743796 89.12768499998492 317.9966609999769 111.15919773103087 320.07231412669404 110.57332046671945 326.29059911501935 English 0
124.8894188291888 321.50009850624167 124.59343800001079 327.7659589999694 111.81248099062941 327.1622568265056 112.10847100002866 320.8964059999654 English 0
142.33625900451443 322.9996462380917 141.86666002999118 328.901767000279 125.632033433576 327.61014813797607 126.10164300000179 321.7080389999825 English 0
-0.45810522031388246 324.85083290308546 0 319.257178000007 16.014360635963385 320.5686005704008 15.556266978892381 326.16224467938287 English 0
16.738324643665692 326.2449151640178 17.234200000020792 321.1461150000098 38.19305984718085 323.18425572177995 37.69719853451534 328.2830429170155 English 0
39.98782200003916 328.90220000002984 40.36351630347781 324.1755325902046 59.83584999696177 325.72313111552353 59.46016771849827 330.4497872863012 English 0
89.87811016930209 328.0362928950913 89.46757099998649 333.77517500001454 61.47173763667524 331.77255735283836 61.88229500003217 326.0336949999827 English 0
101.93290175549919 329.2782472917815 101.3395219999802 334.94820499997877 90.1310683209158 333.775287834138 90.72445500001777 328.1053379999778 English 0
129.57681219646474 331.28644547595513 129.2069118552172 337.16785793170175 102.40707742821542 335.4824188746246 102.77699600002961 329.60102600001755 English 0
148.33583031555463 332.4336630744317 147.95266506516782 338.3194893479679 130.76135800001794 337.20040999999156 131.14453497182694 331.31459634628743 English 0
160.89400907862 333.2105467292006 160.57127315420075 339.2759330038159 149.2248009616742 338.67223166959405 149.5475450000231 332.60685399999215 English 0
173.6742999026319 333.8506148524267 173.42115165469295 339.78165977651554 161.61159700001008 339.2776350000085 161.86475362344936 333.34659884794354 English 0
174.14423299996997 340.4196520000317 174.3855502070801 333.97101804448374 207.61479900000268 335.2143440000335 207.37350968818646 341.66295101007114 English 0
312 281 345 281 345 305 312 305 English 0
347 284 386 284 386 308 347 308 English 0
311 301 359 301 359 321 311 321 English 0
309.5539510001254 322.2040070000182 310.06222330150194 317.3606196196831 345.88397999992594 321.1194549999642 345.37573041590804 325.96282150876027 English 0
348 321 357 321 357 327 348 327 English 0
357 322 376 322 376 329 357 329 English 0
331 329 344 329 344 337 331 337 English 0
345 331 361 331 361 339 345 339 English 0
361 333 373 333 373 340 361 340 English 0
375 333 401 333 401 343 375 343 English 0
371 389 381 389 381 399 371 399 English 0
369 399 382 399 382 406 369 406 English 0
369 406 382 406 382 412 369 412 English 0
390 405 392 405 392 409 390 409 English 0
392 406 398 406 398 410 392 410 English 0
399 407 406 407 406 412 399 412 English 0
552 335 573 335 573 347 552 347 English 0
557 349 570 349 570 359 557 359 English 0
571 351 591 351 591 362 571 362 English 0
592 353 602 353 602 363 592 363 English 0
601.9803680000041 361.8834109999853 602.7210364308849 354.03015233652263 637.7226160000282 357.3308959999749 636.9819874826499 365.1841177458746 English 0
600.1375923589512 339.99021531977945 599.3634929693508 348.0174426367776 575.2427325474127 345.691530530988 576.0168539999722 337.664327999982 English 0
620.6248087788117 341.80557226565736 619.9873710154498 349.8577823584532 602.4034769999707 348.46588100003606 603.0409313801647 340.413689112925 English 0
623.2656159999897 351.3978630000145 624.2045184902963 341.6656186273397 636.2735488098406 342.8298531909347 635.3346628099825 352.56208233561125 English 0
636.172213494574 313.4893558690543 633.499826063271 340.51490990073637 559.0814959999989 333.1562720000159 561.7540988466499 306.1309605390708 English 0