206 513 330 513 330 577 206 577 English 0
194 549 481 549 481 640 194 640 English 0
173 429 273 429 273 483 173 483 English 0
302 441 429 441 429 505 302 505 English 0
460 464 531 464 531 513 460 513 English 0
358 348 466 348 466 433 358 433 English 0
80 231 300 231 300 342 80 342 English 0
64 308 348 308 348 431 64 431 English 0
483 359 585 359 585 442 483 442 English 0
452 271 520 271 520 312 452 312 Manipuri 0
520 279 593 279 593 318 520 318 Manipuri 0
480 504 491 504 491 519 480 519 English 0
493 508 520 508 520 523 493 523 English 0
456 502 479 502 479 516 456 516 English 0
544 558 593 558 593 640 544 640 English 0