102 337 121 337 121 371 102 371 English 0
123 340 176 340 176 375 123 375 English 0
181 349 209 349 209 379 181 379 English 0
212 346 262 346 262 387 212 387 English 0
265 351 315 351 315 388 265 388 English 0
316 355 440 355 440 402 316 402 English 0
135 259 423 259 423 358 135 358 English 0
11 243 120 243 120 323 11 323 English 0
14 205 56 205 56 238 14 238 Manipuri 0
124 6 146 6 146 29 124 29 English 0
94 30 106 30 106 45 94 45 English 0
316 90 329 90 329 104 316 104 English 0
316 102 328 102 328 115 316 115 English 0
331 102 346 102 346 113 331 113 English 0
223 76 251 76 251 92 223 92 English 0
186 69 202 69 202 81 186 81 English 0
208 54 239 54 239 69 208 69 English 0
298 5 330 5 330 26 298 26 English 0
108.35599499943783 60.624004999969614 110.20381943693792 49.785953405669105 169.78111739939777 59.94347899904621 167.93330955355486 70.78151586797239 English 0
107.34495759730635 69.82623622540302 109.29414899997937 57.408912000011824 169.92510788993968 66.92630373365992 167.97593827352102 79.34360844522519 English 0
299 91 315 91 315 103 299 103 English 0
301 104 314 104 314 115 301 115 English 0
61.25120799995784 240.763628000022 65.01444006047677 213.07803946235694 197.71120707431692 231.11389138657015 193.94833653597743 258.79915262437396 Manipuri 0
67 190 91 190 91 199 67 199 English 0
93 193 119 193 119 202 93 202 English 0
121 197 135 197 135 204 121 204 English 0
136 199 151 199 151 206 136 206 English 0
112 206 132 206 132 212 112 212 English 0
135 208 169 208 169 217 135 217 English 0
207.86274715021136 14.070860460793336 213.56574526027543 -2.9565671900644244 243.26051900003222 6.989106000008704 237.55752331875556 24.016531598946145 English 0
195.6736120000278 -7.096171231661086e-8 195.6736122600705 9.76913093499501 162.7957537711336 9.769130744524366 162.79575400811154 2.419020559153976e-9 English 0
282.71529608638957 17.67619829104903 278.85435700001835 32.43677400000158 241.5327781927772 22.67452552362336 245.39371999999275 7.913954000013472 English 0
247 0 269 0 269 8 247 8 English 0
314 27 330 27 330 36 314 36 English 0
310 36 320 36 320 44 310 44 English 0