146 118 236 118 236 161 146 161 Manipuri 0
253 127 301 127 301 169 253 169 Manipuri 0
315 133 537 133 537 190 315 190 Manipuri 0
62 174 210 174 210 282 62 282 English 0
238 186 629 186 629 318 238 318 English 0
117 316 368 316 368 368 117 368 English 0
376 336 440 336 440 376 376 376 English 0
449 332 561 332 561 387 449 387 English 0
48 391 89 391 89 428 48 428 English 0
92 396 155 396 155 430 92 430 English 0
159 397 183 397 183 436 159 436 English 0
186 401 269 401 269 437 186 437 English 0
281 402 329 402 329 435 281 435 English 0
341 407 429 407 429 440 341 440 English 0
435 412 482 412 482 443 435 443 English 0
486 416 589 416 589 447 486 447 English 0
593 421 637 421 637 448 593 448 English 0