253.72413569522905 190.84314095904548 249.5600900000136 233.22215299999453 128.94287646784505 221.37025955102456 133.10727099997166 178.99163900000895 Manipuri 0
509.4278240087442 239.08926592505154 500.1598679698509 286.8072963796016 252.2994682691933 238.66577942036588 261.5682260000176 190.94881299996558 Manipuri 0
516.829509289746 243.4085022228464 638.308956999972 260.6726820000043 633.4138051352784 295.11558698387074 511.9343697764998 277.85146730823334 Manipuri 0
118.5310710594058 306.27760004193806 128.95910500003083 229.01067400000827 291.8772583763348 250.99653207921065 281.45068577097845 328.26213072879364 English 0
522.4864963387517 288.13167923035417 512.5250609999785 356.6079949999919 275.83006284832663 322.17361007998187 285.79302899997856 253.69913799999074 English 0
507.67656949457887 355.23818633317666 516.0704389999592 284.1542559999648 646.0641281912103 299.502561705383 637.6714926373825 370.58539480165916 English 0
287.8895230409398 368.76979908748694 158.92329000002064 353.8658010000031 162.8898858568573 319.5503900505794 291.85498913044285 334.4543221614861 English 0
288.9153806721879 369.69424038594025 294.1570199999842 335.10729600002634 389.5691530280601 349.565254346351 384.32801252711215 384.151752374009 English 0
389.8258292715036 376.8458800895721 392.9987809999875 347.09746099999995 438.00229636261065 351.89701202448197 434.82954352351953 381.64524836598895 English 0
488.0707627077936 390.18813434544944 436.91462387847423 386.8002755678353 439.2960630000016 350.8488319999983 490.4516936168511 354.23667384769556 English 0
560.3677882783086 367.3128091406935 556.7047170000296 397.6415059999841 488.76891050524137 389.43669462689206 492.4322319999919 359.10828899999393 English 0
51.1282067780121 140.9073032819546 47.46521013650636 159.8971546386535 6.9269680728029925 152.0776944830426 10.589996999988216 133.08788500001924 English 0
96.88464975748502 251.37146069108462 73.78190223680576 260.52926893265123 45.89486185795977 190.1798903328022 68.99735300001339 181.02213900000876 English 0
65.35678300002473 329.2520490000047 51.812267264322145 322.3439384433351 81.21475899999496 264.6994950000089 94.7591148995707 271.60755650034605 Manipuri 0
0.747031999999308 346.2075300000158 -2.8093005267874105 311.3037031523135 51.79983457936032 305.74000270614243 55.35637278939248 340.64359453540703 Manipuri 0
48.96035822559497 135.35190185628733 64.71536799996102 141.38188499999808 54.98645090141508 166.80096192669845 39.23144600004889 160.77098800000388 English 0
69.19337479943351 173.55746546627853 62.92610036609403 201.15342159044746 1.8375937657401664 187.27986774694375 8.104948999971384 159.68402700002827 English 0