505.4774819999875 413.80052699998396 498.76747684298607 385.7116891217041 551.9941249999829 372.99798300000447 558.7042830380233 401.086596858392 English 0
564.3030649999855 400.2235009999936 556.589252179183 366.9990383619654 630.290995999967 349.88908800001946 638.005050679858 383.11319959880876 English 0
615.5547150000348 408.3852429999878 612.7078560098016 398.6137576394997 634.4509570000082 392.27978099998035 637.2978353525832 402.05123344952324 English 0
577.6189200000226 418.3281650000224 575.1802099447377 407.7240903095376 613.374765999979 398.94117299997095 615.8135198461241 409.5451845318652 English 0
426.6855750888499 436.9550998984589 422.85040751783527 409.1938405685829 462.6294510000298 403.6991340000178 466.4647638819588 431.4602180863955 Manipuri 0
418.55844752222765 410.56525819219917 426.7463107514777 436.37095555201876 374.43781000001763 452.9652080000185 366.25021362138796 427.15973769274126 Manipuri 0
537.4161040000035 325.3029619999893 534.9085792778351 317.3698018741682 551.9715010000073 311.97692799999965 554.4790348399692 319.91007129552173 English 0
555.2472090000083 318.83261399999583 552.9603905641125 309.8490026127323 570.1345310000033 305.47755800000425 572.4213614779728 314.46115088087095 English 0
605 298 613 298 613 307 605 307 English 0
345.1728400000138 240.6340799999788 341.6236933408072 231.32324326203533 365.4602090000117 222.23748299996805 369.0093641932617 231.54829928022096 English 0
388.93501200000173 210.51264899999973 394.3937617890333 209.72097304593194 395.9323953646526 220.32977091079775 390.4736457220133 221.12144618534717 English 0
367.1421649999684 232.27780599997985 363.3720942288346 224.72702481726253 388.1472804884106 212.35733009779443 391.91735424472427 219.9080939982173 English 0
357.1315226691513 252.61030687201549 346.53604000006453 253.91939999999582 344.94423328433186 241.03618956910535 355.5396910000127 239.72709799999757 English 0
367.1755681421928 234.9557879529107 371.19740222391556 243.91357800194993 357.64366000003065 249.99860300003323 353.621840038104 241.0408249404435 English 0
369.04677500002435 242.5667589999673 365.865364777128 233.42631254768105 386.30728199997975 226.31161099999042 389.4887005374767 235.45204020780125 English 0
389.35138100001495 233.55186600001525 386.5555520512862 226.94232002326473 401.28577100003895 220.71169300003095 404.0816029211419 227.3212300426117 English 0
413.9083299064805 213.44123452287616 417.6700158782478 221.7610473789515 403.15698799997335 228.32265499999357 399.3953148381115 220.00285302573332 English 0
395.8079231521697 240.76163130880184 398.44047656100884 248.0761979989273 386.77086800002144 252.27595399998708 384.13832439247926 244.96139562183376 English 0
385.01604422686796 245.99526048904784 387.6797232009267 253.70923322301823 371.7094039999938 259.2235950000324 369.045739436915 251.50963449600326 English 0
369.04074424026476 251.68239398211713 372.09231017521233 259.3872498004361 359.69806300003256 264.29582800002936 356.6465086907556 256.5909820334241 English 0
347.19489399998565 268.33871900001657 344.7382899220247 261.48175398714494 358.22557999999844 256.6499869999991 360.6821885124373 263.5069424182776 English 0
353.2921578495734 269.1457320362736 355.10433083589305 275.3895513468307 347.0127700000012 277.73786600003154 345.20060326911334 271.4940520366535 English 0
362.42944057485147 265.6654020455008 364.99618269743223 271.6263558095815 354.8941690000356 275.9759610000216 352.3274346584367 270.01501383577397 English 0
385.65463645638374 255.59066230477617 388.03857344275457 261.20041401115026 364.5964955247473 271.1618831915489 362.21257502802473 265.55214546570505 English 0
410.8901080000214 186.97377900002084 408.51838761387626 181.06592234494886 422.3428050000075 175.5162159999773 424.7145276291849 181.42406673105356 English 0
398.57317000001785 193.14511500000094 396.10155042311817 188.18670019158444 409.6038559999579 181.45638299997012 412.0754764857702 186.41479260019437 English 0
175.25832700004685 253.6687330000306 165.1385150830174 229.37612955847743 215.79436100000748 208.2747150000114 225.91421257471666 232.56720376755038 Manipuri 0
219.99749599999632 221.63119200002254 214.52286041036132 208.64296184262713 234.15323900000658 200.36888499999293 239.62788183998782 213.35709330584478 Manipuri 0
220.4918270000053 233.06228399999947 216.30187164329982 222.78196938659596 235.75759200000903 214.85267899998095 239.94755390202045 225.13297557181954 Manipuri 0
174 631 190 631 190 640 174 640 English 0
566.4142682073725 100.05730927280794 569.0949842598638 106.93271540258883 552.9710630000045 113.21935999997875 550.2903525050351 106.34395857549336 English 0
541.5773769999942 119.01053899997453 539.1437541096093 111.96216044851974 550.4972830000042 108.04211700001993 552.9309076358186 115.0904919840974 English 0
540.5593561544083 112.50733857884639 543.463216064265 120.37655996951058 527.6138360000186 126.22514600003265 524.7099830341176 118.35593048857773 English 0
503.73044374908204 130.41219329719985 506.4587954538729 138.05171853606853 489.0023060000385 144.28596500003042 486.2739628043346 136.64644696907027 English 0
524.8652131294511 120.47265871730318 527.4051320083527 126.28798932188948 518.0955639999593 130.35400899998265 515.5556483644614 124.53868114694754 English 0
513.3867583918618 135.56034061543986 516.3322380364843 142.77067024021517 504.1252700000041 147.75723699999497 501.1797962636774 140.54691238271812 English 0
547.5937589260866 118.48415871652948 550.9658833598223 125.29305277848329 532.3792449999746 134.4980179999678 529.0071283430734 127.68913057533635 English 0
547.2865948124672 117.55569381070224 552.3398940000334 116.27105799999657 554.7385331913392 125.70634795535405 549.6852342128841 126.99098320009908 English 0
541 142 550 142 550 150 541 150 English 0
521 143 528 143 528 150 521 150 English 0
516 154 522 154 522 162 516 162 English 0
536.5915456444782 146.7146788632968 539.8405786501826 153.5302980587184 526.5167919999658 159.88168099999498 523.2677657149907 153.06606752364945 English 0
9.373823999994784 428.2639149999734 1.1895750650000991 410.30461072964493 44.4911570000113 390.57401900001435 52.67544041154906 408.53319302481145 English 0
64.37865167186828 406.3518709663853 50.63989000002039 408.798248999995 46.17800669482676 383.7431548819545 59.9166680000053 381.2967860000017 English 0
19.148539999951026 451.72027199996796 13.219728977346676 438.4077773824854 46.203014999991865 423.72049900000934 52.13184851665574 437.0329154258287 English 0
64.95598174180486 437.6036209018349 49.30233399994904 438.7761930000021 47.61591090296861 416.26505690120655 63.26944699998421 415.09248900000136 English 0
64.32099600002402 414.3969129999997 69.31394182851363 413.9947359170222 70.73628478676255 431.65050735220456 65.7433390938968 432.0526833146329 English 0
34.229718999995384 386.45092300000965 30.595665199798532 379.0014591473176 46.17987199999334 371.39986099997856 49.8139293929853 378.84930665109187 Manipuri 0
16.839091000001645 395.90008299999346 13.628707259849762 389.9749690222292 31.281897979934 380.41106714200066 34.49228308905731 386.3361639505862 Manipuri 0
56.57441695679154 466.0693695772819 70.22927300000447 465.2206950000019 71.52501781696628 486.0652717429891 57.87016206653789 486.91394318231806 English 0
56.66694919411384 470.89921256976794 62.940119939739816 485.8922199909366 15.883784128091065 505.57712876412734 9.610776993940817 490.5842599923346 English 0
71.66335800000525 544.9850410000106 69.0731606958434 533.480338545437 87.52076999997371 529.3278769999982 90.11099777118943 540.8325359718208 English 0
49.559470000021975 550.3542160000136 47.04417369081057 539.9522870588133 68.97701300003973 534.6498310000247 71.49234119744506 545.0517125729002 English 0
19.737286000017775 559.5697159999966 17.512909094439237 549.7237373095616 46.16589899997052 543.2519420000192 48.39031740302744 553.0978613560259 English 0
9.263749695019214 438.60990016618143 17.743354000049294 437.9221929999982 19.131151425244752 455.03157400957525 10.651547358647804 455.71927921421513 English 0