164 278 265 278 265 306 164 306 Manipuri 0
277 272 358 272 358 297 277 297 Manipuri 0
391 267 409 267 409 286 391 286 Manipuri 0
42 308 294 308 294 362 42 362 English 0
310 293 472 293 472 338 310 338 English 0
178 414 315 414 315 441 178 441 English 0
320 410 373 410 373 427 320 427 English 0
386 405 434 405 434 422 386 422 English 0
518 482 536 482 536 492 518 492 Manipuri 0
536 481 558 481 558 493 536 493 Manipuri 0
559 479 582 479 582 490 559 490 Manipuri 0
504 493 588 493 588 527 504 527 English 0
466 530 492 530 492 548 466 548 English 0
532 540 549 540 549 550 532 550 English 0
550 539 564 539 564 547 550 547 English 0
565 537 589 537 589 547 565 547 English 0
516 552 533 552 533 563 516 563 English 0
491 554 514 554 514 567 491 567 English 0
477 555 490 555 490 565 477 565 English 0
431 555 476 555 476 569 431 569 English 0
418 499 500 499 500 532 418 532 English 0
372 505 414 505 414 531 372 531 English 0