133.6278743053117 229.62386534719633 148.19399799998791 171.08443400000365 276.7391322812182 203.06847959083575 262.1737331982149 261.60728473785235 Manipuri 0
282.4228273792687 207.90154966874968 331.06108773557935 220.0027415749077 318.11355466925306 272.04050699000743 269.4753150000179 259.9393729999959 Manipuri 0
325.16437999998743 273.1517070000232 334.5545522735483 222.35231238478002 437.15844799997285 241.31734799996707 427.76885123123066 292.11623508961856 Manipuri 0
440.74410003340745 256.1832691809756 482.6972835448396 263.4783000981536 473.792609000011 314.68540600000625 431.8394357775833 307.39041531350915 Manipuri 0
42.89901899996039 543.1623539999895 -5.285291784603032 510.99004046785814 59.55064837602549 413.90418301537875 107.73349753239017 446.07582760119 English 0
98.58408499996585 473.7926709999808 53.68248220307578 412.88228525150805 224.55107381050766 286.9361314894727 269.4519938608573 347.84467420730937 English 0
247.77086243928352 292.7939943356953 332.821159910236 298.723325487362 327.4292439298006 376.05881298752143 242.37895199999912 370.1295389999985 English 0
463.54596035605937 407.19974947323794 419.10121900000377 459.59519899997554 299.01150147670705 357.73823716436874 343.4554930000013 305.343964000025 English 0
411.47530078407726 425.29973971040124 452.5132489038515 409.9300031737968 510.01588197883393 563.4391995848842 468.978175871016 578.8084728644671 English 0
299.85598845123604 610.1853049681357 284.4896520000475 609.0598320000012 290.3925803933089 528.4898853013217 305.75839299999643 529.6153389999997 English 0
198.3552795322612 515.0356299204847 222.82819698222738 517.4645213502591 212.469918657589 621.8079316012233 187.99700899995514 619.3790939999978 English 0