488.59671201258607 245.370752686339 480.09324200000265 299.9749749999915 386.779565887482 285.44342178555644 395.283447000038 230.8397070000144 Manipuri 0
587.8019360973849 240.82399783582662 580.2793050000037 272.52136099996727 508.5835262069304 255.50642874497822 516.1063056794956 223.80927288327624 Manipuri 0
521.5073609999672 259.7958310000001 591.9669683360553 259.65846680077016 592.1343560000241 345.5128940000001 521.6747486719396 345.65025687590025 English 0
645.2025219998905 345.71395409070334 636.5920919999917 401.49855099997455 516.3638835337042 382.94157144991414 524.9750589999894 327.15788699999575 English 0
522.3465182814107 441.89741486924817 537.6717169999756 392.70759200001373 601.0034156657639 412.4361611890172 585.678826455478 461.6254637498878 English 0
582.782026000059 407.0906809999991 632.4263803160284 405.1076856703223 634.5818810000492 459.06346299999876 584.9375277202489 461.0464411133382 English 0
92.57870068868215 203.66098788543883 70.75010900000052 266.46869400001646 -12.690631496734568 237.46978794231555 9.138176999986172 174.66254300000432 English 0
0 533.113326 36.533312 533.113326 36.533312 604.680575 0 604.680575 English 0
43.00173199997516 602.7718240000202 48.52727971585409 536.7112603294153 224.06042346148752 551.387996881743 218.5375567994197 617.4460602486353 English 0
55.52521460042044 312.8989905034557 1.2509036841220222 306.36051350459564 6.885385754940216 259.5953269192396 61.15915700000187 266.1337709999971 English 0
82.2154824349127 327.7061455923143 58.52295919750759 323.7024574823714 67.86118352043559 268.446574383285 91.55341940168 272.45023773236375 English 0
78.77756399997452 311.5763270000023 100.31658495376178 268.28699119735853 134.92475302955427 285.50557572212944 113.3859500267863 328.79472539747985 English 0
104.33187172544422 381.84438948003134 28.560348076935043 361.64754596431806 42.37371701958182 309.83140855016836 118.14424600001075 330.028112000001 English 0
535.0480550000066 451.31839799999904 563.4118883147312 450.16901993837917 564.8416189999989 485.445634000001 536.4777861227049 486.595004997607 English 0
565.8330190296692 457.5204695398822 618.6996794532024 463.4821035640966 614.8218559999805 497.86415100000056 561.9552015017689 491.902553578347 English 0