331.0379776560876 230.38555616682186 329.96140193441533 258.80188648731024 193.70911935424374 253.63904870883977 194.78602925417363 225.22306405316144 Manipuri 0
330.39000800003123 258.3161359999911 332.51343362273474 230.9301343893594 447.61578669764276 239.85397270686352 445.4926745515695 267.23967991983034 Manipuri 0
60.0830280000082 313.79603699998063 65.40170178974222 250.13010322241308 306.5418700000009 270.2716130000139 301.224993384094 333.9358699439185 English 0
307.97177000000374 335.1659310000081 314.2137994356017 267.6861919540434 567.7072809999663 291.13067999997924 561.467413940336 358.60841535323107 English 0
41.138217009065556 542.4064451594354 38.70894794425112 574.1654926540978 -2.429517274504178 571.019191135968 0 539.2604139999919 English 0
51.20437009711168 545.6948937538864 75.15450599996257 553.6333379999928 65.35579072864493 583.1888923978328 41.4056790000177 575.2504999999942 English 0
149.2654688625771 563.8480178939079 141.93618372555648 596.2155097742252 67.75620100001106 579.4214989999759 75.0858515582513 547.0545295085474 English 0
157.1002696693904 556.1998187893998 205.1158375787054 572.0738777562314 194.27403374669666 604.8597247382633 146.25852100005432 588.9857840000071 English 0
94.13713357389497 405.8318394377654 138.7576851047197 419.7428186334813 134.5433019290067 433.2589894749805 89.92276398581453 419.3480409999994 English 0
90.14538744268066 407.9796318700459 85.73102518254018 420.1435894693543 52.02302999990934 407.91219299997306 56.43742226391623 395.74830148340146 English 0
450 592 547 592 547 640 450 640 English 0
364 585 448 585 448 635 364 635 English 0
207 564 339 564 339 621 207 621 English 0
416 358 466 358 466 386 416 386 English 0
352 349 415 349 415 380 352 380 English 0
229 339 270 339 270 364 229 364 English 0
273 343 348 343 348 376 273 376 English 0
185 337 223 337 223 364 185 364 English 0
67.51118000000133 346.4762939999771 69.86880996104446 326.21831959109903 176.15198050705658 338.5859648718563 173.7946532265778 358.8436631973928 English 0