408.480240996214 280.6391675090842 407.9617249999865 355.5555560000206 224.03344077138172 354.27983915554603 224.55357200000435 279.36507899999606 Manipuri 0
8.125 365.7142850000006 73.10109368292615 364.33858069278233 74.50154799997108 430.4761900000008 9.525454745089519 431.8518808350421 English 0
125.91295198202715 361.9041970907766 127.93809349706862 438.07937319650057 80.14958562438551 439.3492390035667 78.125 363.1746039999667 English 0
279.4346560962731 436.8253959999999 132.40922942350153 436.8253959999999 132.41071500000544 369.52381 279.4331769999553 369.52381 English 0
340.12726436776575 361.9040222272754 334.6420601186401 440.89861232546616 279.7820572539058 437.08918367119617 285.2678569999989 358.09523800001926 English 0
410.81352496228646 372.1827923967021 407.24767799998517 435.5555559999786 337.41567416604084 431.6260678733158 340.9821430000011 368.25396799999766 English 0
528.5850507646683 375.95218732989883 527.2076550000202 435.55555600002253 413.8894702226389 432.93568786439465 415.2678569999989 373.3333329999966 English 0
629.703315793522 374.65045554440763 627.8883510000014 441.90476199999125 532.0233727276354 439.31682551918635 533.8392849999946 372.06349199999175 English 0
235.87312119743729 471.1034820958375 235.87628100001893 532.0634919999773 40.26879307690251 532.0689015888993 40.26785699999891 471.11111099999266 English 0
33.801200133530074 535.8730120410202 4.528098841838073 536.1957098950929 3.810846999986097 471.1111110000002 33.08323532299255 470.7884170744322 English 0
240.16056500004197 533.3333329999874 241.93339174009452 471.097517933758 331.1882281979342 473.63931942620746 329.41647032690526 535.8740934236532 English 0
332.9867390000436 474.9206349999994 365.7837645915424 474.1360151994762 367.2118425452936 533.818563363559 334.4148172768473 534.6031743761483 English 0
412.92185220867395 536.6751937282395 365.22170096643094 535.7812720440367 366.69642900000326 457.1428570000006 414.3951952599309 458.0367657100927 English 0
418.125 473.6507940000001 470.94525707288994 472.6419039371939 472.22599900000205 539.6825400000005 419.4057422938931 540.6914173114866 English 0
638.9347731137968 478.77548082957895 637.8850160000002 544.7619050000166 475.4585268480878 542.1748706615374 476.5102840000327 476.19047600000033 English 0
122.3428514306579 558.7280426421506 119.44250962449587 609.2764546106256 30.93803594514611 604.1982389499271 33.839286000002176 553.6507940000059 English 0
125.19891999996617 603.1746039999998 126.78955339550157 552.2500445324788 212.31272131342848 554.9204007201416 210.7230541287572 605.8440220350686 English 0
224.45165101213206 626.0317678225688 202.2184980156453 622.3284093084868 213.64379274775274 553.7570150434412 235.87628100001893 557.4603170000032 English 0
234.4481850000011 619.6825399999941 236.6693371139263 553.5556042481815 315.13555199999246 556.1904759999777 312.915571460253 622.3162754997171 English 0
365.83378575618553 628.5714972880277 312.72384637530195 624.3062289143327 318.4370022499934 553.1951142382725 371.5453030000208 557.4603170000021 English 0
373.68744599996717 627.3015879999662 374.92138260808133 557.3417737487279 453.66076400001475 558.7301589999829 452.4280635212199 628.6887563551004 English 0
452.23266900000453 615.8730160000158 456.1396313508885 556.1628484414188 553.6274119999871 562.5396830000354 549.7218034891557 622.2485722019587 English 0
638.599062949288 561.2678900842413 638.6005655606277 618.412674774989 555.7700193534401 618.4135871661985 555.7695550000062 561.2698409999755 English 0