291.25682666497596 445.328904677532 251.33780399999523 438.67294900000525 274.87772760730877 297.51340454329437 314.79520000000775 304.1692279999985 Manipuri 0
95.08790494641289 298.0503202991676 122.92239199996402 303.71054499999633 101.87623681114928 407.19717926212587 74.04177299998992 401.5370330000042 English 0
515.1079803710309 420.06652579986826 480.19786800003203 413.6583069999997 501.0472946025402 300.0915093222791 535.956354000009 306.49962900000355 English 0
293.2851716521691 580.2318169111559 291.3150796791888 595.7622220198191 217.27484508825 586.3714803271563 219.24515085760504 570.8413238163519 English 0
293.7828819077549 595.9646351478351 295.42269400000805 581.2621940000347 359.53139419012587 588.4102592569058 357.89181039370305 603.1124915350016 English 0
405.5934011258796 595.6612754851863 403.6460220000299 611.5404789999909 357.4459297298745 605.875846413116 359.39344999998866 589.9968079999967 English 0
320.7626309402258 600.4604366557872 319.6391044687334 609.922865977774 286.7921231347282 606.0236690919148 287.9157100000157 596.5613099999683 Manipuri 0
355.2104166409117 604.4367236513448 353.48039354350476 614.0823264733156 315.5673211969406 607.2839540533912 317.2974090000207 597.6384349999781 Manipuri 0
397.3372847911378 610.088168276289 395.86034273430414 618.9646067902619 349.6413060456689 611.2761102046699 351.1183229999733 602.3997660000307 Manipuri 0
469.570945077503 607.9918595738628 471.35406419351057 596.7413240463034 569.8146183029894 612.3413210942523 568.0317846612161 623.5916018551297 English 0
579.3962860936881 516.188126652377 576.8470913180499 542.0350788814902 510.3572980000172 535.478167999997 512.9067922662216 509.6315526337487 English 0
618.6754054510675 519.9149010573428 616.6870911834849 548.2283364012242 581.1160779999773 545.7306380000007 583.1045769042248 517.4174015229627 English 0
506.7178359999525 554.80360699998 508.1400665457477 541.2781295400783 583.963293128254 549.2488227095012 582.5412930961465 562.7740884104011 English 0
548.1464899579441 563.5818942660667 546.929541682548 573.9674853491125 513.5664672950952 570.0588916593675 514.7834790000343 559.6733739999668 English 0
546.0825149999437 573.0181179999788 547.7473653060588 563.07729879131 574.5327620000171 567.5620899999705 572.867976172347 577.502851951622 English 0
581.5246219999972 577.5476400000296 582.658258411102 567.9600293945973 613.780929356144 571.6389907146585 612.6473633988644 581.2265371688736 English 0
565.1995924810035 579.8530392462208 563.2328169023094 592.0527481764685 505.8665307547926 582.8063458446758 507.83342900002026 570.606789999986 English 0
598.7297175346612 582.1711260641613 597.3915330935415 594.9012046647968 561.8659326652414 591.1675207074951 563.2042042522517 578.4375411012621 English 0
520.1877625394263 585.9540233480282 541.6752629999974 589.4474360000036 539.8017958048877 600.9678599113852 518.314297501347 597.4744562580186 English 0
542.0011939312099 600.3007746869968 543.3734130000084 589.625918999966 579.4814962928649 594.2661739510339 578.1093725213577 604.9409433357779 English 0
610.0356970629218 612.3183424653552 577.3382289960136 606.5760977703517 579.8357436827791 592.3592688916272 612.5330050000048 598.1014950000059 English 0
609.2633708599897 617.8783760562941 607.7492959999654 628.970565000033 568.9413283309841 623.6746136316048 570.4554869999993 612.5825249999727 English 0