572.1068983058649 191.44796965296823 563.6017213515879 264.03506325965304 234.7084200000245 225.4939310000098 243.21520259924 152.9086739779644 English 0
169.78867574085598 251.9279612411022 164.6745132592332 299.47112170258157 11.020019999996293 282.9419689999704 16.13482239219593 235.39952587008233 Manipuri 0
331.86252177882125 261.3983394447897 329.0082993401302 300.2122235924972 168.06483899999876 288.37609499998007 170.91964926476066 249.5628505706068 Manipuri 0
532.1097126996028 265.034439946675 531.8488599410193 305.0857278676249 347.8071350000391 303.88492400003406 348.0687623398262 263.83441203401725 Manipuri 0
545.0171709999995 311.36074399999615 547.1683784086053 260.930420826137 641.6962186101591 264.96215399031604 639.5455441391823 315.39197239611116 Manipuri 0
42.47455999997328 324.6426150000312 46.08711123066314 290.143127980464 137.12349699999322 299.6749100000108 133.51134554228338 334.17402792730087 English 0
140.80710300004284 332.65721899997266 143.27630597013922 298.2968653798644 296.6061572259059 309.31354133368325 294.1376252443297 343.6732656938392 English 0
357.19793310621753 316.1715258248486 352.02503468084615 348.8312281178338 302.25792600002023 340.94911400002366 307.4309860858921 308.2896120314913 English 0
356.9317030000093 348.5286260000262 358.444777324039 312.04832927981556 571.4669636046892 320.88067482354313 569.9548955983482 357.3600050633663 English 0
588.5820527727628 318.82819477025754 624.0126980000059 323.87240699999745 618.6022997282271 361.87193507724515 583.1716596400656 356.8277473474518 English 0
381 119 449 119 449 163 381 163 English 0
13 292 37 292 37 325 13 325 English 0