313.73593570991943 229.92587050223318 318.10147041192977 258.02550998852166 183.36721003281127 278.9556420695799 179.00208005245076 250.85636239121703 Manipuri 0
318.42927800003963 257.46693600003545 315.2879411900358 230.178960132565 429.978492729133 216.9761267022355 433.1200701816124 244.26382303670846 Manipuri 0
63.67466299998341 363.50451800002054 56.7469018916745 299.9932549704442 297.300510999994 273.75319599999176 304.22986337332986 337.26263460619305 English 0
311.0865580000245 337.1823850000036 304.33717123763927 269.75247519418537 557.6476749999711 244.39631299999485 564.3987068338174 311.824364598227 English 0
31.425044999996317 628.5781070000268 28.767196330300067 596.4935154825229 88.6989000000176 591.5300310000295 91.35714569914853 623.6141842398467 English 0
99.20767258190608 592.8359702290211 124.23234999994747 596.0595579999974 120.25300610490376 626.9426970133038 95.22833299997728 623.7191319999961 English 0
198.9307395047217 591.9454742344163 197.91362274118 625.116935090378 121.89058600000862 622.7855810000104 122.90825387804944 589.6146888822819 English 0
205.16230058718065 582.9429034658166 255.32427894926514 589.3655363856724 250.93751794076525 623.6177782045584 200.77554899995448 617.195194999996 English 0
114.66436477137904 447.3515345319145 161.11934090906288 452.49385005192096 159.56140510235855 466.5658471502287 113.10643100005109 461.4235440000016 English 0
111.15577419703186 450.22149832775057 109.14373193496431 463.00431923509274 73.72095899998385 457.42941500000074 75.73306359765411 444.6466713554127 English 0
506 560 599 560 599 598 506 598 English 0
420 569 500 569 500 607 420 607 English 0
261 577 390 577 390 615 261 615 English 0
425 338 472 338 472 359 425 359 English 0
360 341 421 341 421 363 360 363 English 0
238 355 276 355 276 375 238 375 English 0
282 349 354 349 354 371 282 371 English 0
194 362 229 362 229 384 194 384 English 0
77.20202600001357 394.1669880000027 75.65060909284512 373.83137423498147 182.34124360780697 365.6920885593929 183.89294183478341 386.0273949531344 English 0