218.6635689999821 183.86167899998486 219.28318032420066 150.0679795403003 286.41713199998776 151.29880500000127 285.79766506103624 185.0923612790719 Manipuri 0
283.75607599999057 184.26792400001344 282.65966580962413 153.65889950804393 340.26321299999836 151.5955449999947 341.3597293067869 182.20445893886546 Manipuri 0
380.12744172308885 147.20496734049016 380.9652093917248 183.1652802137649 339.1985480581934 184.13819562158082 338.3608749999985 148.17797500002268 Manipuri 0
444.4097224199504 140.0181376251566 445.08090140392596 178.3208973763875 380.7592950000253 179.44778300002017 380.0882646792161 141.1451688777978 Manipuri 0
116.99234899999283 240.74575899996472 117.25211507684435 181.8721151786719 256.60260600001493 182.48652199998025 256.34348880543257 241.35951716027122 English 0
249.6749180000188 240.7482110000127 249.27662620641058 182.8922195158861 355.5458930000168 182.1604579999857 355.94466492169886 240.01596659185702 English 0
358.9336518003256 175.48215729366638 395.187131000057 179.89166700000422 387.2577351309883 245.0824200275247 351.0042599999724 240.67293299999858 English 0
391.90171200003533 241.75380199996886 391.8897983099305 174.02818300948482 522.8597189999709 174.00483800000598 522.872319046437 241.7297678030024 English 0
210.79194342135452 281.7082183588671 193.30842154915445 279.2054718263051 199.35910424050235 236.9397318120214 216.84248400000797 239.44246800000425 English 0
211.6838760000246 273.2216249999865 213.89640987705206 233.94072204078955 261.3673320000089 236.61442200001548 259.1549844760448 275.8951479107458 English 0
262.7295473113918 235.06885382705974 290.683865999963 240.7682569999954 281.56885722062725 285.4731780293153 253.6145459999534 279.7737999999978 English 0
282.80470899997454 277.4790990000296 284.3620071114128 238.33371631696002 355.7763729999715 241.17450199998373 354.21935496269725 280.3196150221872 English 0
348.91556300004595 275.8472930000212 350.74260602930735 233.44791575599191 442.2170190000179 237.38927399997556 440.39036191417836 279.78827957219056 English 0
44.78252899069048 328.78036803270703 113.30556100001559 329.379262 113.13784707737796 348.56680052976105 44.61481508544239 347.9679080107696 English 0
29.994317999953637 364.59712599999705 32.34775327859097 346.5820396922701 75.52263999998104 352.2216709999873 73.16932034234924 370.23665270679544 English 0
71.15948457772902 386.0844241451118 27.169682035091682 385.5885156468577 27.363039795163786 368.4481526923042 71.35263099997246 368.94406 English 0
60.069185191678116 407.4421818955372 16.324632580799516 402.8449768870991 18.33171048107033 383.7501569789248 62.076018000007025 388.3473490000009 English 0
58.1942810939654 402.95494993098373 60.09009499997774 384.92099400001166 95.8155459874979 388.6761449898737 93.91983591442113 406.71000550851664 English 0
5.578038390594884 417.76171201102943 10.718300438165898 395.62856605023455 45.975726999968174 403.81581599999896 40.83560643652163 425.94883908082016 English 0
-0.01859052339568734 444.02759065998157 2.126934353946126 419.67216226407373 70.21540200003074 425.66926700001176 68.07016793354705 450.02442215243036 English 0
591.178454999972 426.7975819999987 589.7740657711984 411.4713551637409 632.5606580000021 407.5510990000305 633.9651387595222 422.8772237515959 English 0
598.3961046080367 457.5870790474097 599.0961368396529 475.40441601899397 558.5616299999674 476.9965240000007 557.8617280030448 459.17931257346015 English 0
595.1329560000158 473.33253000000377 594.981026726964 456.6443969380864 627.4317950000113 456.34897400000165 627.5838170510542 473.0370132584306 English 0