433 300 507 300 507 346 433 346 English 0
507 309 588 309 588 355 507 355 English 0
477 284 510 284 510 307 477 307 Manipuri 0
510 288 554 288 554 310 510 310 Manipuri 0
302 409 344 409 344 431 302 431 English 0
382 378 412 378 412 398 382 398 English 0
440 376 462 376 462 396 440 396 English 0
166.92790806642734 138.32915347431288 147.76556291129964 175.18112331836494 17.457859039132018 107.4238201432258 36.62023600001703 70.57209499997784 English 0
30 130 46 130 46 154 30 154 English 0
36.72270319642848 158.22056592122783 48.79196100002446 129.43686000001844 93.49518467861344 148.1809954907588 81.42602061816433 176.96462191771826 English 0
140.91303677749238 174.22167986259265 130.47432500003197 198.56452499998096 75.8432460061158 175.13800246266055 86.28198800004611 150.79525099997517 English 0
289.46978946733 181.3002354670567 282.35021399996185 196.685249000021 241.7322120343306 177.88923055207317 248.85179900004005 162.50426299996855 Manipuri 0
246.01978300001065 426.06656400002555 246.5388638242439 407.28110380403064 300.58026699996844 408.7740420000353 300.06134802075394 427.559344478356 English 0
410.41063374927035 410.60827945694507 410.27083191314887 430.96482596887734 345.0715769999806 430.51667799997597 345.21158480296435 410.1603387074875 English 0
460.758775005379 428.09991038570263 434.81408999999985 428.30558199999973 434.689706449135 412.60879178279265 460.63426413194975 412.40312067319934 English 0
204.1796389999945 420.3041259999943 209.59062638845353 332.18965041734924 370.73787000001175 342.08368900000653 365.32901448532357 430.1961411561456 English 0
546 626 562 626 562 640 546 640 English 0
449.7158238712291 570.4794084763786 449.19466456369264 583.8885781103941 420.34258300001966 582.7673620000135 420.8638219176646 569.3582753376454 English 0