118.91055544510891 270.34775163666524 120.9870840000076 210.0590730000191 253.37262795423158 214.61823527190592 251.29684411767812 274.90619159387444 Manipuri 0
259.93745497362397 218.16390468920676 310.02878656167013 219.8886326106174 308.18342517581186 273.4812344613627 258.09209400002146 271.75651499999975 Manipuri 0
315.311217999988 273.10172000000745 313.93384911774774 221.46028139800734 418.2392109999637 218.6781420000142 419.61705903384427 270.3190873455936 Manipuri 0
424.837353000039 232.47370599999968 467.39049289280956 230.88729466352387 469.3269049999799 282.82626100000067 426.77376555533556 284.41266443878527 Manipuri 0
95.35268608320621 595.8983668295126 41.53207845847646 574.4467941961165 84.76604163093725 466.0026301241443 138.5844407750119 487.4537083586961 English 0
135.39784799999325 516.4668900000141 78.81242511226446 466.2241559317041 219.76221583565348 307.50350620296246 276.34549836271617 357.74459577386494 English 0
243.6928479999915 308.4057859999993 328.11756391740346 296.5241988690389 338.92226221571036 373.2909563160475 254.49757148810022 385.17242656767667 English 0
478.5379900056432 375.44884134071424 445.9590929999831 435.94040700002955 307.3167669284885 361.27782116576077 339.8957729999529 300.7875620000291 English 0
431.36917535091925 403.9791825126607 468.3156981816137 380.4133850945687 556.4776196151797 518.6136613413611 519.5316176446067 542.1787957077045 English 0
360.6294929109572 608.0329302244058 345.3645559999859 610.126198 334.38666399197245 530.0889699630112 349.6510859999398 527.9957380000038 English 0
241.56391800002893 536.064967999997 266.0069938383822 533.3539262475203 277.55158002597454 637.4155931963348 253.10851482936414 640.1265726087872 English 0