113 581 139 581 139 618 113 618 English 0
142 571 210 571 210 610 142 610 English 0
529 165 605 165 605 208 529 208 English 0
229 192 277 192 277 239 229 239 Manipuri 0
283 181 308 181 308 227 283 227 Manipuri 0
314 184 356 184 356 224 314 224 Manipuri 0
362 170 391 170 391 215 362 215 Manipuri 0
398 173 454 173 454 212 398 212 Manipuri 0
39.06043499999214 268.24736499996555 33.607469011840294 229.67515495903268 125.4123680000339 216.69700899997164 130.86560131545411 255.26889522626726 English 0
0 235 29 235 29 274 0 274 English 0
51 272 103 272 103 288 51 288 English 0
101 266 128 266 128 279 101 279 English 0
27 165 50 165 50 180 27 180 English 0
3 169 25 169 25 182 3 182 English 0
399 211 434 211 434 227 399 227 Manipuri 0
435 209 461 209 461 223 435 223 Manipuri 0
277 323 294 323 294 336 277 336 English 0
250 333 270 333 270 345 250 345 English 0
340 512 364 512 364 540 340 540 English 0
318 516 341 516 341 544 318 544 English 0
406 505 431 505 431 531 406 531 English 0
432 501 458 501 458 529 432 529 English 0
359 503 365 503 365 510 359 510 Manipuri 0
366 500 378 500 378 510 366 510 Manipuri 0