188.45844789713738 285.49355680025957 209.38366762929945 208.63495328922477 509.9683482499677 290.4644612354304 489.04614509025123 367.32043219906865 English 0
7.79820450785337 241.8591534791453 27.759558000034303 154.07792699996844 209.923054510582 195.4998891226915 189.96324447885854 283.2797691340284 English 0
60.458172196376836 163.54176372901827 70.90761699997529 125.36343599999846 243.45320844760863 172.58785507210467 233.0042639598105 210.76575156261683 Manipuri 0
240.33256780567172 215.13073899662805 249.9245730000257 181.74305899997563 405.7922316490294 226.52037842460234 396.20074773927627 259.90761148885963 Manipuri 0
406.6867799884494 269.34325989901373 416.13245127802656 234.06386408382104 647.7362458538119 296.06712773883737 638.291592655878 331.34566844599067 Manipuri 0
640.4218700293859 323.9337279737948 625.024912000008 401.14163899998465 472.7169387610775 370.7686059135765 488.1150460000208 293.56223000001347 English 0
3.7941242664965102 267.80483982593705 11.467775999990408 236.53829000003208 113.03468060184969 261.4639992249557 105.36140211414022 292.7302261136928 English 0
119.62201656431716 297.9476933530703 126.76790500001516 268.21604500001973 222.34518399120134 291.1859448276636 215.19966618005128 320.9172724156801 English 0
211.4911559389293 325.2658310206943 219.17895400001726 293.3535830000268 325.4257612954825 318.94659591186365 317.7384473735583 350.85842433718517 English 0
312.8284114070266 349.0752717420028 319.52321400000073 319.97501300002403 412.3000729537307 341.31707721527243 405.60568088178115 370.4169794835594 English 0
476.38860873892554 364.5116898570558 469.51521119772224 387.86911738759284 403.26672389754094 368.3757373246834 410.1402490000328 345.01852999997925 English 0
535.7511460567912 376.0181026758835 530.4507739999826 402.59400200001994 480.6157025561697 392.65557540999083 485.9162179999839 366.07986800003175 English 0
605.9125844030496 389.22262495121856 600.9712330000184 416.97112700001406 526.3431443762966 403.68263768648785 531.284736000016 375.9344450000352 English 0
61.08901900261117 290.12475139352824 53.596029999971506 317.78779500002395 1.1102533801749814 303.5718779015673 8.603346000018064 275.9090000000301 English 0
65.73358835608815 286.37997358030594 170.1108040283725 311.29927470426526 161.79892033425858 346.11187931331506 57.42174099999829 321.1926829999924 English 0
161.4401109773462 341.87526436518914 170.92713999998523 312.18742200000673 225.87140221519803 329.7438885374995 216.38462465976772 359.4315167070195 English 0
370.1124930937658 364.47615904514555 362.6811420000013 394.8696980000293 217.09510077169398 359.27508941536763 224.52686099997663 328.8821620000115 English 0
514.2633229208877 396.3799763136149 507.5414857353462 425.4077164182196 370.541560176498 393.68529863035974 377.26381100001163 364.6581589999746 English 0
594.4115307796164 417.35201570999095 589.2491490000248 441.9919300000322 503.0379550356156 423.9312319695772 508.200582999998 399.2916570000169 English 0
629.3596201379114 425.9363818669485 627.0813089999865 453.58780399999466 591.4286467614875 450.65047437370447 593.7071039999864 422.999212999973 English 0
161.16818299211445 505.9237865757659 167.0617299999867 475.40881200002514 312.43142287588853 503.4783265037589 306.5388415642519 533.9924520104352 English 0
308.19264600009774 533.0073029999876 313.8218440950732 504.5638592732347 423.993885428863 526.3625662818283 418.36540519019763 554.8053801392559 English 0
500.94860367884394 568.1703131006519 506.4937601591373 540.0505991290213 628.5623822976049 564.1156028706472 623.0180667137756 592.2345779284464 English 0
490.790678941994 541.3337344406355 485.69174800002656 569.012900000031 414.0659151440195 555.820576498654 419.1651609999826 528.1418220000354 English 0