174.82108600001084 237.70031599999956 177.61040951038012 205.82180729494482 228.59822699996585 210.2829709999648 225.80904992195428 242.16134339346237 Manipuri 0
232.0897960000002 243.78141899998502 233.8866022741422 207.67466040246796 294.39163399998506 210.68544199998723 292.59502105633146 246.79201587081968 Manipuri 0
378.2300640110043 215.87826203608782 375.2553495482425 249.88193355936542 296.38278999998874 242.98188000003148 299.3577111320337 208.9784365490848 Manipuri 0
379.94226900002104 251.3631289999933 380.388645531566 220.92069956671202 513.2503890391672 222.86815067614103 512.8043743116723 253.310225032761 Manipuri 0
212.9692541177792 242.10760958384 212.07092292774178 296.58491365327626 120.83096199996362 295.0797789999781 121.72978083413909 240.60296977176955 English 0
342.244166597593 250.1619920412038 340.66443000003346 305.74678599997605 230.34863437802414 302.6108149832658 231.92898217384936 247.02664961254152 English 0
535.8547849184833 258.57547022627966 533.3365210216289 312.2918866490822 348.64921615728235 303.6318634922877 351.16846500000975 249.91648900002855 English 0
274.3474240984506 301.8064538712248 273.1176229999983 343.7375929999871 139.42479601981177 339.8153928706543 140.6552450000163 297.88491999996745 English 0
342.7774861794751 300.54911665600105 340.225511000026 347.4672910000287 274.65580995405617 343.9006619453866 277.2081320000143 296.9828560000236 English 0
389.8464388104185 340.0303838834865 343.2086101828463 340.93678516114653 342.47918077708164 303.39700921359093 389.11659100005636 302.49061199999943 English 0
389.17765611615323 337.9108327199626 392.1440949999669 297.40177899999446 472.7601031038648 303.3045800910905 469.79408011000487 343.8132437985713 English 0
534.1752319379157 307.4228580054187 534.6978720000334 345.2080769999997 478.53500606521266 345.9845137215965 478.01262671324366 308.199550550966 English 0
121.44058199999563 361.51906599996784 122.50620300917944 335.74691844680274 192.09686287300428 338.6238876016187 191.03148462418176 364.39580127949466 English 0
193.93936899999972 367.8618879999708 196.18733790775877 335.9853663133939 262.14989500003867 340.63655900000475 259.90222153122886 372.51280240850207 English 0
365.6666912046785 341.1257435160021 364.1851374672842 375.1247318177054 263.53029400001105 370.7380820000259 265.0122799449309 336.73954710465983 English 0
365.02217404267867 372.14566935910284 365.57366300003196 342.1897779999645 458.8856042491534 343.90710708212106 458.3344942558324 373.86262584341057 English 0
511.50091071140196 344.2488647468805 510.7110925461893 371.97051435165736 456.2570681815123 370.41892640777746 457.0470809999824 342.69747799998856 English 0
513.9568839999993 371.23274499997785 514.8639914545493 344.54562552504274 554.8842681031238 345.9057739470618 553.9773077754217 372.59275073024605 English 0
227.16145980055444 364.3432280595774 226.88713956486026 395.36087009966764 158.67202900000848 394.75714700000736 158.94664498489874 363.73980241655397 English 0
362.3599529000785 369.7452644638779 361.100352753856 403.01882776307536 231.59992791202967 398.1155129252518 232.8601190000336 364.84256500002243 English 0
527.9255417077366 376.7343641572435 527.0565750438982 405.5234080924829 377.50132823020977 401.0078242929521 378.37089799999376 372.21940299996794 English 0