102.84532538331405 213.99871893741053 106.89947455808579 223.36069528648167 86.30756899998232 232.27754099999896 82.2534403498139 222.9155820593054 English 0
126.24720691477705 203.27245368913256 130.7781633799459 212.75445627666647 103.56713843153557 225.7567057818614 99.0362087138783 216.2747259640905 English 0
128.3108070000162 213.745292000012 124.7009462457936 206.24623669379616 158.5233299232641 189.9654425614635 162.1331951270986 197.4644767274392 English 0
89.20968500002346 236.89371599997853 89.64073692142847 227.38689322332135 93.8816382746154 227.57917492952728 93.45058999053435 237.0859942086111 English 0
94.51417299998866 235.62158299996565 92.25256062265544 228.41810758558665 110.28980100003537 222.75532600000793 112.55141972193087 229.95878981025643 English 0
108.44738799998595 229.52691299999546 105.95911351367249 221.97617292787282 120.11560300001292 217.31120599998465 122.60388233247795 224.86193673441377 English 0
125.77116635038692 226.21644072637423 117.65905200001725 226.33998799999978 117.49045439530164 215.26975016129984 125.60255399999733 215.1462030000005 English 0
222.10147300000244 262.0681330000209 219.58700506707828 249.5418453744256 240.81864300002053 245.280099999989 243.33312988339458 257.8063620731679 Manipuri 0
271.9200857130636 249.42579988797104 244.9705957367405 256.4999278413889 241.70444158604369 244.05768658052762 268.6538709999877 236.98356700000892 Manipuri 0
294.51756369147915 242.8228182228727 270.9270673696301 247.20928401654447 268.7422656946728 235.45974310989385 292.33271299999615 231.07328200000052 Manipuri 0
126.91968899998756 221.41736599996767 124.72503363118449 213.8003958942447 139.91846999997506 209.4229029999807 142.11313108622562 217.03986342958882 English 0
140.42123100000026 216.6870210000008 137.98121474021173 208.21846714889756 152.9705660000036 203.89977400003096 155.41058838614845 212.3683175048545 English 0
113.81317630606645 312.4821662244927 84.81696306749654 317.7521199066588 79.77993547756341 290.038903029108 108.77597000006062 284.7689659999941 English 0
118.91732500000217 309.94580999999613 113.09499115297513 283.755700661695 182.29116199996497 268.37346699996783 188.11363680237264 294.5633765318867 English 0
187.06168500000786 263.73002399999734 240.24859648008714 256.7347800616397 243.42116237952723 280.8554632977772 190.23425427090842 287.8506900165417 English 0
125.96054458081198 360.18248006344294 127.72601644457609 367.9805795227787 115.48886600001424 370.7507489999698 113.7234094478481 362.9526628322764 English 0
128.11595200000738 367.40086199997995 126.78530630393652 360.0600875877094 138.95197099998768 357.8548749999733 140.28262612562685 365.19563717088835 English 0
140.5872829999862 364.3456339999698 139.59986430993013 356.9565201009789 150.5025205412676 355.49971922546035 151.48994836810743 362.88882223776744 English 0
176.4076574912906 348.9524778931167 178.27892211083963 357.02546097589857 152.51902199997858 362.9958140000241 150.64778996915265 354.9228591537932 English 0
194.8754776322312 344.13757588001397 196.67255560787453 352.9983249944865 178.43281342851697 356.6972156352655 176.6357599999901 347.8364879999802 English 0
213.67701758594194 341.4297020492713 214.80487712236936 349.33390846425607 197.61817686281574 351.7860487342543 196.49033699999563 343.88186000001633 English 0
223.0633939999825 424.72017199999607 229.8008896301326 414.95956136390055 236.8006914853322 419.79071150929116 230.06321047672827 429.55130910410844 English 0
130.9689619999699 200.09473699998253 129.9511769759556 196.5851225168419 141.03730800001358 193.37024399998927 142.0550947731681 196.87985552271914 English 0
140.77861826313892 195.57113565366728 142.0891099873552 198.60998076052925 131.92647654934262 202.99244772510025 130.61598776024766 199.95360510730995 English 0