220.34994643872778 184.77535561738873 208.12414570260444 224.19855411186 105.98044947291783 192.52243152528314 118.20641400001477 153.09952799997765 Manipuri 0
209.66704699887487 222.36586400002153 220.87235887054703 188.06830403397836 323.4982853184192 221.59571848585074 312.293334135029 255.8929708454268 Manipuri 0
316.45560696655593 255.5312950600545 325.2141896173998 225.57788464875176 424.86995738472615 254.7163050911894 416.11172058197553 284.6694194064106 Manipuri 0
562.7716842465452 302.44868886544646 553.9190255074936 334.01058912345974 428.13251509316615 298.73057445331074 436.9854540000233 267.16913100001113 Manipuri 0
654.7051633707451 365.40173712102927 638.5924485816213 426.32080638411753 431.95208501580055 371.6683058336988 448.0658979999862 310.75112499998136 English 0
310.2947190158011 378.76215375601123 319.0168499999709 341.08388200000604 434.9669075496786 367.92193880936105 426.2454968061502 405.59958371565705 English 0
402.297447000019 293.0293730000018 436.9975242480723 287.72857510735776 449.3735564654344 368.7383841355302 414.6734913084947 374.0391285938962 English 0
218.65244073305803 414.202870861772 227.33580200001597 376.93154599998826 327.9846826285211 400.3771808228761 319.30199458423886 437.6479223959203 English 0
399.6486698517401 415.26978003932686 392.0208930000081 451.65660499997625 325.32280858758895 437.67605495596763 332.95087099999364 401.28962299997346 English 0
389.67541567908484 451.81526829913844 398.44427112911944 415.7446631692774 499.5002605105401 440.3076792205186 490.73212695497205 476.377658713829 English 0
601.0638759559515 468.5947083647709 593.9469450424076 497.97927687339325 479.5902524178382 470.28528042716835 486.70759000000544 440.9013129999655 English 0
645.1146213078027 477.1056196741583 640 507.0986840000121 583.6377551063197 497.4887534076052 588.7526200000138 467.4960029999815 English 0
75.02415800001472 386.17011899998704 83.198438263571 347.00508324403256 220.8140501431626 375.7235036131879 212.6406633933948 414.88775819477144 English 0
8.02852000000712 244.08084800000753 25.918980572532746 179.77758164769477 420.62463309499435 289.5826148823295 402.737243533993 353.8832309972025 English 0