268 523 389 523 389 578 268 578 English 0
269 547 553 547 553 640 269 640 English 0
213 453 310 453 310 499 213 499 English 0
341 429 465 429 465 483 341 483 English 0
499 416 567 416 567 460 499 460 English 0
376 326 479 326 479 404 376 404 English 0
78 274 294 274 294 368 78 368 English 0
83 347 363 347 363 447 83 447 English 0
498 305 596 305 596 381 498 381 English 0
440 232 506 232 506 268 440 268 Manipuri 0
506 222 578 222 578 255 506 255 Manipuri 0
524 455 534 455 534 470 524 470 English 0
538 454 564 454 564 467 538 467 English 0
500 459 523 459 523 471 500 471 English 0
620 483 640 483 640 613 620 613 English 0
25 574 64 574 64 600 25 600 English 0
31 600 63 600 63 640 31 640 English 0