353.5129791421059 250.97312604811623 325.88113800004066 248.28126600000263 330.46603016169684 201.22054266675232 358.09765300000436 203.91239200000072 Manipuri 0
324.36088561997167 251.07875803032152 348.00293500004045 253.57198800000282 341.075396722008 319.2585755127642 317.43334999999206 316.76536300000083 Manipuri 0
329.5020412540907 97.11834693454318 327.6592174932739 223.72722723465859 242.67733255597705 222.48978735744785 244.52078299997083 95.88153999997523 English 0
317.14781941409456 230.97932922413668 319.8534784984804 354.4752823293302 262.1649124231044 355.73850478894656 259.4600470000296 232.24332600000307 English 0
231.5043428998615 104.78902398773131 261.1742638519354 282.4947957039716 216.93702062453667 289.8800452631636 187.26775800001633 112.17485899998223 English 0
255.74826229763858 313.12944045042804 228.28301560766704 315.53218015291543 225.93033538447344 288.64001643763646 253.39541699999245 286.23728399999845 English 0
264.21089516843494 354.8425987061427 236.99906647772877 358.00216869290074 232.1190767180815 315.9755783048643 259.33062099997187 312.81602499999906 English 0
401.7597360000218 396.95766699998114 417.83365636656526 381.9574761526698 451.42668100001174 417.9508160000102 435.3528695841669 432.95089477648133 English 0
450.82544462624355 452.3265657401321 434.6750038964092 469.5081356722988 352.93804859415104 392.686361298781 369.0882300520025 375.5050942857373 English 0
109.22019221201481 499.6733575894953 124.30145400001493 516.1220820000142 74.54995157509984 561.7276916581744 59.468916000041645 545.2791860000208 English 0
28.282282000000123 532.6520869999969 16.66147661242576 516.2292068347783 77.8514419025305 472.9394267006523 89.47217734683363 489.36207547041596 English 0
35.68982999997388 589.8130989999934 22.49358856017352 574.6180982010376 56.04353958515276 545.4883929300617 69.239683788619 560.6832512655458 English 0
153.0524285050342 558.0034075265014 141.1909947526874 544.7837486087519 178.17843030490621 511.6036851772334 190.03976522159064 524.8232128194093 English 0
80.28921346907737 617.0319033585791 71.19254933022603 606.506837291362 138.95468675640586 547.9558347576311 148.05121324206993 558.4806962746045 English 0
43.24524186340568 615.864428079652 35.91329399998358 607.4533109999738 157.3504896536906 501.6217574119051 164.68223114141438 510.0325822535807 English 0
141.08703500001866 405.42002800000347 156.6684710742993 397.59280357061044 170.06879100001242 424.2651139999959 154.48737877130043 432.0923023829662 English 0
157.05735021358123 401.0813158636688 141.7344351367501 410.23132071888017 126.98757800004387 385.53848899998883 142.31039297024836 376.3885226547118 English 0
33.617817999984254 205.21655200001874 48.17728854541201 195.98458764362027 77.0341131650639 241.49227724297972 62.474674958284595 250.7242002327872 English 0
87.99007078989234 270.9970932593167 70.92897618567804 277.248715942127 59.432519000038155 245.87554399999271 76.49351417916478 239.62394140322093 English 0
105.5046528611274 295.4358315880504 90.62373621934967 302.0932000446976 79.80458199999703 277.91103200000464 94.68542581766087 271.2536823751311 English 0
122.10825541071245 322.01549497513304 110.43531850344152 327.80843624299024 99.38964599998144 305.5526750000154 111.06252629164374 299.7597504863149 English 0
131.2413145267783 338.5304801447111 120.84789666798315 343.30331430751045 111.99205299999448 324.02018299998707 122.38542418352154 319.2473613182524 English 0
34.95029599995178 259.69018800001527 48.99702888447791 249.29408479932545 69.13574371763389 276.5031811826075 55.08904100694053 286.8992492805311 English 0
83.74093187972903 297.7521281210038 67.60925848619081 307.9567679506505 50.54680399996869 280.9857570000108 66.67839396854106 270.7811521756221 English 0
95.48352056372096 318.9857156460529 79.11293164674134 326.52539114168064 66.91783399997803 300.0484730000017 83.28832865925506 292.5088228051246 English 0
84.94364463957027 342.52901017981577 82.0376760000363 322.2232940000043 110.75248395201925 318.11421279457124 113.65851235408627 338.41985642352626 English 0
57.60271714447299 256.341415890897 35.44940180167032 271.3556828820092 -9.75948033228633 204.65318369520745 12.393621031296789 189.6390162554451 English 0