240.0439686489699 290.51488959150095 203.21296550690022 403.1752743335918 5.442752000017208 338.52167699997983 42.27516412676778 225.8640722315417 English 0
229.20557099998405 405.2109980000063 257.3137232023146 299.24347023318484 407.9506485708407 339.19634707633236 379.84516649055877 445.16157102215914 English 0
381.56780664096004 451.66017960851656 407.1407840000029 355.463100999965 623.7853041834023 413.046856861713 598.2163754066278 509.2404438235237 English 0
125.40413906448521 248.29613533968626 134.87285499999416 218.14418100001757 229.72647407645127 247.92984706195278 220.2580834749824 278.08152393961143 Manipuri 0
239.35180309941643 286.741234835824 250.18772800001898 257.1429370000205 321.1857049736136 283.1336472830117 310.3500599577819 312.73170765125315 Manipuri 0
445.74167848186335 326.66650209504127 436.7931511707866 353.9971753965688 329.8923052851751 318.9979284866821 338.84102500000154 291.66762300003387 Manipuri 0
328.20683600075427 433.53975414258207 311.2364499999967 504.47150899998303 29.71486164467933 437.1195460574189 46.68749112614023 366.1911413469946 English 0
319.04794844973367 503.66282716824827 332.16167400001723 450.62368900003463 435.380357342292 476.13935356878306 422.2678231949976 529.1774624613753 English 0
423.6689232126082 531.0097503420081 442.4568579909828 472.64499036435393 608.8080230041669 526.1823509652016 590.0224485315994 584.5450996296129 English 0
3.6741199999232776 487.19996200002606 14.89027387338865 438.60068201857416 119.54704128831509 462.750139692998 108.33195947765489 511.3484802385647 English 0
115.73410493481788 512.8716087427874 128.02178199999616 461.67377400000794 234.65099139844824 487.26013756172705 222.3645220425533 538.456927416775 English 0
227.3581896865653 535.1699912259874 237.7362659999926 492.6873710000205 329.8049897819874 515.1740004569102 319.4278254751407 557.6558314296265 English 0
318.68769945271197 555.1543658189821 328.8816080000106 515.6519309999749 412.2508253272099 537.1610468662625 402.05771973334777 576.6627902349943 English 0
397.6707783529855 573.7884169021802 409.2777521511016 534.3210691211355 499.1083872920717 560.7330277086173 487.5023269178928 600.1995936513756 English 0