92.52166866113839 104.24447655660978 90.18002899996645 94.86038200002903 105.27267903096799 91.09429555587342 107.61432219449489 100.47838479745204 English 0
122.9371535712562 101.0281617835591 105.97809861341375 101.58675320075668 105.60729270626325 90.32879919109627 122.56633400000283 89.77020799999913 English 0
84.6506382082589 104.44658079648835 128.43141999997897 97.02454400000462 131.10275804428966 112.78198890012773 87.32197746452584 120.20402090917796 English 0
274.4965450000018 81.88217799997929 272.60622586647514 70.30503419697891 296.5478620000067 66.39584899997223 298.4381873179518 77.9729850592408 English 0
298.1808270000329 78.01499399998325 296.9832210549066 65.74659330150452 322.0780981671851 63.29690812829199 323.27571133791935 75.56530070600341 English 0
214.28308689304686 101.65460224004632 216.65838599998096 118.55525900001908 171.15581983984157 124.95028423372942 168.78055699999095 108.04966000002246 English 0
215.95724201535631 120.27594291150899 213.21879200004332 102.34284699998551 258.0216088846646 95.50132615465077 260.76008542542695 113.43438927130067 English 0
195.2050423482433 120.52329549253331 197.55187800001295 140.62919299997185 173.67601765319705 143.41600978699424 171.32920800002466 123.31013599998866 English 0
219.5532092689973 139.15283331662366 194.8908854369074 141.0171305235543 193.4809348113049 122.36517551329506 218.14321400001063 120.50087999999937 English 0
257.9134250001516 130.53020664325993 217.57309211527172 136.19960789352933 215.27212747125304 119.8271768688721 255.6123989999469 114.15778000000488 English 0
254.3412365520635 128.7833002601157 252.82809199998155 114.01051400002358 283.57406633906066 110.86129190111376 285.08722885169846 125.63405784054862 English 0
273.4070390711713 97.11537982715727 275.18847799998184 109.79081700002112 261.32936428643006 111.73858931050478 259.5479329999944 99.06315899998538 English 0
308.89568922197213 108.28498873774485 311.1225109999941 124.12930800000716 284.19623482048337 127.91356447396106 281.9694339999842 112.0692639999651 English 0
176.24820130018634 163.56924489131137 173.45606199996837 149.93996199999359 199.1936189239641 144.6673667867594 201.98577328897954 158.29662908569907 English 0
223.49434059404302 144.56621228110168 223.73498499997368 157.41523700001704 201.27574389829533 157.8358375265233 201.03511599998455 144.98682900001816 English 0
256.42764996409824 154.43630706996598 227.1254302925081 158.5544005604995 224.8244598803285 142.18196874792383 254.1266270000051 138.06387899999496 English 0
279.7901732138416 151.15291829970874 257.2808981896378 154.31634234186387 255.20259674020053 139.5283394936365 277.7118360000168 136.36491800000286 English 0
85.73844300000928 155.26639800000783 83.3739106739813 140.68787124726987 133.11831257284211 132.6197592636804 135.48287645171513 147.19824692746914 English 0
135.35865270539944 160.67994982525164 98.53292090512696 165.8553772012366 96.67730652203318 152.65180336165403 133.50298199999088 147.47638000000208 English 0
97.31984999998531 177.33602400001715 96.27411960471363 168.31299156063142 118.7028210000426 165.71364800001146 119.74856263354013 174.73666748432717 English 0
136.4965554367518 174.52297136444815 116.60795314885036 176.63020216561162 115.37097692933457 164.95540724073692 135.25955000004615 162.8481779999984 English 0
119.24688065089867 175.33150372586738 120.58299399999669 184.83809700003087 101.9722019648907 187.45368623731582 100.63610199998948 177.94710500001105 English 0
132.50729052371753 174.02758650072957 133.7737780000316 186.75427599998386 120.132541748535 188.1117277844329 118.86606699998083 175.3850499999984 English 0
262.14035987781244 406.2303892480461 256.66727299998456 368.75536299998146 355.3834908026329 354.3393308252093 360.85701253083244 391.8138284530466 Manipuri 0
427.50573221615923 343.1290693039465 433.2966146889521 382.16203352219713 364.16015335205884 392.41746254790587 358.3696870000131 353.3848709999834 Manipuri 0
193.5166574955656 175.12651238178225 178.55947959826153 177.65375651503558 176.15942251868546 163.44954786113766 191.11657400004333 160.92230599999513 English 0
190.63500420706987 174.4543513961783 188.7051230000361 160.72263899998188 210.84107580994896 157.61166606916754 212.77097276688437 171.34335957217252 English 0
212.049746851917 168.75183266593038 210.56524600004195 158.18897300000273 253.28468264422554 152.18527135816277 254.7692060913687 162.7481037704631 English 0
298.61419240340183 408.6387530750337 300.4887463631894 426.07870134975326 267.92262490140274 429.57852323470496 266.04816799997934 412.13866399996937 Manipuri 0
299.6282120000251 427.346560999993 296.807381121107 407.2770195077083 323.7339449999854 403.4928819999832 326.55484589857224 423.5623392163445 Manipuri 0
231.677150410178 213.92653353673748 209.94351896821172 215.48467769718832 209.1025231416279 203.7542307351714 230.8361149999837 202.1960880000005 English 0
250.78332299999602 200.46984000000793 249.97882071511413 188.70828372931445 272.73556799998914 187.15173400001913 273.5400881848909 198.91327088638383 English 0
291.44976034440333 194.72245675972826 290.2292010000383 184.69316499997439 320.5165231189312 181.00728900555634 321.7371007671318 191.03655938741275 English 0
283.2723125212942 246.51804601367476 285.05765499998233 257.58898799999946 258.4888698589202 261.87331683125115 256.70355900001596 250.802403000004 English 0
302.7777779999451 248.63568999996417 301.2179712526995 239.1774182999618 323.3183427168842 235.5328914893485 324.87816462329647 244.99114409813743 English 0
361.92654027538083 241.4000230194691 347.7970543334959 243.83779640465232 345.61967711117177 231.21801664934117 359.7491319999972 228.78024600000447 English 0
422.1428650000598 45.51317399999421 450.5790011301724 40.90945589344812 452.71034727513324 54.074283123833965 424.2742114181601 58.67800009420194 English 0
468.82188391704403 39.49143362215087 470.4334237045259 48.98219875645337 452.02646538578847 52.1077061162324 450.41492900003504 42.61694399997638 English 0
482.0348931229091 38.17304392323307 484.2897925451689 48.65403085317932 469.85088745372195 51.760436345482844 467.59599099998013 41.279452000025 English 0
481.0886159999791 36.69031400000493 501.46776350869914 33.328718467544725 503.72525482925994 47.014391280554335 483.3461074976367 50.37598608286732 English 0
517.3999710867065 45.590027825378016 503.15320162400894 46.396008480433544 502.3370374874503 31.969196485848297 516.5838010000152 31.163216000000848 English 0
520.0975679999829 44.67233100002801 518.4646065976267 33.05317625160817 541.4311614078906 29.825447504722277 543.0641259095864 41.44459847165673 English 0
449.2670860000362 66.47554900001077 447.19592342684336 54.40476728978622 464.5446005692065 51.42800464683762 466.6157668050437 63.498781691853594 English 0
468 50 492 50 492 64 468 64 English 0
488 45 514 45 514 60 488 60 English 0
513 44 525 44 525 58 513 58 English 0
507 253 534 253 534 272 507 272 English 0
534 251 560 251 560 269 534 269 English 0
488 317 575 317 575 370 488 370 English 0
570 301 640 301 640 351 570 351 English 0
517 64 540 64 540 80 517 80 English 0
483 73 502 73 502 86 483 86 English 0
465 73 479 73 479 89 465 89 English 0
504 55 527 55 527 71 504 71 English 0
489 59 507 59 507 74 489 74 English 0
473 59 486 59 486 77 473 77 English 0
505 67 521 67 521 86 505 86 English 0
526 226 540 226 540 242 526 242 English 0
539 226 546 226 546 240 539 240 English 0
543 225 556 225 556 240 543 240 English 0
554 223 567 223 567 238 554 238 English 0
563 220 584 220 584 240 563 240 English 0
596 246 612 246 612 265 596 265 English 0