177 373 243 373 243 403 177 403 English 0
253 378 322 378 322 412 253 412 English 0
333 383 417 383 417 425 333 425 English 0
525 398 634 398 634 445 525 445 English 0
431 330 616 330 616 388 431 388 English 0
205 319 414 319 414 379 205 379 English 0
385.77558999997564 300.2562850000336 388.26732940317015 239.04763499729992 642.489817333626 249.39374869030536 639.9997327804158 310.6008044512983 English 0
145.16065600008005 290.34732900002484 146.8906927338685 239.214149167774 373.10624099998677 246.86554100001615 371.3773986209708 297.99756624353637 English 0
206 200 272 200 272 242 206 242 Manipuri 0
275 194 384 194 384 245 275 245 Manipuri 0
390 202 473 202 473 244 390 244 Manipuri 0
475 199 565 199 565 247 475 247 Manipuri 0
569 202 640 202 640 244 569 244 Manipuri 0
48 371 65 371 65 388 48 388 English 0
64 372 73 372 73 386 64 386 English 0
73 373 98 373 98 388 73 388 English 0
100 376 110 376 110 387 100 387 English 0
127 376 137 376 137 391 127 391 English 0