497.3427619859285 269.56120577860315 481.3221699999849 322.4505299999848 390.93861918794573 295.07364114995477 406.9595079999999 242.18483999997557 Manipuri 0
596.2151688755694 278.8654004997865 584.354033999989 309.207297999991 515.723762546113 282.3797987971584 527.5849936751183 252.03812599788466 Manipuri 0
527.9250344596949 288.42612808867074 597.7182013691345 298.0953959258722 585.9352539999963 383.1383859999961 516.14210816595 373.4692215195183 English 0
638.4599355403043 390.72317137395703 622.1686330000375 444.7665159999699 505.6922089734144 409.657614551523 521.984070000035 355.61524099997627 English 0
503.4114157396107 468.8718157521173 525.4344100000162 422.29405399996784 585.4051627637091 450.64531699476834 563.3827904877398 497.2225492638886 English 0
568.1039366372715 442.8153067633017 617.5412450092699 447.7596826029048 612.166498000006 501.4914430000036 562.7291966264602 496.54711396871505 English 0
110.98321397788823 173.14242026671587 80.62591000001703 232.30077700001374 2.033178026904352 191.9713494277137 32.390528000032646 132.81335399999872 English 0
6.3432279999688035 561.4692000000038 21.010157381679164 496.820832866616 192.79274647211423 535.7843732937944 178.1285232899245 600.4303543105773 English 0
59.087271665921435 276.16030451573755 6.251172818956547 262.1321629865183 18.339244326925837 216.60623032009153 71.17490899996483 230.6343109999911 English 0
83.45705447478394 294.5379272473398 60.55232099810382 287.2759421696708 77.48982275697927 233.85734622226494 100.39432274264982 241.11929150897095 English 0
82.29747299999872 278.0866310000264 109.65146152608213 238.21619632546077 141.5265353124414 260.0837286137654 114.17272028593288 299.954008834515 English 0
97.82357444055378 351.2272835665475 25.60036769747967 320.6819781194956 46.49063266275334 271.29251246653314 118.71304899999814 301.83762699999056 English 0
514.6792185543018 479.9693194642872 542.9270472500502 482.7779059505835 539.4332550000399 517.910896000002 511.1854290152405 515.1023279005094 English 0
544.3010989712639 490.3966727464417 595.8239834794222 503.65645638504066 587.1987649999937 537.1644620000008 535.6759126047109 523.9047658804193 English 0