215.69138543884037 188.3354411413348 204.8489114773838 228.1613201839909 101.66193384597136 200.0692662511355 112.5045990000217 160.2436940000297 Manipuri 0
206.32687599994824 226.27590500003063 216.32837631099392 191.6081729924201 320.0618562111049 221.53357811995141 310.0607215385389 256.2009964540177 Manipuri 0
314.2078831944673 255.69427658694514 321.9157251762954 225.45343941435746 422.5276507689705 251.09615174375787 414.82015282417706 281.33669192798675 Manipuri 0
562.011188224642 293.986792749786 554.2654957903869 325.8384407923951 427.3244203950162 294.9697764499508 435.0704190000397 263.11857999998335 Manipuri 0
652.7785293434863 352.9410306560693 638.801894300268 414.3853141214082 433.6872896665591 367.7297842618089 447.66510300003574 306.287324 English 0
312.35152782574005 379.06509312972867 319.7532659999706 341.10535000000056 436.5691834475001 363.880408584746 429.1681581411103 401.8395231356599 English 0
401.3060530000075 290.17366300000083 435.8000201448158 283.66516274772374 450.9956744448573 364.193625760231 416.50172530564305 370.70206113767676 English 0
222.0019405583298 417.6824904664008 229.37913300003856 380.13079899998354 330.7847910622513 400.04952034819644 323.4082711526571 437.600621876677 English 0
402.92485176280024 412.43202533313706 396.57177000000956 449.06291099996974 329.42655867605936 437.41861645978616 335.77994899998885 400.7881250000096 English 0
394.23342381771363 449.3033708679457 401.73789607870276 412.9486982343192 503.5893852038862 433.9698766511692 496.0856248949858 470.32392478394627 English 0
606.0783593829547 458.69520579844016 599.9914488121431 488.3102922805397 484.7380816414079 464.6241426909687 490.82543099997565 435.00965200002406 English 0
644.0459391001787 464.8073215807119 640 494.82232499997554 589.6902755017072 488.04155282356015 593.7364399999933 458.026821000008 English 0
77.48269399999117 394.6793430000308 84.28507128301135 355.25287311947807 222.81906762626022 379.1511206626115 216.0175908166275 418.57679177556986 English 0
5.569024000069476 255.01474399999668 21.204508029477438 190.1262915585799 419.5016092975857 286.089825781714 403.86923787104024 350.9755652278483 English 0