337 402 419 402 419 459 337 459 English 0
172.06061726581538 540.5776985890628 106.80875000005472 527.1628450000069 183.9763431261963 151.87009542596104 249.22127007099334 165.2841681056913 English 0
93.06225895874377 537.4400707284636 4.892404999991413 517.2297640000032 88.69944364341791 151.67444237245905 176.86018899999908 171.88359700000493 Manipuri 0
234.86436599996523 334.70858599999224 233.30908508360153 267.6007005444343 399.5705189999717 263.746798000014 401.12701294681756 330.8534372402036 English 0
244.11458700000367 254.12180999997338 239.78836359121487 157.47664174024885 631.3571080000111 139.94457099998004 635.6859833396447 236.58694061840617 English 0
406.1531609999656 325.6318929999754 405.6310760303313 253.7643077898434 594.3446289999702 252.39229500002634 594.8681634862442 324.2584179330813 English 0
456.6643154463236 344.731950902686 458.5820546510513 388.58796287191745 254.82414434140082 397.49345970387566 252.90768862629193 353.63867672109336 English 0
471.5637699999934 386.13781300002466 470.14746989210835 345.80211607780876 629.8387518196978 340.1940600879876 631.2558906575578 380.5288930036496 English 0
208.24182600001222 457.03440900002306 208.3085370471963 411.6463352280852 323.37606699999014 411.81481499996715 323.3102016746125 457.2020426282852 English 0
427.3657880000246 452.11068800000567 427.20249127778516 404.58861161333317 589.2624559999967 404.03032500000586 589.426974675589 451.55117577546 English 0
275.53611499999533 507.4487589999962 276.7382223971799 462.53534826280304 425.5968540000322 466.51750199998696 424.3959899561014 511.4296986052204 English 0
440.4960640000354 507.9178709999919 441.30870657732885 463.8276391199505 578.3872439999686 466.3526039999926 577.5757165131654 510.44173995010294 English 0
607 246 640 246 640 319 607 319 English 0