358 391 438 391 438 444 358 444 English 0
216.87007500280743 564.7541163099206 150.25420799996937 564.0354879999996 154.3915169226966 180.9133599052272 221.00030299996433 181.6319499999999 English 0
138.7243217942887 576.7480434716732 48.315031999954954 573.7314609999994 60.828690150374314 198.90085891684325 151.22812900001009 201.91727600000007 Manipuri 0
239.23507799998333 350.6829919999783 224.90269364760024 285.10539326808987 387.3749680000037 249.59755699997447 401.70821864987374 315.1739340130206 English 0
232.93866500003787 269.811796999996 210.25069192968658 175.7695642502588 591.2804049999977 83.84295999997504 613.9700179586362 177.88274898804062 English 0
405.64490099997784 309.0896220000013 391.4185910345259 238.64314043980363 576.4039870000124 201.28701600000457 590.6312305730535 271.7322324586776 English 0
458.87258919348824 318.2012051268702 469.12365505224443 360.8849973003929 270.80797447953955 408.50520630872523 260.5582665403199 365.8225859292096 English 0
481.39880700000504 356.0029449999812 472.31137721886626 316.6788093303227 627.9991930997494 280.7023915983681 637.087139792784 320.025791451688 English 0
236.4425360000314 475.8411659999774 227.84630958776688 431.2747310153884 340.83313199997065 409.48373400002885 349.4299939130724 454.0493224381455 English 0
450.601084000009 429.1970850000291 441.3720452070993 382.5802655875053 600.3490880000027 351.1087530000071 609.5789433163009 397.7244769497443 English 0
312.11995099998603 512.4889069999988 304.7285955438565 468.17199473438444 451.6135999999824 443.6767330000245 459.0058853373921 487.99246910230625 English 0
474.13863200003107 481.4735570000321 466.52217051407206 438.039186743974 601.5653349999775 414.3610840000024 609.1825698104367 457.7944615643495 English 0
596 189 637 189 637 261 596 261 English 0