293.994508976175 225.0032803942726 296.24342099996284 270.55844800002546 114.15277657331899 279.5452956914692 111.90467799999169 233.99090400001518 English 0
158.79074047974427 286.64472090922527 117.46345180006756 288.0058803236817 116.96909825972398 272.99527529075345 158.29625799997302 271.63411800000017 English 0
171.5549578016362 286.2332019081586 159.16143811868096 287.00529108566775 158.1713529999979 271.1130980000005 170.56483191066945 270.34101009597714 English 0
172.35288399999263 283.12295499999175 171.82600607309723 271.9827695585094 229.58863122745242 269.250886426242 230.1155719802773 280.39100569730175 English 0
291.93735129119887 266.31610654382376 292.60753326794656 278.69093836333377 236.50292961996456 281.7290200158916 235.83282200001122 269.35425900001127 English 0
332.0050820000324 261.22387700001104 330.41827534514596 229.8147441730913 408.2021964972955 225.8850623148824 409.78921267545957 257.29397356232045 Manipuri 0
356.95016058896726 262.69127497549374 357.37170699998387 272.20034800001554 333.670848009715 273.25093357002976 333.24932499999704 263.74188300001197 Manipuri 0
355.69357264575956 272.3284615880182 355.0352220000059 260.68007500002955 369.1370215977804 259.88310118540676 369.79538753534143 271.5314714718588 Manipuri 0
410.3336083717295 258.29395385560554 410.83060705328535 272.32636707315396 369.8472878807661 273.7777213449643 369.3503480000072 259.7453649999804 Manipuri 0
356.57975261354295 272.31159491430117 357.2466625301604 282.9628821597226 336.5148197257804 284.2608573610767 335.8479339999758 273.6095929999668 Manipuri 0
389.4950636479916 270.9170369999143 390.0304850708926 280.61056534901303 357.5940690000425 282.4020160000122 357.05868160905084 272.70852004351946 Manipuri 0
180.1543773378944 302.67726023319346 311.46982593170833 296.2141900890864 313.6389409999538 340.28267800000157 182.32349504680315 346.7457140502471 English 0
318.9350689999992 340.61550500000976 315.7629801407893 301.8769918689409 343.3078266645316 299.6216803937458 346.4800312835723 338.3600658861047 English 0
209.76956590842747 347.3968873172313 211.42735199995514 368.65052299997205 133.03565831200103 374.7639594771695 131.37811200002034 353.5105480000146 English 0
214.12495199998375 367.7328239999786 214.32982896665635 344.34719430862265 261.2277272249048 344.7579557627597 261.0229969458305 368.1434396392224 English 0
328.05488129401056 339.37423661686034 330.19472599997243 363.26892599997325 265.69363486225484 369.04420707663604 263.55400881810056 345.14971777468816 English 0
398.72257760223874 333.240365182176 400.7276760000241 356.58761399998554 330.519485750483 362.6162243454925 328.51461599995673 339.2691879999655 English 0
438.35831838638114 330.92840562387295 440.15188899997156 352.66262600000914 401.3835288588598 355.86146844696714 399.590074000007 334.1273559999889 English 0
172.0444742988184 347.5899595447771 84.02567700075451 354.62100634786685 80.5072239999572 310.5725380000022 168.52507225659792 303.5415293254242 English 0
129.8525355711172 377.4222490246334 88.03614999633282 381.227946704947 85.80983063213353 356.7664179570321 127.62593799998285 352.9607330000028 English 0
111.73573437365121 403.6656819563623 90.71162014799484 405.80029932381694 88.60882810120529 385.0914228551444 109.63281500000448 382.9568120000021 English 0
117.05664000000979 401.30215100003056 116.21121337040677 380.50234743787195 153.95235155803675 378.9684527876807 154.79788727105188 399.7681422640983 English 0
154.2509930000233 378.301859999998 194.29243011771177 374.9836203547353 196.1014621832146 396.8109493010803 156.0600263775268 400.12917846593393 English 0
237.65607646404533 377.35131311718146 236.84093885371112 396.46201377777084 201.56243494297087 394.95729769011245 202.3776650000218 375.8466939999888 English 0
496.8997500000114 224.58507499999956 512.0048645522911 223.03666557369206 514.1819361682428 244.27368885996054 499.0768220592872 245.82209540395525 English 0
550.5542127937224 221.35286755812515 551.876733118188 244.40094145942723 513.0217192189593 246.6302818815251 511.6992809999647 223.58228600003503 English 0
444.71911320928484 356.85973896616133 442.93964700002107 328.57354500001384 484.6716264748102 325.9484079271865 486.4512325195392 354.2344513080701 English 0
503.5550476076605 283.4315231079071 488.6415662617219 285.81318017792296 478.08240086305887 219.69644174977225 492.99569931594306 217.31479954331763 English 0
487.6665140000114 282.4330649999948 502.2121530005097 280.0403173969079 513.6992800000007 349.8662600000041 499.1536458348128 352.25898769190786 English 0
499.8849906891701 377.64841269076607 497.21677599998657 353.259874999969 566.763399520205 345.65169279078253 569.4318144787394 370.0400006110549 English 0
507.9319010000472 247.80904399999838 519.034382145328 246.31605262433123 521.30018200005 263.16464499999677 510.1977013413125 264.65763396381413 English 0
510.97998199998983 267.30792800000347 523.3000989689026 265.8610614741151 525.3829080000287 283.5952679999969 513.0627914945944 285.04213187867657 English 0
542.7802587295446 247.31598591514015 542.806442000001 263.9121599999831 522.737565573043 263.94378544170763 522.7114140000049 247.3476429999646 English 0
585.7954521030479 242.3001395017693 587.3534859999927 261.9600790000227 542.0062480841443 265.55349224916154 540.4483044047083 245.89363688243543 English 0
563.9201469290128 266.41341706080317 565.0546450000547 278.5583449999683 529.0174416660739 281.9244201735854 527.8829920000135 269.7795370000009 English 0
590.6678014530917 263.74937222977667 591.3126080000075 278.63805099999587 562.5816145330464 279.88221453056065 561.9368530000065 264.99357900003196 English 0
590.9166320000077 278.6937019999919 589.7357916119654 263.22711121476107 606.5151758732827 261.9461112464638 607.6960402058467 277.41267579405485 English 0
606.1121390000335 277.6352629999773 605.0561541349452 262.66426464478354 635.8297597141063 260.49372960394237 636.8857871978253 275.4646816876004 English 0
527.9559876623534 304.7766343058825 515.7859895979345 306.76975031848235 512.940586270197 289.3966831452233 525.1105380000081 287.4035709999954 English 0
529.5647060000192 301.8576700000261 528.715794733871 287.56108471405605 575.1684329797718 284.80288383799547 576.0174121490854 299.0993965857777 English 0
573.7157740000112 299.9612400000007 572.9981719277566 284.6519725431114 590.2477535382786 283.84346993776785 590.9653828755836 299.15270867960595 English 0
636.8494282420579 280.85516285451564 637.0149491933989 298.8686246546122 587.8151834840537 299.32049640398316 587.6497589999781 281.30713000000446 English 0
532.4346914904891 325.1516061061772 519.2277856439614 327.6234340861641 515.9864105742599 310.30601785812337 529.193263000052 307.83419499999644 English 0
533.6474319999979 322.2882940000233 532.7992720893963 308.64428909206543 574.0300121817563 306.08136135658265 574.8782334665157 319.72530035787906 English 0
572.9725730000064 320.53152800002664 572.295098566392 305.36639064430636 589.1487030780263 304.6135401498145 589.8262058373803 319.778647742923 English 0
629.6550277738424 301.2775865098149 631.0569959999702 317.2154670000038 589.663638807906 320.8562109788775 588.2617529999698 304.9184070000132 English 0
535.1810391373874 344.69289535948013 523.9135202867328 346.80172451727884 520.6721415367792 329.48430951623436 531.9396119999874 327.37548500000366 English 0
539.4376619999821 346.2489660000126 537.0623774806154 329.3483953229818 579.8276412851556 323.3384003811634 582.2030012834875 340.2388800046237 English 0
580.3715519999969 341.57323299999 580.510603982475 323.04996855925776 614.549646000014 323.30544799996795 614.4106725854363 341.8286342508167 English 0