224.0250999658747 189.78947821447719 229.58813099998224 155.25576599999127 337.07019814239175 172.56939587681703 331.5074518282927 207.10285431997193 English 0
480.2879831588507 225.58355043660617 484.69639499999175 194.2605559999716 576.6204234381439 207.19733991280646 572.2122717077582 238.5201003159703 English 0
333.2190428660397 211.71360691890865 337.39461000004667 171.49348699997842 482.1848599892837 186.5243588150776 478.0097657847364 226.74404252732685 English 0
276 202 327 202 327 232 276 232 English 0
281 133 342 133 342 173 281 173 Manipuri 0
498 167 573 167 573 203 498 203 Manipuri 0
491.02887513668975 164.53570277828246 485.72237499996845 196.25309699998422 347.57434025952534 173.13991083136204 352.8810610000073 141.42279600001632 Manipuri 0
370 336 407 336 407 362 370 362 English 0
228 501 286 501 286 520 228 520 English 0
289 502 315 502 315 522 289 522 English 0
175 495 226 495 226 519 175 519 English 0
571 60 610 60 610 117 571 117 Manipuri 0
411 341 445 341 445 364 411 364 English 0
448 345 475 345 475 366 448 366 English 0
13 491 120 491 120 511 13 511 English 0
318 505 349 505 349 522 318 522 English 0
354 507 387 507 387 527 354 527 English 0
500 520 524 520 524 537 500 537 English 0
536 522 609 522 609 540 536 540 English 0