413.0978412665718 293.33628178135666 402.15731099997356 367.4514380000053 220.1958904829371 340.59050744587137 231.13773799996125 266.4769599999807 Manipuri 0
4.797921101926477 321.86478291811085 69.3332495586219 329.5445242745459 61.51540799997747 395.23426199999875 -3.0199099582387134 387.55458834138466 English 0
121.96985504859185 334.4847065315045 113.37268690302153 410.200259728206 65.87256762381003 404.80699506719736 74.47016700003587 329.09193799997917 English 0
263.5703328674572 430.042833771899 117.97563059888489 409.5830577967895 127.34393899998395 342.93446499999857 272.93586814936134 363.39404332893025 English 0
334.0994812520512 364.2973583121707 317.6725916843134 441.7595654959697 263.8766911850689 430.35229659761944 280.3040350000083 352.8907179999882 English 0
402.66830147011206 384.31389748852234 390.3163649999624 446.5735070000302 321.70986376397195 432.9634602519559 334.0622920000169 370.70451399999394 English 0
518.7690878508874 404.4370794115195 509.1088989999844 463.2687089999972 397.2571243749553 444.9035986778052 406.91815099999076 386.07301999999555 English 0
619.0846437661094 417.22095480821974 607.9261389999738 483.5681700000316 513.3530469776451 467.6636612804726 524.5123779999994 401.31748999997956 English 0
215.66377145136357 457.92525822664106 207.1814330000052 518.2919460000152 13.475520305582904 491.07392760500596 21.95958900003461 430.70931799999806 English 0
6.542418950994033 493.9409332260418 -8.327556147996802 492.0183191447172 0 427.6230989999971 14.869648298918037 429.54569168199373 English 0
211.24729499999376 520.1456859999673 221.66597112103773 458.7625377266688 309.6984914444329 473.70163794432426 299.28095717186807 535.0837729247877 English 0
311.2994911360147 475.2203540684746 343.8867096899776 479.0069572346442 336.99477122521785 538.3073885582525 304.40755999996327 534.5208279999981 English 0
381.86219985727803 547.4976562180004 334.75050396693405 539.9750474210749 347.1553860000131 462.3070790000022 394.26571766496636 469.82957681849996 English 0
395.7858949344518 485.81182364124606 448.23270987901196 492.1624129443496 440.17064599996957 558.7303689999989 387.72384593554307 552.3798624329348 English 0
613.7354583556589 521.6172295080562 603.5105699999986 586.8155809999903 443.02301539421023 561.6486864508273 453.24962400001823 496.45246300001065 English 0
91.04190488120366 528.896249075735 81.14638894396194 578.4838340266252 -5.789903667100589 561.137750119327 4.106277000028058 511.55104700000066 English 0
87.68442300002789 573.3076980000138 96.34841263046837 523.1003605697267 180.66611510243092 537.6470613353283 172.00312702210795 587.8535114828346 English 0
182.7900039999804 609.7556879999916 161.28849474174785 602.9947072538796 182.1459812172543 536.6807364028771 203.64689741225448 543.4416167896624 English 0
193.5730209999747 604.8595389999873 204.97791329857137 539.6854962671757 282.31153200002154 553.2148859999709 270.9078850170772 618.3878259608472 English 0
322.44271933574055 631.9472941670007 270.44299170185695 620.3338368138576 285.9974051368772 550.7098102914699 337.99557899998035 562.3230890000003 English 0
330.3968490000261 631.7827980000085 341.35771681823826 562.675954438713 419.13517000000866 575.0088369999678 408.1756776691327 644.1144482238551 English 0
517.599311578233 592.6911542053471 506.29223627787724 650.7367964165632 409.66664720464905 631.9182229914079 420.9746994046145 573.8738872288975 English 0
519.8967464130692 591.7345966281187 602.318832955134 598.1107556856257 598.5839854637015 646.3760880148632 516.161906999987 640.0000000000014 English 0