200.94323172605073 210.49468186017498 199.81457000001683 175.5339799999845 308.6253131955891 172.02096783329114 309.7542367551796 206.9813986740178 English 0
459.3277868563746 196.7338507985918 457.67824100003054 165.14518999998887 550.3815895321895 160.30418201877944 552.0313191895548 191.8926481703177 English 0
312.31441480289504 211.18080073446515 308.7386429999606 170.90292100002785 453.73646172185545 158.03015942841455 457.31259650907305 198.3076342156532 English 0
256 205 309 205 309 239 256 239 English 0
248 136 312 136 312 180 248 180 Manipuri 0
467 126 544 126 544 168 467 168 Manipuri 0
458.22253818019817 134.7583439201024 459.0655659999902 166.9053559999759 319.0455717567238 170.5765160974148 318.2028060000448 138.4297600000125 Manipuri 0
374 321 413 321 413 350 374 350 English 0
265 507 324 507 324 531 265 531 English 0
325 500 353 500 353 522 325 522 English 0
213 513 265 513 265 541 213 541 English 0
520 11 563 11 563 71 520 71 Manipuri 0
414 319 450 319 450 345 414 345 English 0
451 317 480 317 480 340 451 340 English 0
52 532 159 532 159 561 52 561 English 0
354 498 386 498 386 518 354 518 English 0
390 492 425 492 425 515 390 515 English 0
536 479 561 479 561 498 536 498 English 0
571 466 640 466 640 490 571 490 English 0