340 165 380 165 380 191 340 191 Manipuri 0
385 166 420 166 420 188 385 188 Manipuri 0
367 279 459 279 459 328 367 328 English 0
477 273 623 273 623 330 477 330 English 0
424 179 535 179 535 256 424 256 English 0
560 183 612 183 612 252 560 252 English 0
407 409 445 409 445 432 407 432 Manipuri 0
464.21836491659633 421.7120069107539 450.9406189999572 421.9437410000003 450.69533560708805 407.8897405873868 463.97302400000626 407.65800699999966 Manipuri 0
512.043015767631 404.57281781992157 511.48324713991315 418.74151124611734 499.78728000001865 418.2794689999741 500.3470729289256 404.11080093223853 Manipuri 0
416.89945799997076 521.3802850000044 413.2801849194948 485.76883428096863 539.876915695786 472.90377930587823 543.4969286213163 508.51439276940334 English 0
619.7398188788065 466.50817985191634 623.103006052479 500.33563180968724 547.7839330252027 507.82191485566614 544.4212490000064 473.9949270000238 English 0
414.03972049447475 522.7226864998739 382.0462309999857 524.793586000001 379.65921622475435 487.92008413068436 411.6522629999963 485.8491989999996 English 0