193 266 257 266 257 305 193 305 Manipuri 0
454.50156361504924 279.09496546047484 449.4912353944528 327.66843506552084 281.08053000003565 310.2960890000289 286.0916518612066 261.72351793894404 Manipuri 0
118 314 243 314 243 372 118 372 English 0
120 371 149 371 149 392 120 392 English 0
164 373 216 373 216 394 164 394 English 0
262 377 377 377 377 404 262 404 English 0
401 384 495 384 495 411 401 411 English 0
151 422 269 422 269 478 151 478 English 0
337 408 402 408 402 482 337 482 Manipuri 0
417 410 622 410 622 489 417 489 Manipuri 0
66 422 135 422 135 504 66 504 Manipuri 0
8 417 50 417 50 488 8 488 Manipuri 0
519.9819851990469 342.4405320561727 517.4765630000184 386.5525979999903 276.77919254907465 372.87850137824216 279.28594135119056 328.7678480565676 English 0