323.22658553493966 257.4534295213281 297.71960061501886 258.533526502029 296.6114910000033 232.36468999999863 322.1183545594249 231.28459558985796 Manipuri 0
325.7477195344836 258.106060646724 325.58821300001 232.53674000001152 348.9330479349883 232.39111924875783 349.092608600331 257.96038540505594 Manipuri 0
352.5619295841898 261.8078964516093 351.7923259999952 230.855119000008 392.767420814489 229.83635293242315 393.5371375332761 260.7890138703922 Manipuri 0
422.93551575341553 272.71461348769907 394.013413721259 273.77549569661534 392.6749050000217 237.28360799999908 421.5968072042597 236.22272945635476 Manipuri 0
314.3589434635214 318.44782763792455 270.2088703929621 321.089447122053 266.75652300000365 263.3886689999993 310.9060448899254 260.74706605954975 English 0
362.63751324520854 318.7362465209878 325.2882053637586 322.07274652120526 320.4043249999813 267.40293700000205 357.75318996929855 264.06645686405295 English 0
369.0842686402175 320.5924459464676 369.7174729999824 269.72771200000955 485.0404532277753 271.1628410232091 484.4079028435226 322.0269293627059 English 0
603.3013369704713 278.0188723717496 602.313284999982 326.79411199996883 485.7830377449136 324.43263298463705 486.7717129999801 275.6580319999869 English 0
302.96948844887083 347.44577847121917 303.0974642732326 326.05077906764245 342.4873660587036 326.2863405391173 342.359496216377 347.6812341211074 English 0
339.5426916013821 348.9847070798124 339.90656200003286 324.3429890000359 420.98723239731044 325.53988974193294 420.6236163241556 350.18135648326063 English 0
467.0635704660526 326.26525713943715 466.7391800000041 352.84148799997604 418.71159958340286 352.25508406140926 419.0361490000214 325.6790139999948 English 0
499.9229928899149 325.8163215414541 500.2554680000321 350.39132700000505 464.4805780237948 350.87514973897646 464.1482150000229 326.3002550000109 English 0
537.1944637994602 327.3966275180365 536.7152969999734 352.9944969999856 500.5046593178122 352.31658546213174 500.98394100001315 326.7188329999644 English 0