115.11507288261782 191.88056255567105 118.1683712117956 201.615039117084 96.75725399996736 208.33058399998149 93.70397473423509 198.59612366375129 English 0
139.50995692794095 183.65921989790678 143.0249087485572 193.56290637724794 114.6038808409503 203.64959005408704 111.08895433826547 193.745925038419 English 0
140.4675419999694 194.29038899999026 137.6613529471797 186.45507160817087 173.00022821189486 173.79887762130605 175.8064265705616 181.6341748735893 English 0
103.35852707830782 213.8593442430422 99.14437851264665 213.36653464481344 100.25039562751772 203.90902176851256 104.46453800002928 204.40183099999916 English 0
104.56935399997747 212.5141299999857 103.07313620360219 205.11370648403982 121.60345199998119 201.36735799997643 123.09967774628603 208.76777075006947 English 0
119.06330799996795 207.9092639999933 117.3779689190269 200.13978419680424 131.94449200003874 196.98013700002463 133.62983731720306 204.74960809523031 English 0
136.63822403636004 206.4277298526306 128.55763400002616 205.70267900000056 129.5471132316743 194.67548674640184 137.62769000000844 195.40053700000314 English 0
228.69330000001355 252.15230799997704 227.50202560375328 239.43179929717385 249.06276299996534 237.4127179999863 250.25405979824427 250.13320166056647 Manipuri 0
279.5604834982805 244.786692869052 252.0191986712598 249.00520534619008 250.07150756428018 236.28971560894996 277.61272999996436 232.07120800000465 Manipuri 0
302.7243705816363 240.58196305085855 278.80460382802994 242.47862372730617 277.85993425197375 230.56507168060702 301.7796509999607 228.668413000001 Manipuri 0
138.2820950000314 201.77502400000742 136.89568528861855 193.97037220823364 152.46342899998126 191.20501100000112 153.8498457071546 199.00965374680396 English 0
152.20412900001975 198.48188800001134 150.66271887437324 189.8046684875298 166.02134900000237 187.07645300001752 167.562766656265 195.75366279259555 English 0
115.7285018148832 290.97095931997956 86.34029712484335 293.18132915396603 84.22768893797183 265.0934053857372 113.61572299996624 262.8830420000002 English 0
121.06982600002084 288.98202500002947 118.01718589529628 262.3267670269218 188.44198699996923 254.26178899999513 191.49479247666022 280.9168559121162 English 0
193.67174899998645 250.14243900000014 247.29847941562184 248.74473744977576 247.93237971396593 273.0648957960667 194.30564942842466 274.46259404096145 English 0
122.82330016772903 339.6797100915638 123.7638894932752 347.61964112030313 111.30430099998193 349.09549599998536 110.3637256748334 341.15557772365537 English 0
124.21237399998063 347.0838499999661 123.6564178566914 339.6441916506809 135.98685999997542 338.72283000003506 136.54282689916727 346.1624766178301 English 0
136.93474400002742 345.3489680000174 136.7251839722303 337.89711604478657 147.72039116127416 337.5879349069069 147.9299612937757 345.03977644581335 English 0
174.16791296469455 333.78438767850264 175.1849857003981 342.00875346068983 148.9422139999806 345.2537490000154 147.92517148431216 337.02941065092654 English 0
193.03786006952578 330.92627445820926 193.8988057221286 339.9263372022264 175.3723419905873 341.69839580596897 174.5114189999731 332.69835399996714 English 0
212.01945233355218 330.19852998750275 212.31484447031107 338.1773295764648 194.96597630633914 338.8195403643324 194.67060199996922 330.84075800001904 English 0
212.64818400006334 414.0138699999886 220.36903454856656 405.0109912095958 226.8255012446025 410.5473544685322 219.1046631284553 419.55022151436225 English 0
144.5380060000025 180.99246599997082 143.89266407066316 177.39568758129846 155.2540980000049 175.35723899999806 155.89944205712527 178.95401467081783 English 0
154.76676904028864 177.5190347188172 155.75242441234877 180.67822037886555 145.18737889149634 183.9743941304211 144.2017262752779 180.8152108169927 English 0