197 249 265 249 265 296 197 296 Manipuri 0
458.88551178191847 298.2119354121644 447.1634211146011 345.6152009477522 282.80981499992777 304.9739830000126 294.5325035744463 257.57161483606683 Manipuri 0
114 287 244 287 244 361 114 361 English 0
112 343 144 343 144 368 112 368 English 0
155 351 209 351 209 379 155 379 English 0
252 368 368 368 368 411 252 411 English 0
388 395 484 395 484 434 388 434 English 0
132 398 255 398 255 469 132 469 English 0
315 410 389 410 389 491 315 491 Manipuri 0
393 423 605 423 605 529 393 529 Manipuri 0
43 386 122 386 122 476 43 476 Manipuri 0
0 372 39 372 39 448 0 448 Manipuri 0
270.2495539999654 364.29300199996766 279.249546362189 321.0373349116062 515.2892378105753 370.1414337864347 506.2908766896726 413.3956748006609 English 0