523.5063539978 123.35783482857666 536.5952243617357 195.26030375630302 210.80435600000783 254.56024100000138 197.71737174691225 182.6594231674318 English 0
156.4497712415323 298.81947614882114 165.46055438324402 345.7806591774625 13.686256000000867 374.8982320000125 4.676503225855413 327.93794835632457 Manipuri 0
314.21071776159806 260.4906819104642 322.82998684531776 298.4431700990192 165.45774799997162 334.1794510000253 156.8392586959817 296.22763943690666 Manipuri 0
506.7713650576479 205.42200550114165 518.2320148924191 243.79955481366065 341.88050299999304 296.45905700000236 330.4206240395433 258.0821647082485 Manipuri 0
616.0713831483008 172.8285771234945 628.4119058997749 221.842879403204 532.6591170000029 245.94958499996793 520.3190314992389 196.93565990163455 Manipuri 0
55.95847099997627 405.5803399999729 49.32559608510928 371.53223400206593 139.17184999998426 354.0309340000164 145.80505458325206 388.07859679379544 English 0
152.33759299997473 384.4950919999942 144.65206964210665 350.9143807255016 294.5038986504369 316.6201738622726 302.18989058819716 350.2002143472796 English 0
354.4532277867256 305.463219989697 359.0558614206384 338.2082117598361 309.1580989999784 345.2210169999728 304.5556868654967 312.47622413382294 English 0
363.65892599998915 336.48427599998365 354.4391614937922 301.15589286272933 560.7361996780674 247.31931560964935 569.9564901739359 282.6468844965099 English 0
576.5036071940267 240.35288744381205 611.8609709999873 234.81848999999744 617.7969262804982 272.7395045248078 582.4395672026003 278.2738816997023 English 0
325 100 392 100 392 143 325 143 English 0
23 380 47 380 47 412 23 412 English 0