487.26852511455945 242.43970624114726 479.7193739999784 297.18401200001273 386.1663460273121 284.2832108689535 393.71591900002386 229.53941000002104 Manipuri 0
586.3793060788885 236.1622709574607 579.4110460000229 267.98609199998975 507.4292630304262 252.22501117091497 514.3976759377983 220.40139489503363 Manipuri 0
520.425963000016 256.28821199999976 590.8724507979787 254.92126015844323 592.5381700000435 340.75960899999933 522.0916826231405 342.12654785243114 English 0
645.6016640846792 340.0344918835268 637.966219000009 395.96084500000785 517.4325559348654 379.5049387896558 525.0687620000099 323.5794889999969 English 0
524.4432398350909 438.3474553592406 538.9074869999604 388.89762300001746 602.5737112697243 407.5178399343816 588.1100689453888 456.9671543118909 English 0
584.261944999962 402.4912380000003 633.8641425561218 399.64224246746767 636.9609610000043 453.5520719999991 587.3587655562733 456.4010430867426 English 0
90.58292907255236 207.64773342728435 69.85382099999697 270.8268580000123 -14.08031351165846 243.28861660677117 6.649035000009462 180.1099659999743 English 0
0 538.483294 41.544846 538.483294 41.544846 609.584393 0 609.584393 English 0
47.97896899995976 607.5630430000283 52.35050909592246 541.4160896252927 228.11303318230784 553.0271098242542 223.74415823782329 619.1715456682363 English 0
55.44157368414744 317.51579425644275 1.061410246984451 311.92548457583223 5.878873406472849 265.0690899568911 60.258485000013025 270.65937100000247 English 0
82.38619471616403 331.8548841015377 58.627403041609796 328.26527736119687 66.99985432976973 272.8548548991491 90.7583524495567 276.4444391197644 English 0
78.66729000001214 315.78752200002333 99.44753198258695 272.12887046161626 134.3509260801511 288.7408375819229 113.57090723227884 332.3992990557897 English 0
105.44406483793864 385.5989006155773 29.331592350426945 366.72745978130797 42.23855010015541 314.6781446465692 118.35000400002173 333.5494529999969 English 0
537.3071250000066 447.5452909999991 565.64658512405 445.90114744214253 567.6917519999552 481.14736100000084 539.3522927584854 482.791494540023 English 0
568.1956575608638 453.20900544555525 621.1582927084237 458.24725207804227 617.8811110000242 492.69171100000153 564.9184800114745 487.6534949957894 English 0