156.11443067617074 52.72044357180761 156.2813759999699 43.05004299998308 171.8344926136342 43.31854363617927 171.66755002639547 52.98894150730395 English 0
186.32598573807627 57.48582763785364 169.8002266039839 53.636070952496134 172.35582560992043 42.66574913946159 188.88157800000045 46.51550500000182 English 0
148.45929527538829 50.87856822184152 192.66925600000832 55.04065200000015 191.17124756914563 70.9525668600665 146.96128704963485 66.79048458527468 English 0
337.6764650000405 78.21868500001025 338.84695550223114 66.54677133772152 362.9845589999604 68.9673410000224 361.8140769164893 80.6392469038696 English 0
361.55462499998976 80.61321500000928 363.5731370197027 68.45288920091565 388.4469516425452 72.58171227041035 386.4284494545427 84.74202933510973 English 0
274.3972898561333 81.7330144056443 272.3174019999715 98.67254500001935 226.71010956008104 93.07272649052425 228.7900190000073 76.13322099997835 English 0
271.1947702270845 100.15312435450264 273.19109000003664 82.12232499998518 318.23803961066005 87.10974754293106 316.241750995614 105.14051826478493 English 0
251.0857515092357 95.02100062467152 248.14877700002398 115.04919899996543 224.36513531349192 111.56152786696667 227.30212499998743 91.53334800000223 English 0
269.78253341490927 119.31750771770909 245.47804004389036 114.73526237380055 248.94361313272384 96.35393009453828 273.24807099998 100.93617200000071 English 0
309.0673588631762 120.91704505279112 268.6342338639224 115.95252676384678 270.6491694058059 99.54243109933854 311.08224000003247 104.5069460000041 English 0
306.0689902750164 118.3051073132821 308.4309210000356 103.64406700001369 338.9443697419483 108.5598058237884 336.5824604850786 123.22082702533187 English 0
332.681462901528 92.65084575007927 331.1215329999686 105.35544600002446 317.2305145570135 103.64984778688248 318.79045000001497 90.94525399998822 English 0
364.0699769512139 112.6249984057604 362.12007000001904 128.5057760000134 335.1318047641689 125.19205562474524 337.08172799997556 109.31129700000852 English 0
221.63362761180906 131.69378779618478 222.46420199997374 117.80625500003262 248.68943042725732 119.37468774335079 247.85887402693334 133.2622034338493 English 0
272.18833859653387 125.56648525878344 269.0951689999929 138.03995899999256 247.29230949487828 132.63334031966141 250.385488000029 120.15987999999423 English 0
301.44485591306875 143.6240166905527 272.07523581106216 140.01792666912144 274.0901685173594 123.60783093182062 303.45974099996965 127.21391799999901 English 0
324.8611263798375 146.4991738883774 302.30007315723924 143.72906256372917 304.12000786338467 128.90703979067328 326.6810270000133 131.67714899999658 English 0
136.3569060000009 100.2482070000114 137.84617084893398 85.55445464537598 187.98376967235527 90.636015623677 186.49453340600303 105.32974179374521 English 0
182.885206152132 118.31995035156501 145.97477703879122 113.78795796907951 147.59972244319215 100.55401007154322 184.51011199998902 105.08600000000311 English 0
141.83164599999145 124.56331700000207 143.15691134928784 115.5770950878572 165.49410200001148 118.8712849999955 164.16884688886057 127.85749775198015 English 0
180.40150361171982 131.9857935140522 160.64519304454734 128.87375185500298 162.47202352671593 117.2766090329574 182.22831300001417 120.38864899999987 English 0
163.53038954883232 128.30224490266778 162.3604389999673 137.83070800003134 143.7067819468939 135.54033932528802 144.87674000003608 126.0118849999828 English 0
176.6764491041249 130.47480534440254 174.6058130000165 143.09562100002032 161.07799995304958 140.8761999570677 163.14864300002228 128.25539300001057 English 0
241.79273951565847 388.3168565931802 246.2064670000109 350.70234799996433 345.29120489314664 362.32746600985774 340.8780519213906 399.94145086110495 Manipuri 0
417.8563315288193 370.1653991616481 413.3464363852545 409.3671211149576 343.91139579063747 401.3794444075433 348.42163100001926 362.1781150000096 Manipuri 0
235.32248414579954 147.32665896072268 220.22085734679422 145.8966563702816 221.57890346868953 131.5552604665366 236.68050800006313 132.98526200000293 English 0
232.71293310252076 145.9315669878296 234.40290200000163 132.16826899998063 256.5898346863105 134.8925155684766 254.89988346183964 148.65579752701865 English 0
254.87392403476406 145.96590214675942 256.1739200000011 135.37875200000835 298.99163536807464 140.63622505320876 297.69166622041666 151.2233507906155 English 0
276.401499812564 400.0834030777271 273.69783412272227 417.41415965163304 241.33555604305002 412.3660237901214 244.03929100000823 395.0353529999742 Manipuri 0
299.52735184677294 421.72995882057717 272.5389793354407 418.4166134687313 275.0089585817477 398.301011904974 301.997166000001 401.6143470000028 Manipuri 0
262.140507429649 194.68126297098112 240.7441301560175 190.5613892642323 242.96785377948254 179.01297666596977 264.36419699995895 183.13284699999633 English 0
284.0785060000053 186.62813699999225 286.3456082574703 175.05913721618862 308.72972500001197 179.44549399996478 306.46264324503136 191.0144757658122 English 0
324.84673007762467 191.60183021016672 326.26360200003546 181.59838299996755 356.47295206566923 185.87705390824055 355.0561039611057 195.88047969685562 English 0
303.5424402638455 239.51606979579824 302.4014460000035 250.67184699998901 275.6289707326505 247.93367900545238 276.7699890000222 236.77792899997354 English 0
321.83505400003924 246.60993100001863 322.77648772855173 237.07024567121687 345.0670781226654 239.26990820894014 344.1256653272285 248.80957421767644 English 0
380.8410954919236 254.92963932153233 366.5621059403202 253.62752257380404 367.72516690718476 240.87420078611342 382.0041230000061 242.17631600000016 English 0
489.70484832876537 81.30260393177869 518.3635786562809 84.21553906053909 517.0149951322674 97.48341683796262 488.35626500003855 94.57048300000275 English 0
536.35186136009 87.56746051190783 535.4520958284411 97.15193522399846 516.8633950327057 95.40687862370129 517.7631660000043 85.822410000032 English 0
549.455871506434 89.71377485707524 548.9212564301124 100.4212437102561 534.1703456537653 99.68474128995062 534.7049659999902 88.97727799999367 English 0
548.9255962929747 88.03665993026519 569.4803883042186 90.0641009729458 568.118845864883 103.86772503668995 547.5640539999586 101.84028499999707 English 0
581.6962595724181 106.0311941602769 567.7263226979267 103.12239490184359 570.671908327422 88.97592527062466 584.6418310000445 91.88472300000414 English 0
584.539453000034 105.84295500000866 585.9694167862472 94.19705693888812 608.9887945014925 97.02350994237 607.5588419403357 108.66939777428838 English 0
510.47937399998773 108.5709689999895 511.6029536375572 96.37543366621487 529.1309259116679 97.99027881112723 528.0073551811074 110.18580588878197 English 0
530 100 554 100 554 114 530 114 English 0
551 102 577 102 577 116 551 116 English 0
576 105 588 105 588 119 576 119 English 0
515 308 542 308 542 326 515 326 English 0
541 312 567 312 567 329 541 329 English 0
475 371 562 371 562 423 475 423 English 0
559 377 634 377 634 426 559 426 English 0
574 127 597 127 597 143 574 143 English 0
539 126 558 126 558 139 539 139 English 0
522 121 536 121 536 136 522 136 English 0
564 114 586 114 586 130 564 130 English 0
549 114 566 114 566 128 549 128 English 0
534 108 546 108 546 126 534 126 English 0
561 125 577 125 577 144 561 144 English 0
541 284 555 284 555 300 541 300 English 0
554 286 561 286 561 300 554 300 English 0
558 287 571 287 571 302 558 302 English 0
569 288 582 288 582 303 569 303 English 0
578 289 599 289 599 309 578 309 English 0
604 321 620 321 620 340 604 340 English 0