200.7029760000296 199.2898729999893 196.61327684967546 165.73883906856992 263.2652899999812 157.61442500000643 267.3551172824227 191.16530757479086 Manipuri 0
265.2185460000328 190.63303799999846 259.8727574774239 160.47452740173503 316.62864199999603 150.41435199998352 321.9745161537867 180.5727519949981 Manipuri 0
355.49386698636226 140.51848516255782 361.3282639859244 176.01221862356894 320.1034808424447 182.78843956524975 314.2691840000043 147.29479499998288 Manipuri 0
418.1503461829561 124.45525496082399 424.14575889320986 162.2918453527674 360.60690199999954 172.3595680000056 354.6116396166326 134.52311126223543 Manipuri 0
107.93794699995487 269.770259999971 100.00127190236526 211.43343851069363 238.0814079999982 192.64800500001402 246.0186676064768 250.98412417050707 English 0
239.32959899997513 251.30684299997793 230.8828908279247 194.06946639464738 336.01640599998063 178.55487099998567 344.4635130765528 235.79176214756163 English 0
338.44179389532655 171.46990047886388 374.95610399993893 170.7911660000005 376.17664022225654 236.45124799660823 339.66233021485095 237.12997908894664 English 0
380.31220299999404 232.5085040000079 370.87447372883616 165.44396111128924 500.5669019999914 147.19303700000975 510.0051461000112 214.25695611362505 English 0
206.52559285117604 297.27969519186104 188.8638760462345 297.2344241083635 188.9734032611159 254.53792911552145 206.63496499997564 254.58319999999992 English 0
206.22770900001342 288.75156000003204 202.9515792390157 249.545058297042 250.33291200001258 245.58601499998952 253.6092097886285 284.79233163239286 English 0
251.46680752019165 243.865712298763 279.9422410000261 245.6193520000018 277.13763276231475 291.157979747918 248.66220000003523 289.4043480000004 English 0
277.2489250000217 283.0694939999928 273.3427956563537 244.08842079656188 344.4578110000293 236.9625179999863 348.3641789713147 275.9433221298697 English 0
342.48929000001226 272.25271600003305 338.3973935701215 230.01182936919392 429.53042000001005 221.18391399997597 433.6226323396113 263.42444466484613 English 0
48.68279052541766 366.9968035922491 116.62243800004944 358.05428899999583 119.1267324618093 377.07845490820625 51.18708964691905 386.0209457438933 English 0
39.023354000019026 404.52410000002396 38.84644030316849 386.3567900563072 82.38626600003045 385.93276400000263 82.56329488365736 404.0999576693417 English 0
82.77837318491947 420.0731990068147 39.14754818302754 425.70356929720936 36.95354941082769 408.70312044450577 80.58414700004505 403.0727649999967 English 0
74.76843212331005 442.76657735187587 30.8097465710307 444.3014354903008 30.139815581496805 425.11313138337704 74.09822900001018 423.57827799999933 English 0
72.28755305804953 438.58394198061234 71.65477599999576 420.4616549999682 107.55485616049555 419.2082502155272 108.18773324921494 437.33043330927876 English 0
22.243990046263207 460.5694005533551 24.253583214303944 437.9362294926971 60.307419000018854 441.13693399997817 58.29797397622315 463.76996718045734 English 0
20.31012399995234 487.3609779999856 19.0446893106855 462.94400292430424 87.35260800000106 459.4041980000038 88.61832031412632 483.8208789343871 English 0
603.4027149999747 388.017488999981 599.8828586757008 373.0532001187981 640 363.6178800000139 643.5199153575377 378.5820828283937 English 0
614.8351995175472 417.5028765002015 618.008398002421 435.0493473085486 578.0896580000262 442.26728300000275 574.9165883880778 424.7209259367406 English 0
613.7951449999673 433.5492009999928 611.351347035743 417.24163573588413 640 412.9489880000014 642.443858705883 429.2564788002193 English 0