48.570744000026025 94.85867900002502 45.46146743610734 78.31320637780772 77.76799200000823 72.24208799997938 80.87728143698769 88.78754354668357 Manipuri 0
78.87433395022526 91.28730454474012 81.87706435091968 105.0421934780067 47.996344968196354 112.43835734802268 44.99363520328188 98.68348623215093 Manipuri 0
24.210691826592665 77.5633053810663 44.978917999978876 79.16223000000033 42.24942094864673 114.61508958183109 21.48119500001485 113.01616700000261 Manipuri 0
308.8273720000143 177.00649399996806 306.0873357501987 159.92877940379475 377.46447600002284 148.47676899999198 380.2045721783361 165.55440887676838 Manipuri 0
441.0720364172448 136.66625159530955 444.8253182094777 154.33006354801407 382.4390789648169 167.58578199290523 378.68586997727107 149.9220332563531 Manipuri 0
264.4123170000239 231.3180959999957 258.5024477994011 190.27993739963676 422.9638040000282 166.59593699996907 428.87408952032274 207.63358587321483 English 0
433.89808200001426 206.89541899999202 430.32303330342984 160.7365940782252 492.16430300002685 155.94701500000704 495.7395286153769 202.10564411946984 English 0
421.8375100000412 256.99907800002876 418.0413710765424 225.10054478544578 490.0672279999708 216.52921500003416 493.86354231966834 248.4275435982698 English 0
239.02721500002372 279.67485800003334 235.96955798864656 251.90959285755258 291.2079690000246 245.82668900002702 294.2657574612531 273.5918027057692 English 0
290.828324000031 273.10774200002635 287.16980818120646 244.13010263326558 415.0033750000148 227.99085999996916 418.6621870889212 256.9681519287045 English 0
273.45421400001214 294.3095119999664 271.4185012989037 278.55574457802817 319.91820199997164 272.2888710000302 321.95398336829385 288.04255709710225 English 0
357.68609844031744 284.0822780015444 322.27085099999385 286.7185490000009 321.2487127710483 272.98738906702204 356.6638596406119 270.351121826262 English 0
414.55126819811994 265.0483576336294 415.40690230620385 281.15919848187696 360.3503630000341 284.08283899998577 359.4948239441874 267.9720886331777 English 0
419.3684822477371 257.3242217851497 431.7883659999643 258.9176369999968 429.10478511978 279.83371785961776 416.68490199997905 278.240305999998 English 0
467.76739244771306 255.7273487664454 469.30894969627843 272.0384283752004 433.9992080000229 275.37527900002823 432.45771250440157 259.0642565149307 English 0
441.9869369999651 340.3308619999813 439.0035583673307 306.8514763190856 504.0208189999976 301.0580490000279 507.0044322488684 334.53717323482533 English 0
365.02114099996106 348.3989010000055 361.8132813798002 318.9070744359639 439.7996769999736 310.4248569999846 443.0077842202445 339.91639947171825 English 0
270.33133299999463 356.4502849999672 267.7550968014839 328.3778241275465 362.44467700002133 319.68840899997616 365.0212138250936 347.7605337858661 English 0
269.1336389886419 329.873867366122 271.47400732923415 357.03459418523613 230.31365800001367 360.580771000033 227.97344444137707 333.4201880583649 English 0
398.2565924735536 301.40592730200035 399.3860312673496 312.7158298196685 347.903667999999 317.8564500000284 346.7743022997456 306.54661484836004 English 0
328.9915409999958 317.34913799997855 328.4799717785063 307.7155910574721 346.5406020000228 306.7565799999824 347.0521902837936 316.3901067112114 English 0
331.8217519674363 359.93471018214416 332.29590116257896 374.85813045407986 290.3449919999548 376.19070199998026 289.8709310973936 361.2673674056304 English 0
456.26640322545427 350.2958668917245 456.71516061149305 367.97599667258515 419.5137409999734 368.920014999999 419.0650736729003 351.23997310003125 English 0
402.6560249405884 349.28802184460073 417.1122269999614 350.8187359999991 415.00109041335236 370.7545990476923 400.5448890000116 369.2238889999971 English 0
465.73986327450257 372.1516461215163 466.4170877972356 390.7622060243493 391.82007199997315 393.47593399999585 391.1430518118141 374.86557129550425 English 0
372.0475234043988 379.0504810170047 372.31136520516884 397.25005402592245 322.13264099998923 397.97716400000724 321.8689329307381 379.77772259612783 English 0
396.61490776103165 355.4985364558556 396.933794352517 371.99076294589804 334.8677350000071 373.1903929999909 334.54898969081114 356.69830509667315 English 0
315.6073768551869 382.032529448825 316.6853615470609 399.36579758327383 262.20539399997506 402.7533180000193 261.12755511720025 385.42018781187755 English 0
172.2383080000145 461.2668079999665 171.41721824809792 441.5512410542908 261.8951129999914 437.78316700002676 262.7164880957571 457.49843499937583 English 0
263.5260779999953 453.79268399996874 262.53137864216114 438.4017668869693 307.96639155509183 435.4656602912308 308.96119859142345 450.856461629725 English 0
313.16212700003234 451.96508400001517 311.95287803224346 433.5133389676401 359.9018729999807 430.37130300003554 361.11125697258103 448.82290249758364 English 0
512.011776821164 396.58072442487 512.7680363955005 416.463894269393 420.83442499999364 419.9593819999809 420.07845308115066 400.076489673799 English 0
411.62883688899456 403.0123282807913 411.6346375086141 418.20700730405645 371.05044346179056 418.2223200496528 371.0447369999747 403.02773500002735 English 0
316.63489941660373 411.04246380090495 317.1789063604956 426.60752615320814 274.7972980000486 428.0883959999826 274.2533974155958 412.52343653534365 English 0
221.03784899998573 414.95491899999996 247.76796608814038 414.8624832097877 247.82436494067952 431.1694714473838 221.0942478540528 431.26190700050466 English 0
570.0671354329097 418.57398834260255 571.2512725619308 439.6189675113856 491.8818420000025 444.08357900001045 490.6979869552015 423.038867950776 English 0
486.3050738844322 423.313285454435 487.69663795603265 442.29771767325224 391.88805500001763 449.3186149999729 390.49680610238283 430.3344784446963 English 0
370.7910899123817 111.75589878715809 372.1238381139119 120.04897392062801 352.1885089999705 123.25265800002619 350.85576900477463 114.95959016498574 English 0
372.68083700000716 120.14455300000179 371.3132330714143 111.82795793705687 393.4827609999775 108.1823680000152 394.8503712451202 116.4989551241108 English 0
27.456814000033773 421.96767700000925 26.400378334801644 405.9664906320899 63.67086942656897 403.5060526744137 64.72739018230641 419.5071473569566 English 0
27.09622499998659 443.10426699998766 26.056846735009458 426.3353321891438 62.17155600003025 424.09711499998303 63.211025517375674 440.8659518418382 English 0
503.48690700004227 93.75298499999727 502.125283762216 83.99607645813359 530.074065000008 80.0957040000117 531.4356956516713 89.85260361239675 English 0
526.8600700000388 102.66072599999586 525.6464384297578 94.0409730381572 543.8209140000254 91.48208400001336 545.0345503132849 100.10183124725897 English 0
549.0156115938589 79.4158633644502 549.548088121519 89.83162040789034 532.6048840000294 90.69778200003292 532.0724133072508 80.28203049785566 English 0
564.6191510593053 77.41999487898974 565.7112066316768 84.52558292432506 551.6091240000242 86.69291200001408 550.5170718889713 79.58732705125637 English 0