319.94873147748876 257.3702811620108 294.5332258559938 259.78377225919013 292.05706600005215 233.70885099999805 317.4724510453234 231.29536566069407 Manipuri 0
322.5006255497283 257.8900675243402 321.0030810000171 232.36414099998396 344.30829751821875 230.99694224612972 345.8058928127866 256.52281455541635 Manipuri 0
349.47184229517006 260.18348067880316 347.08327300002566 229.3134069999761 387.94881959016493 226.15156078831808 390.33749354537576 257.0215195125345 Manipuri 0
420.31972464959836 267.3921881054986 391.49278146178403 269.9652170444539 388.2462650000525 233.59345699999866 417.0730135208578 231.02043679182412 Manipuri 0
314.2854562609864 318.7451824319816 270.33412773489545 323.6936778787756 263.866682999942 266.25280100000276 307.81746358617966 261.304336712034 English 0
362.51295412170293 316.50650166335134 325.3894431638764 321.79302837984596 317.6510530000087 267.4538590000028 354.7741293862782 262.16736363844336 English 0
369.04820516610926 318.0227554271368 367.0182880000357 267.19459699997407 482.25814322519 262.592148135949 484.2886671330052 313.41967370965386 English 0
600.7158517305652 263.2496516560881 602.2819609999715 312.00966499997986 485.7879578186112 315.7500438547657 484.2224790000182 266.99064400001254 English 0
304.42932723010017 348.2994680726711 303.4373024592787 326.92709670880214 342.7854522308917 325.100822916875 343.7775769210566 346.47308855066933 English 0
341.0329659473791 347.92219478041545 340.1065749999543 323.2952080000192 421.13865552855714 320.24701031415884 422.06528476155654 344.8737482290751 English 0
467.18981848156545 318.5599737796336 468.25686999996833 345.11674500003176 420.2645277985721 347.0446926042709 419.19763999998395 320.48807899996564 English 0
499.9807247703575 316.3919237803993 501.5989930000069 340.91583400001184 465.8985492101783 343.27128851754185 464.2803950000234 318.747485999974 English 0
537.2838152312761 316.01942379969853 538.1450949999999 341.60727700000837 501.94870865365374 342.8253978178301 501.08754599998065 317.23765800000024 English 0