301 388 349 388 349 426 301 426 English 0
357 390 425 390 425 427 357 427 English 0
38 429 152 429 152 535 38 535 English 0
167 417 623 417 623 551 167 551 English 0
289.8647704497125 390.451816590788 290.7678765973833 425.04074749268483 171.53772907382518 428.1519770658784 170.6352660000266 393.5636710000166 English 0
291 552 344 552 344 603 291 603 English 0
353 553 402 553 402 604 353 604 English 0
137 549 175 549 175 596 137 596 English 0
482 559 557 559 557 611 482 611 English 0
446 556 473 556 473 605 446 605 English 0
69 314 214 314 214 383 69 383 Manipuri 0
229 313 554 313 554 393 229 393 Manipuri 0
22.677471607603366 401.8404664793831 5.946765214030165 404.9481541139875 -7.079114774169284 334.82799026465693 9.651272999981302 331.720332999997 English 0