440 302 476 302 476 327 440 327 Manipuri 0
476 306 509 306 509 333 476 333 Manipuri 0
417 332 508 332 508 374 417 374 English 0
443 374 503 374 503 401 443 401 English 0
360 359 432 359 432 385 360 385 English 0
358 321 416 321 416 357 358 357 English 0
208 335 354 335 354 374 208 374 English 0
208 281 357 281 357 346 208 346 English 0
435 552 455 552 455 566 435 566 Manipuri 0
454 554 476 554 476 571 454 571 Manipuri 0
392 562 478 562 478 601 392 601 English 0
336 554 389 554 389 588 336 588 English 0