26.91999800001213 386.11683000001847 31.723632869980065 328.6567432113578 425.45223830413306 361.5603170669289 420.6519952064991 419.01723008366736 English 0
291.0483707901585 353.23891356808446 294.26120600001013 313.9230819999759 387.0481805473537 321.50459111582234 383.8358379329293 360.8199622545808 Manipuri 0
502.8147901108605 327.3805148336805 501.7592890000378 371.2036160000314 383.8852682994184 368.36358090559577 384.9414199999592 324.5411459999886 Manipuri 0
116.73512338376895 294.0239784539168 113.62878060412186 321.7627056280538 59.104360999990604 315.6569279999681 62.21085369317734 287.9183736756962 English 0
150.32908905290242 399.6825893026306 359.33388763478433 414.71280142056435 355.3551819999848 470.03172299999767 146.35039767694252 455.0016454977044 English 0
415.1236223959859 422.7166901751298 419.6967720000248 366.5345180000021 621.831187766511 382.9838283229991 617.2598664813268 439.1643001202454 English 0
453.43947635017685 424.59651190750435 449.0680689999863 471.2384099999829 354.9427322538395 462.4169383476815 359.31478899998183 415.77576599997656 English 0
559.585288080707 431.90264894855034 558.0669979999948 483.13744199999337 451.51920831420284 479.9790580026188 453.038394000032 428.74518699999544 English 0
560.1656771418493 477.0118001964425 562.6595349999843 428.92574400000063 629.6906249702442 432.40150956486895 627.1973397294641 480.4870192210796 English 0
252.93342486023903 513.1254275643014 174.66493269137572 510.00670793224674 176.79049309372203 456.6917203404693 255.0574819999747 459.8104099999997 English 0
256.2542732032307 512.3775475390511 258.59996600003797 466.47375299998055 320.0472457249998 469.61308688710284 317.7020930429717 515.5163656299414 English 0
323.7274378260918 519.1682567076317 326.5605119999964 469.08747499997355 408.1418861198472 473.70149684089876 405.3096067102888 523.7815222118724 English 0
408.34015963220736 519.7435108680377 408.73237400002836 474.83349099996497 496.5205004240124 475.59973224841417 496.12902223896526 520.5090197796468 English 0
492.4914500000159 526.6691640000274 493.33649329433683 479.5541402445766 616.6406846111931 481.7644053676843 615.7967500326777 528.8783395729305 English 0