539.8703997695702 141.8423810848518 546.6428140534117 214.61188905336593 216.92332999999053 245.29223199998324 210.1527814968722 172.52443483487087 English 0
158.9181452196499 284.6458418368157 163.80129737692187 332.2135741239743 10.067176000011386 347.99232600000096 5.184960764236166 300.4254474979705 Manipuri 0
319.4193237280706 260.2125472578711 324.6978196364216 298.77178724937454 164.8100069999782 320.6562489999965 159.53225616089185 282.0976804838391 Manipuri 0
516.0467274509574 222.13598407385786 524.118925423245 261.3663410505032 343.8489699999627 298.455648999965 335.77757043676684 259.225988308733 Manipuri 0
627.7715589986474 199.19282202070025 635.793266203691 249.0961638785041 538.3038040000247 264.765832000014 530.2825740008848 214.86291568665604 Manipuri 0
49.50441100001626 382.2419460000066 45.86461262580997 347.74526956402354 136.8939639999735 338.14122400001224 140.53413377601828 372.63747457175134 English 0
147.35448100000212 369.6369269999666 142.62524923899036 335.51412658006876 294.89550763959414 314.41094040759333 299.62529573334905 348.5330755652393 English 0
355.5890862601518 308.5213225062091 357.32008713930554 341.5428499948485 307.0011990000057 344.180109999977 305.27040953587857 311.1587837038418 English 0
362.05609199998435 340.2266739999758 355.95073136122664 304.2291193386048 566.1547356176015 268.577775199582 572.2607823821454 304.57446395051164 English 0
582.4692454199248 263.0118646302802 618.1744099999923 260.57999100000217 620.7827600010933 298.87405063821996 585.0775964308559 301.3059145163374 English 0
343 107 408 107 408 145 343 145 English 0
18 355 40 355 40 386 18 386 English 0