411.5745071341371 288.50046951501463 404.52813299998525 363.08662599998263 221.41052367827797 345.78553971062456 228.45834100000502 271.201003000005 Manipuri 0
5.32747569559433 338.3586283325002 70.1762501776102 342.65056945818463 65.80710900001577 408.6591950000007 0.9583384223515168 404.36729330933053 English 0
122.99931979468965 344.8289459008245 118.37694008427206 420.8907031729288 70.65963210385235 417.9907589674901 75.28249299997697 341.92951599999566 English 0
269.4069229971501 432.84532980789277 122.94095003497205 420.0326456241961 128.80826399996295 352.9858729999993 275.2713751514966 365.79843135371436 English 0
336.39850087449304 363.49875112297286 324.0486043225974 441.7145757075973 269.7293957511283 433.13835633452305 282.0798050000303 354.9231680000132 English 0
405.92055213572166 379.8991955802977 396.8443439999828 442.7199679999669 327.6199337898288 432.71916809527346 336.6966890000185 369.8990609999928 English 0
522.9153737149318 393.9186083220551 516.3478369999939 453.17516900003005 403.6885841598996 440.6890446102073 410.25702799997816 381.43352399999605 English 0
623.7624086288997 401.4348575705892 616.092043000026 468.27511499998946 520.8166793553391 457.34193296142473 528.4879299999739 390.5026959999862 English 0
223.02467796856945 463.19659505743596 217.71384599996964 523.9246609999822 22.849358224775642 506.8817535514572 28.162120999986655 446.1558249999828 English 0
16.07549734901113 510.1076658650546 -4.951097131852293 508.5017225516983 0 443.69195800000136 21.026111986429896 445.2978828087247 English 0
221.87115300002915 525.5630700000265 229.06245237121766 463.71870991031074 317.7561418231926 474.0300185664753 310.5659675964853 535.8733517993597 English 0
319.43505592586007 475.4629813318543 352.1757363565848 477.5392411394248 348.396759237221 537.1191164657871 315.65608099997917 535.0428799999993 English 0
393.6837446831487 543.9486709213442 346.24294118897524 538.9015559667049 354.56594700001006 460.6908489999994 402.00536931813986 465.7378898873851 English 0
404.3599989490758 481.61826010590397 457.06724516421673 485.2158683490121 452.50013800003217 552.113952000001 399.7928965117899 548.5163901420838 English 0
623.8840030853316 505.96808370480113 617.0860769999854 571.6121229999906 455.50204113875225 554.878835192119 462.3018179999781 489.2368940000123 English 0
102.28846852187417 540.5927088014259 94.9926174400025 590.6957369365025 7.267593850629055 577.9232393482516 14.564204999987851 527.8211329999978 English 0
101.25990399996226 585.1190060000148 107.28385757211072 534.5269794440271 192.24783572208253 544.6409435393848 186.2248805683339 595.2320608783326 English 0
198.14272245588654 616.5396131403719 176.316879146907 610.9130008790731 193.67514739642502 543.5983162498845 215.50036700005876 549.2248440000089 English 0
208.65468099997088 611.0858249999683 216.6321953816805 545.404171083102 294.5687059999909 554.8677349999684 286.59242118861584 620.5482699362573 English 0
338.76549496795633 631.3919500553461 286.22928489523474 622.515215293745 298.118513301888 552.1725799287012 350.6531270000414 561.0491780000009 English 0
346.7000510000071 630.8113819999818 354.028418816888 561.2253411808404 432.34543999999005 569.471022000023 425.0184042523324 639.055838118169 English 0
425.9424510000099 626.2719660000304 435.0401507045899 567.129606125141 531.5996630000154 581.9787170000194 522.503419464847 641.1197756060493 English 0
528.861781547821 637.825624049937 533.8444309199258 580.89923112915 616.3586450000003 588.1194740000329 611.3771561410249 645.0447809399056 English 0