136 596 165 596 165 635 136 635 English 0
165 579 235 579 235 624 165 624 English 0
515 141 594 141 594 190 515 190 English 0
218 196 269 196 269 247 218 247 Manipuri 0
271 183 300 183 300 231 271 231 Manipuri 0
302 182 347 182 347 225 302 225 Manipuri 0
349 164 381 164 381 211 349 211 Manipuri 0
385 161 444 161 444 205 385 205 Manipuri 0
35.618956000034814 292.9297949999729 26.8247539208096 254.97964473808264 117.1493829999963 234.0495370000264 125.9438228669751 271.99934111453695 English 0
0 260 26 260 26 301 0 301 English 0
49 292 101 292 101 312 49 312 English 0
98 283 125 283 125 299 98 299 English 0
14 189 38 189 38 205 14 205 English 0
0 195 13 195 13 210 0 210 English 0
389 201 425 201 425 220 389 220 Manipuri 0
425 198 452 198 452 214 425 214 Manipuri 0
277 326 295 326 295 340 277 340 English 0
252 337 272 337 272 351 252 351 English 0
356 508 382 508 382 538 356 538 English 0
335 513 360 513 360 543 335 543 English 0
422 495 449 495 449 523 422 523 English 0
447 488 476 488 476 518 447 518 English 0
375 498 381 498 381 505 375 505 Manipuri 0
382 494 395 494 395 505 382 505 Manipuri 0