239 226 270 226 270 247 239 247 Manipuri 0
277 232 299 232 299 248 277 248 Manipuri 0
423.28510734376323 242.44399428097577 422.4406189999718 257.5673739999872 304.9491053682141 251.00623574841399 305.79374700006156 235.88301900000883 Manipuri 0
429.0339894023782 256.2275556748518 429.3019240000285 242.54631100000034 462.37272010257584 243.19391440720347 462.104828355732 256.87511697358383 Manipuri 0
541.1590795034863 250.32473794268856 538.9270301435317 267.80744298469654 465.58781503459613 258.44423467546466 467.81996799996705 240.9616520000155 Manipuri 0
192 250 245 250 245 286 192 286 English 0
288.87003007570456 356.21022065086254 287.65859823099163 378.3807041631811 103.04609598322713 368.29157041028236 104.25804700003937 346.1216379999802 English 0
295.23083879488695 373.6289043480458 296.04207342265 353.18631754678677 488.85336150189687 360.83479385370305 488.04268593346933 381.27684031449485 English 0
556.0799357962242 368.0450962270717 555.6865870000183 385.1640340000248 492.75608626274334 383.7178484919291 493.14958200004185 366.5990609999981 English 0
562.1376411215169 384.40820257620237 562.6545590260503 367.2720455837194 616.2593750000087 368.8887500000003 615.7425895570486 386.0247781774193 English 0
624.2929849999928 387.17070800000397 623.0151466405368 371.1130874424566 634.8047097748349 370.174997535122 636.0825725027826 386.23259131784505 English 0
508.80821800004924 298.7432799999805 510.50118457096687 269.3980769977241 583.6067432870914 273.61523435937653 581.9140176284418 302.96020784761737 English 0
269.252282215748 285.016466845677 270.7401289999689 254.54081800000017 502.5796515496768 265.8565361271921 501.09256334311794 296.3314536629777 English 0
98.37137700000312 336.69647300002305 100.99478747579269 280.127748645602 640.1165437123564 305.11310116137645 637.4969410079211 361.67816105998014 English 0