129.11223300005076 138.070044999996 138.17851215448172 100.44188236737318 239.3359419999615 124.81474799997022 230.26988530102244 162.4427173581091 Manipuri 0
102.94895842867845 90.47829397422353 94.87013321937411 133.79091133038526 27.585261999993236 121.24065499998247 35.66417668102076 77.92815152449535 Manipuri 0
384.35089104939834 217.4248969347355 365.79130431084195 289.14477993938897 14.502892359814723 198.23577405043744 33.06377599998086 126.51789600002982 English 0
47.08399000002828 257.06508100001986 56.63032263604691 220.0547339807316 140.81499824183993 241.7679573138114 131.26901277071738 278.77800519541466 English 0
341.7957407367794 294.0368874697854 332.4557763586927 330.1122798816746 143.135939000058 281.0979119999736 152.4763898384117 245.02326959610375 English 0
42.75788684899453 217.57312704763285 34.7286026232905 255.1739363123632 10.740549074616865 250.05167222963283 18.76989099997445 212.45094300000855 English 0
304 335 342 335 342 360 304 360 English 0
251 323 304 323 304 351 251 351 English 0
209 314 247 314 247 338 209 338 English 0
151 299 210 299 210 332 151 332 English 0
112 290 145 290 145 313 112 313 English 0
32 273 106 273 106 307 32 307 English 0
5 265 22 265 22 285 5 285 English 0