434 283 504 283 504 320 434 320 English 0
508 283 585 283 585 319 508 319 English 0
473 262 503 262 503 281 473 281 Manipuri 0
505 261 548 261 548 277 505 277 Manipuri 0
317 410 357 410 357 427 317 427 English 0
392 368 420 368 420 384 392 384 English 0
449 358 469 358 469 376 449 376 English 0
143.13392646661669 161.4003882856389 129.28692446497735 200.5607047453731 -9.182746699443669 151.59833571929826 4.6644129999913275 112.43835099998921 English 0
10 171 23 171 23 194 10 194 English 0
16.964147273029084 199.21955774730742 24.91007600001467 169.03627100000577 71.78693321955507 181.3765437934939 63.841124934115214 211.55972702144442 English 0
122.36745058195083 200.56441762580567 115.41822400002275 226.12320299998433 58.0584672436089 210.52786959879913 65.00776599998062 184.96919999999614 English 0
270.46359545471205 186.89901592146379 265.554523000028 203.12517700001794 222.71593669334834 190.1650271772836 227.6250379999692 173.93891700000688 Manipuri 0
261.50136600001133 435.33038700001396 259.40061774606875 416.65557119023174 313.12421700000414 410.612804000025 315.2251032136701 429.28746093503526 English 0
422.14100302837323 397.1437918220624 424.8359782346233 417.32166716216574 360.2085310000257 425.95184900001067 357.51377848959237 405.7741746240169 English 0
474.43358397526026 407.4584695293024 448.76995099999476 411.27252699999866 446.4621914189047 395.7457745602961 472.1257060392236 391.93172602984475 English 0
219.26643099999637 435.4470519999763 212.36017858813284 347.4374985812221 373.31754799997725 334.80742599998456 380.2256588885939 422.8149377094667 English 0
585 607 608 607 608 618 585 618 English 0
588 592 602 592 602 605 588 605 English 0
483.31343588513846 549.9888190334424 484.66397260512167 563.3399877011677 455.9362040000269 566.2451389999948 454.58575415796076 552.8940503016154 English 0