364.9902474733244 257.8410884689142 338.24561800000083 250.39208300000976 350.9328421421378 204.84263687004994 377.6772659999551 212.29161199999248 Manipuri 0
336.2625367684086 252.88330644578372 359.11261100001866 259.44383700000697 340.88408737698046 322.92929420790983 318.03403199999593 316.3688099999997 Manipuri 0
368.0606817820808 102.15440590138526 344.26014758159 226.51976278401807 260.78424848252325 210.54432170519263 284.5852439999726 86.17957399996507 English 0
332.64943394657166 231.83643328131632 313.8680337497499 353.92586728301137 256.83655803411966 345.15257599857534 275.61857200002123 223.0638939999869 English 0
270.21978513657814 92.69144940357683 268.58002247390687 272.8495816466982 223.73241027882614 272.4410604806189 225.37271599998348 92.28347800003151 English 0
257.91743393201614 302.0766210304064 230.45219585292216 299.67386930257993 232.8050436371268 272.7817062150243 260.27012400001695 275.18445100000247 English 0
259.0080592738377 344.6255822725403 231.66097121094936 343.0122405486762 234.15299800981302 300.77670447286596 261.4998090000154 302.39003800000114 English 0
387.15406299997994 409.9859359999922 405.5884537327074 398.0048418939577 432.42103399999905 439.28472699998116 413.9867174853862 451.26572787060263 English 0
425.8595271586819 473.03391633045413 406.97093044909707 487.1497829035577 339.81601718121965 397.3015520816586 358.7041493278957 383.18594191296927 English 0
81.22284169323393 460.34191522302217 93.21831200002634 479.1598510000122 36.30285924315103 515.4336479948595 24.30764900003851 496.6159410000148 English 0
0 476.77583400000697 -8.591837632993702 458.5843673161247 54.973083350851084 428.5670408407351 63.564970559382346 446.75829202170206 English 0
0 532.237587999992 -10.3565621580492 514.9816941460213 20.898507726815296 496.22684408193675 31.255064239157946 513.4826183681116 English 0
114.25961721390195 525.3976236840184 104.87429675660678 510.3188744593023 147.06169120814593 484.06555774469587 156.4469968614867 499.1441656373247 English 0
32.351593177590985 570.8941707226157 25.22115080493677 558.9491203684713 102.12138324837724 513.0542994458481 109.25181588725536 524.9991337772719 English 0
0 560.9454910000242 -5.757496035148506 551.392340959547 128.2856202164112 470.6221395280684 134.04310022604477 480.1750033121908 English 0
128.9720930000476 373.0543959999912 145.67585164557386 368.0514192724885 154.24113599998236 396.64581200000583 137.53738650630112 401.6487673556341 English 0
145.45318007112655 371.55481874713877 128.77427172876196 377.9053169456361 118.53923100003158 351.02655599999616 135.21802334034874 344.6760823567707 English 0
57.900542999996105 157.23062700000122 73.84186129551381 150.66699849119382 94.35807705944171 200.49436708827005 78.41677208765759 207.0579720443622 English 0
100.02406728701317 231.45345973445347 82.13662145724811 234.6476490176644 76.26270099994144 201.75459300000563 94.15005265072978 198.56041233162884 English 0
113.0288288682641 258.56229448585617 97.2179907370446 262.53466125865816 90.76236199995037 236.8409610000074 106.57312634990376 232.86860394635613 English 0
124.76467558059085 287.6213376490404 112.26318824861664 291.29945159819914 105.24996400003147 267.46357599999425 117.75139125202259 263.7854714617065 English 0
130.8911899170198 305.47136069369475 119.82691737357527 308.3670477762324 114.45406400001957 287.8389070000032 125.51828727191605 284.943226701358 English 0
49.75353100002394 211.10806800000032 65.39202334264701 203.30891800406104 80.50009573154966 233.60185875988267 64.86161773704225 241.40098690936645 English 0
91.19352555331716 257.0641732485731 73.53498941454745 264.3127541707978 61.41515600000275 234.788415000001 79.07360101336963 227.5398552094936 English 0
99.07054286071798 280.0142518915698 81.6394685209525 284.59689401863363 74.22726700002386 256.4043240000003 91.65824499825248 251.82169520253052 English 0
84.60228332151019 301.3696279494902 85.26678800000809 280.86779399997573 114.25916714935738 281.80742597942395 113.59472895368526 302.3091952840566 English 0
72.64319527472253 211.74377848497454 48.219409629455185 222.68320132748204 12.907814058926306 143.84687151167438 37.3313587190205 132.90751101863663 English 0