164.78005400000256 258.7062500000092 163.10543096878973 226.74979705909806 214.2180830000143 224.0713980000123 215.892844691989 256.0277037306422 Manipuri 0
222.33775599997898 256.7579089999724 219.09178068315668 220.7525136807809 279.42720699997153 215.31327899999755 282.67335419746814 251.3184829939746 Manipuri 0
363.17242927863845 208.78752992594232 364.9592303109239 242.87430216790727 285.89378000004217 247.01829599998104 284.1072181911295 212.93175090347455 Manipuri 0
369.8065090000455 243.68874699996536 366.01157298660837 213.48049230991143 497.85152406751877 196.91800145075447 501.6467403049319 227.12592926644024 Manipuri 0
203.17033893879852 257.7614135807915 209.86299853233504 311.8336266472533 119.30103699996835 323.0412729999757 112.60896334664722 268.969591150888 English 0
332.3077183361602 247.74593438963723 338.4796610000194 303.0095639999805 228.80102061470097 315.2569723165762 222.62977497724933 259.99397926785593 English 0
525.205492094974 229.1324370125294 530.1878550501715 282.67659155556305 346.0927076532971 299.80390338516855 341.1113959999784 246.2607249999738 English 0
272.25918152085796 308.3371295055348 276.87751299999945 350.0313459999975 143.9403621166275 364.75362926692077 139.3227919999481 323.0601079999685 English 0
339.8483126141946 297.56846125211416 343.8513860000239 344.385133999972 278.4238892834401 349.9786375742344 274.4212130000233 303.1623340000016 English 0
391.9544048633543 330.1147017705772 345.89654859373695 337.5025668725121 339.94965805228276 300.42967464176644 386.0071169999719 293.0418420000047 English 0
390.9975922395097 328.10883000315243 388.2969289999892 287.58118600003365 468.9494463628944 282.2068703357963 471.65045426561846 322.73414313052376 English 0
530.3402229815401 277.7379233384962 536.1167330000171 315.08258500000255 480.60856694770337 323.6677486838845 474.8323185591289 286.3233196553795 English 0
129.15128599997843 388.7491350000279 126.61939981146134 363.0795320956877 195.93319491585135 356.24335267156624 198.46530071619782 381.9127076856363 English 0
201.82726999999431 384.94034800001816 199.61657812236808 353.06125093576605 265.58494199998677 348.4869040000228 267.79589950871014 380.3657129933266 English 0
368.16240481173736 334.56461517613485 371.42743288801285 368.43894425456944 271.1412289999862 378.10336599998544 267.8766903719952 344.22948910604373 English 0
371.84170444874326 365.3722655294082 368.2183629999781 335.6312010000313 460.86080746164953 324.3452270811534 464.48445365807856 354.08593524640696 English 0
513.012031937833 317.36114838578277 516.0882927954663 344.9228549408574 461.94828387291636 350.96483957856384 458.87222700002894 323.40332000001865 English 0
519.1995290000341 343.74057100002483 516.3833374566457 317.186959936503 556.2034454747482 312.9640710727454 559.019750902662 339.5175520808483 English 0
234.23634167302225 376.8323027377199 238.28200403164374 407.58625334480763 170.64624500002537 416.48212999996673 166.6009244514862 385.7284877725595 English 0
368.87091659860744 363.3658329260572 372.2548438009835 396.49091797684264 243.3322948627756 409.65815629081584 239.949037999977 376.5336879999754 English 0
533.7979497593915 347.2448444439868 536.9444021761592 375.8743600457815 388.21618249123276 392.2164749266627 385.0703730000532 363.5875480000299 English 0