125.96619099997042 141.42920400003183 134.37439385823382 103.64853278652916 235.94177500002843 126.25225700002873 227.53379827590834 164.03273063998728 Manipuri 0
98.97631241001363 94.30130494185605 91.65463477911544 137.74832646374523 24.16097000001173 126.37426700001657 31.482744405730045 82.9273647088955 Manipuri 0
382.55092652951134 216.31736345787073 365.2459014366468 288.3502870601347 12.424344965183991 203.58598024128094 29.730750000016997 131.55509100003246 English 0
46.02719100003014 261.8377069999774 54.92614625232818 224.66638985981874 139.47693545764196 244.90709192201362 130.57833267455862 282.0781038707265 English 0
341.33930709816923 293.66043145605994 332.6304057879315 329.8933550999159 142.4839410000277 284.190540000008 151.19335707153368 247.9583732390444 English 0
41.0125165424688 222.42726708355661 33.64069303737779 260.1624849263505 9.566894950330607 255.45964875625555 16.938779999982216 217.7245129999915 English 0
304 335 342 335 342 360 304 360 English 0
251 325 304 325 304 352 251 352 English 0
210 316 247 316 247 340 210 340 English 0
151 302 210 302 210 334 151 334 English 0
113 293 145 293 145 315 113 315 English 0
31 277 105 277 105 310 31 310 English 0
4 271 21 271 21 290 4 290 English 0