297.325769083036 224.1535985012506 297.9833789999975 269.759473999971 115.6899506625632 272.38598709562956 115.0331179999921 226.7808759999865 English 0
160.05302434197802 281.038918121487 118.70340940382448 280.95702575526855 118.7332202543621 265.93830975866456 160.082709000053 266.02020200000004 English 0
172.8238295193296 281.0730915698053 160.41091583152593 281.41220877628433 159.9760629999946 265.4951400000003 172.38893654684944 265.15602334206875 English 0
173.7298169999849 277.99261000000126 173.59206811939657 266.8408248942528 231.41484755855345 266.12648960735845 231.55266087385826 277.27820946165485 English 0
293.8279863697244 265.369437630336 294.0658606903162 277.76011988255055 237.8894075808057 278.8383308545062 237.65160499999183 266.4477189999965 English 0
334.0490259999933 261.6786530000026 333.55940227957035 230.2332593689485 411.4330808010709 229.02060687866097 411.92292441570316 260.46577703875863 Manipuri 0
358.92771425889805 264.01572702842816 359.0171250000276 273.5337199999811 335.2940219621087 273.7565194193043 335.20463399996515 264.23854900002533 Manipuri 0
357.335519770204 273.60319016534265 357.0841150000342 261.9389229999734 371.2051594004879 261.63458104871887 371.45658021116105 273.2988317971161 Manipuri 0
412.43208890584356 261.4841377849132 412.43903673450404 275.5253507114074 371.4300313413696 275.5455284846679 371.4231409999775 261.5043729999647 Manipuri 0
358.22177048496087 273.61726016663766 358.5165283938113 284.28533414148774 337.7520162928704 284.85898797614306 337.45728200003214 274.19093700002776 Manipuri 0
391.16569963429356 273.3722783102292 391.3624772112962 283.07858778257645 358.8833180000074 283.7369340000216 358.6865737203334 274.0306571859995 Manipuri 0
180.84412639705988 297.8076299679333 312.3051227221731 295.9309710615313 312.93496099999174 340.0483250000002 181.47396492211556 341.9249740862329 English 0
318.2162470000185 340.56578099999945 316.39815417613136 301.74015120068225 344.0049290884781 300.4475217156206 345.82314342536847 339.2730234369209 English 0
208.88065159451799 343.5332144551251 209.79561200001626 364.83175499999 131.2382439448993 368.2056451110209 130.32351399997424 346.9073259999826 English 0
212.52359699996305 364.0087610000134 213.5445712901128 340.6445273762619 260.3995670279255 342.6917553195287 259.378742756453 366.05584444856964 English 0
327.3738970433624 339.6435387136731 328.67845200002193 363.59835800001184 264.0150296568754 367.1190797624158 262.71068794718303 343.1644604479808 English 0
398.2126050284569 335.97966589451806 399.40160899997863 359.38268100000266 329.02572373335715 362.95740618496393 327.8369440000097 339.5546049999717 English 0
437.9048805043567 335.052386532193 438.9387859999988 356.83597000002345 400.08234339293267 358.67987819876566 399.048552000022 336.89640400001815 English 0
171.17170325298503 342.40933991285743 82.96116849189275 346.36453885485736 80.98213000004762 302.2201039999989 169.19173010268423 298.2649260683633 English 0
127.96435548698355 370.7512183124313 86.04063858801965 373.09537783883957 84.6693714275898 348.57104884808325 126.59281399995962 346.2268970000019 English 0
108.94271015415143 396.3463976086865 87.85691351811693 397.74607242891057 86.47813311916252 376.97642163363344 107.56380400001945 375.57675099999767 English 0
114.34286299998348 394.1700030000087 114.22393576387549 373.353363984345 151.99561709065165 373.13755118642126 152.11465588021383 393.9540779209175 English 0
152.31725700003153 372.48178699999835 192.4500979812001 370.56282978146675 193.4962692816771 392.4399919184785 153.36342873764806 394.3589431559893 English 0
235.70470614198712 374.4426153639057 234.22304151354183 393.5132172282587 199.0185439333436 390.7782199735932 200.50029600002745 371.7077139999884 English 0
500.1219210000272 230.81691099999884 515.271870151264 229.7965866241324 516.7064552617376 251.09665175748 501.5565063092072 252.11697418122216 English 0
553.8565002432006 229.45918039171292 554.373823228816 252.53937595836624 515.464673632523 253.41134494714743 514.9474329999794 230.33123000002985 English 0
443.356660802383 361.18992199612626 442.5655430000188 332.85885399996795 484.3638033614843 331.69175058098904 485.1550693723402 360.0226655475697 English 0
504.71944217519194 289.8597796061215 489.73193670623004 291.719529968326 481.48665834938583 225.27453965239374 496.47397419874324 223.4148011746073 English 0
488.8754429999972 288.3074270000043 503.49570321115607 286.42374199469646 512.5389659999928 356.6080740000044 497.9187088480103 358.4917430175176 English 0
497.7634232214041 383.8911961863627 495.9480679999979 359.42438999998643 565.7179268794425 354.24800780691714 567.5334976797603 378.71457867286045 English 0
510.33684599999106 254.41174999999942 521.4846661998308 253.30712331702364 523.1610809999984 270.2245419999984 512.0132610748988 271.32916685090316 English 0
512.7025689999573 274.0051320000027 525.0656729332695 272.98909166741157 526.5283009999257 290.7852050000029 514.1651973014086 291.8012434267967 English 0
545.1812105690624 255.13518092954232 544.6281520000048 271.72215999999014 524.5703680167935 271.0533735197399 525.1234580000164 254.46642699998606 English 0
588.3452454864164 251.62358981960594 589.2161849999684 271.32593699998273 543.7711583453347 273.3345752447831 542.9003098037356 253.63231522636514 English 0
565.6417208212952 274.9587444319155 566.351657999985 287.135874000029 530.2189134953369 289.2422253857971 529.5090250000067 277.06514200002925 English 0
592.4660613269225 273.22980379761384 592.5908429999981 288.13192100002027 563.8339045696921 288.37263449142534 563.7091679999867 273.4705620000016 English 0
592.1931659999973 288.17371899999665 591.5528499630454 272.67533788741343 608.3667176788731 271.98071300254776 609.0070596973965 287.4790668787886 English 0
607.416355000023 287.64624000001567 606.8835231956473 272.647506950452 637.7141316285997 271.552284677898 638.2470097555051 286.5509695581798 English 0
528.3605933502258 312.0434673677357 516.1284528376564 313.6106636839522 513.8910965298419 296.1488762033584 526.1231890000636 294.58168299999636 English 0
530.0702029999957 309.18242500002344 529.7207868665282 294.864909793112 576.2413842142996 293.7295742673648 576.590873170353 308.04701481199453 English 0
574.2605599999661 308.82800000002965 574.0777160373545 293.50301152874283 591.3450049972016 293.2970059648696 591.5278782361565 308.6219647898017 English 0
638.0225480467197 291.9368822096063 637.559271784994 309.9451568864053 588.3737034298247 308.67971795169206 588.8370759999816 290.67154200000454 English 0
532.1254931928706 332.56233128193435 518.840370845719 334.57176518573783 516.2053410983208 317.1517756460204 529.4904079999833 315.14234599999975 English 0
533.4374240000034 329.74308799999 533.0659863629262 316.07778503584626 574.3610523464304 314.9553600115402 574.7325557373551 328.6205952547741 English 0
572.7999190000264 329.35981999996886 572.652153119052 314.18027686690994 589.521763974335 314.0160703602165 589.6695601931424 329.19558283467063 English 0
630.119827442395 312.09578444958316 630.9646880000219 328.0728959999849 589.469452443227 330.26682635369957 588.6246750000282 314.28979400000884 English 0
534.1881866868789 352.1875635097673 522.8539379433641 353.9019025269578 520.2189044302213 336.481913162412 531.553103000042 334.7675779999963 English 0
538.3879110000271 353.8912399999896 536.6039409892255 336.91806364083675 579.5528962418757 332.4042280820606 581.3369484669965 349.37731071774556 English 0
579.4600450000144 350.6469269999804 580.2455259645649 332.1397941717023 614.2548559999705 333.58306900001753 613.4694584191311 352.09012144681435 English 0