109 143 203 143 203 197 109 197 Manipuri 0
216 137 269 137 269 185 216 185 Manipuri 0
279 100 504 100 504 186 279 186 Manipuri 0
41 206 201 206 201 332 41 332 English 0
215 138 617 138 617 322 215 322 English 0
123 315 376 315 376 401 123 401 English 0
379 313 447 313 447 361 379 361 English 0
450 286 568 286 568 355 450 355 English 0
70 439 116 439 116 481 70 481 English 0
114 431 180 431 180 473 114 473 English 0
180 425 209 425 209 466 180 466 English 0
207 413 293 413 293 460 207 460 English 0
300 400 352 400 352 439 300 439 English 0
360 385 451 385 451 429 360 429 English 0
452 378 503 378 503 415 452 415 English 0
503 362 608 362 608 406 503 406 English 0
608 354 640 354 640 387 608 387 English 0