195 395 262 395 262 428 195 428 English 0
270 382 340 382 340 419 270 419 English 0
350 366 435 366 435 412 350 412 English 0
540 334 640 334 640 386 540 386 English 0
434 279 620 279 620 346 434 346 English 0
211 316 421 316 421 386 211 386 English 0
379.64839599997504 285.9660259999973 368.2774320850149 225.61231932489568 623.1312610000168 177.59610700003546 634.5032521036046 237.94846307081062 English 0
142.9713769999944 330.43761999998134 133.1539837372111 280.2259658915845 355.29345800001465 236.7936679999951 365.1117508390598 287.00412690520756 English 0
185 220 253 220 253 265 185 265 Manipuri 0
251 192 362 192 362 248 251 248 Manipuri 0
364 178 448 178 448 224 364 224 Manipuri 0
447 154 538 154 538 206 447 206 Manipuri 0
540 138 622 138 622 184 540 184 Manipuri 0
67 428 85 428 85 446 67 446 English 0
83 427 93 427 93 441 83 441 English 0
93 423 118 423 118 440 93 440 English 0
119 422 129 422 129 434 119 434 English 0
146 416 157 416 157 431 146 431 English 0