206 233 221 233 221 241 206 241 Manipuri 0
197 241 210 241 210 250 197 250 Manipuri 0
211 242 229 242 229 249 211 249 Manipuri 0
115.633452499751 290.62975248809744 115.93621458836424 297.4835910904552 83.03097565942153 298.93698243872285 82.72823933242762 292.08316855307197 Manipuri 0
79.95568072867172 290.9076633355015 79.9903620864643 299.5187758898975 28.082991078845225 299.72764550916213 28.048359000022174 291.1165819999815 Manipuri 0
373 271 382 271 382 276 373 276 Manipuri 0
383 272 392 272 392 277 383 277 Manipuri 0
559 275 576 275 576 285 559 285 Manipuri 0
581 273 620 273 620 284 581 284 Manipuri 0
175.70781080787128 228.01692863143415 176.55670319996716 261.2329555951355 27.43716700002551 265.0425369999815 26.588739874569 231.82696369996034 English 0
3 273 26 273 26 285 3 285 English 0
31 270 85 270 85 284 31 284 English 0
22.261042000027373 326.33036299999554 21.704917953102267 302.46559645682646 97.85022000003664 300.6910679999764 98.40655088461062 324.55562252818225 English 0
220.81329418630048 297.17943053730465 221.76638672463014 321.84289633461555 106.54446400003508 326.29425900002593 105.5917129964655 301.6311225009827 English 0
98.89387700000952 329.11136899999985 135.7954347305349 328.951657757982 135.83156068940298 337.29793892330474 98.93000295996899 337.4576500001734 English 0
80.0375350000104 337.44923000001626 80.06741281686118 329.43467075201823 96.89355900001829 329.4973830000089 96.86369796785584 337.51192553087657 English 0
78.72153852782503 329.52619351237985 78.77059674479824 336.9789909195615 14.907438558584545 337.39905126037917 14.858439739546156 329.9463128162746 English 0
10.693985219768365 344.6890558452981 10.642907000001287 338.8844910000123 35.93050587056496 338.66195615597434 35.98160257533891 344.46650235557087 English 0
36.68146900003194 345.15757700002865 36.53244043824088 338.80656071119176 55.939929103988106 338.35118212178475 56.08897295576753 344.7021827297168 English 0
88.70161315884616 339.01378032446917 88.70120699997642 345.10235300000085 56.77537011993991 345.10014595780467 56.77580099996703 339.0115980000335 English 0
89.78995730016322 344.37183614048297 89.83162199998333 338.12613200000817 111.9601617018634 338.27371516281175 111.91851466152002 344.51940175915746 English 0
125.76256999709585 338.4993982322558 126.01386700000148 344.76721099998053 113.2289744229638 345.2797385737704 112.97768800002814 339.0119359999868 English 0
143.27375969012792 338.47264466154445 143.3203933302866 344.3932357266257 127.03497230104404 344.52147382388864 126.98835099996359 338.60089500001936 English 0
0 352.7687229999899 -0.03141866167425178 347.11569962631825 17.220410901791183 347.0198132931159 17.25184218332288 352.6728239646764 English 0
18.436639145365916 352.65214907310394 18.48620500000834 347.5295320000348 39.542912194665405 347.7332344154698 39.493360521737486 352.8558374368191 English 0
41.82923100001062 353.27299399997753 41.791507248490234 348.5315669113296 61.324623613472795 348.37615303312725 61.36235935045988 353.1175680376898 English 0
91.45416040439159 348.0621521259302 91.54540300005465 353.8149810000286 63.48160318681039 354.25998279770215 63.39038199999777 348.5071749999918 English 0
103.57132584766077 348.24873952817944 103.47441300000355 353.9488389999713 92.20642391512229 353.75726609078015 92.30334500003664 348.05717499996933 English 0
131.28510847614962 347.83996685361944 131.42925983185705 353.7312413798062 104.58451021484507 354.3879778700562 104.44038000001456 348.49672399999054 English 0
150.07268928733538 347.34786734984004 150.20400985777087 353.2446916294101 132.98058299995319 353.62819099998524 132.84927595312183 347.7313799557419 English 0
162.65083029044035 347.0272772083072 162.85800192512397 353.0977088771675 151.50209036131855 353.48521468948024 151.29492799998843 347.41479199999384 English 0
175.43827403620526 346.55103341308404 175.70305935107172 352.48157166985266 163.8944690000062 353.0087369999854 163.62969318252 347.0782078591129 English 0
176.4789490000112 353.0541170000214 176.1572637383506 346.6089896120672 209.36847600001784 344.9514640000357 209.69018759024038 351.3965635671674 English 0
310 282 342 282 342 303 310 303 English 0
345 282 383 282 383 303 345 303 English 0
310 301 358 301 358 317 310 317 English 0
309.785794000054 323.1060529999889 309.86997095089464 318.23679833882005 345.8830509999825 318.85925800000996 345.79889533932146 323.728491723335 English 0
348 319 357 319 357 324 348 324 English 0
357 319 376 319 376 324 357 324 English 0
333 328 345 328 345 335 333 335 English 0
346 329 362 329 362 336 346 336 English 0
363 329 374 329 374 335 363 335 English 0
377 328 402 328 402 336 377 336 English 0
377 385 386 385 386 394 377 394 English 0
377 394 389 394 389 400 377 400 English 0
377 401 390 401 390 406 377 406 English 0
397 399 399 399 399 403 397 403 English 0
400 399 406 399 406 403 400 403 English 0
406 400 413 400 413 404 406 404 English 0
553 314 573 314 573 325 553 325 English 0
559 329 571 329 571 338 559 338 English 0
573 329 592 329 592 338 573 338 English 0
594 329 603 329 603 338 594 338 English 0
604.5577279999998 337.1478229999692 604.6110509268328 329.2599117765857 639.7671879999689 329.49749099998144 639.7138996775175 337.3853678540404 English 0
600.8138467119716 315.49855267028704 600.7423709600698 323.56269558915415 576.5106812470185 323.347889719756 576.5821799999685 315.2837699999711 English 0
621.3813216385461 315.52142132470516 621.4481646643253 323.5985463706148 603.8098119999631 323.74447500000656 603.7429860456905 315.66736686752813 English 0
624.8481029999675 324.84704499999305 624.935131141392 315.0700031071563 637.0597058116982 315.1779171411102 636.9726919027016 324.954944931663 English 0
634.401641575023 285.9579731533983 634.0950092616549 313.11360755835483 559.3183639999916 312.26888300002565 559.6252195470879 285.113474082395 English 0