279.0541569999914 116.60501499999717 308.43160502030514 112.10727927893195 310.192087564792 123.60594475622163 280.8146400916303 128.10367813906663 Manipuri 0
313.18907499997295 121.88667699997721 311.2988328960637 108.18978241858206 328.0589699999837 105.87681900001559 329.9492202869442 119.57370365791593 Manipuri 0
349.3077983437979 103.74756304420829 351.2798466349341 113.36639559212954 333.4753980000096 117.016611000006 331.503357909387 107.39778561768004 Manipuri 0
105.10155799995118 191.05285899998407 100.85537055769237 166.68859681828985 191.50840399997833 150.88979100002248 195.75470282878086 175.2539106106443 English 0
199.37652400003572 175.28429499999447 194.4504914413119 148.21763827313094 321.5770540000085 125.08108499996615 326.503236840872 152.1475461204904 English 0
141.12785353419895 193.7640727695437 145.89770184655208 222.88942155850094 67.32912300001772 235.7557829999848 62.55948278871074 206.6306192458529 English 0
147.41589500001282 221.61690000000394 142.87526234176767 190.95469829528872 181.22804599996016 185.27536199996806 185.76875240018126 215.93747357037574 English 0
148.8295929999731 249.92300999999188 145.6197182199685 229.84999429670876 281.3173719999759 208.1507600000051 284.527435445998 228.22354010571573 English 0
185.1161029999639 217.46483199999048 179.21730180103623 186.74641878959136 285.59713100003137 166.31875500000817 291.4961111537559 197.0369304559233 English 0
290.53147300001 197.62102400000407 285.1367314180243 164.87064151178214 367.79196099996625 151.25559299997343 373.1868441559345 184.00579684125148 English 0
279.7082626984047 240.81560732089878 281.5573296438379 253.20073856151396 241.65315199999895 259.15795000002913 239.80413689605484 246.77286519844543 English 0
216.24972700003127 262.3134960000294 214.61181543963903 250.7038305902807 238.26481299998704 247.36697399998437 239.90274635514652 258.9766130457746 English 0
182.27822599998035 269.73801099997837 179.99180913029704 257.78304926711206 211.83917599999404 251.69243399999542 214.12562125973636 263.6473582130678 English 0
179.11207041644957 258.22237808037124 180.6864178564865 269.94013776780656 113.71271399999387 278.9376870000303 112.13845412821684 267.2200063339433 English 0
488 292 525 292 525 306 488 306 English 0
526 291 549 291 549 303 526 303 English 0
552 289 593 289 593 300 552 300 English 0
593 288 603 288 603 299 593 299 English 0
606 285 639 285 639 298 606 298 English 0
482 234 547 234 547 260 482 260 English 0
455 263 546 263 546 289 455 289 English 0
551 257 589 257 589 284 551 284 English 0
553 226 626 226 626 255 553 255 English 0
595 256 638 256 638 279 595 279 English 0