228 273 242 273 242 283 228 283 Manipuri 0
264.3507499242696 268.46719413955054 266.6178635975666 276.93876580966327 244.01449600001797 282.9873700000094 241.74740598507924 274.5158186400976 Manipuri 0
286.1771438912547 261.794670927442 288.59183586355357 269.3376031989171 266.3691313593881 276.45125985140305 263.9544600623776 268.9083451644748 Manipuri 0
287.6362700000027 269.2878049999663 285.573901541502 259.43210135505313 301.9208020000224 256.0115809999665 303.9831821365806 265.8672684962394 Manipuri 0
334.0047123761906 248.2033898541206 336.3505596487812 257.36296291273015 302.66140846266353 265.99055641681235 300.3155965475162 256.83101379631194 Manipuri 0
99.52093699997931 377.4303520000319 93.26719049364328 341.4472544041002 174.86002500001632 327.26773699998967 181.11407676013187 363.2504438250839 English 0
180.25912600001902 361.5724680000249 173.78244075269322 327.0642172870082 250.61094999997295 312.6456570000253 257.08789233241987 347.15356914425274 English 0
255.44985599997744 347.399136000032 247.51240031917405 309.4104441104982 319.9217987054726 294.28202339397444 327.8594986094686 332.2703811382505 English 0
66.87612599998829 345.1219679999732 62.36735799982853 321.5701227947558 152.8132149999874 304.256152 157.32218057863065 327.80773483516145 English 0
155.88386299998092 327.01166600002614 151.02017109573353 304.7670751293411 195.9028479999688 294.95430300000913 200.76662363120704 317.19877539444457 English 0
200.83419700000377 316.06098400001434 196.22830735272146 295.03281109795813 239.35855099996843 285.58639099996475 243.96451451226312 306.61446006243176 English 0
133.56719700001122 401.66269399996645 131.5643878035189 389.3113712602024 176.19962800003123 382.07433799996494 178.2025022117159 394.4255792640925 English 0
225.42195767520752 373.84962735951865 227.52958353878057 386.33123959725754 179.10594799999672 394.50686899999965 176.99842078247457 382.02534428923764 English 0
140.19650599999295 415.07549900000134 139.15565672366938 402.0898497081725 166.84492699998373 399.87069300001247 167.88582604334806 412.8562875733821 English 0
169.96411200001603 411.538317999991 167.7775330060831 399.176240957378 238.15987300004053 386.7283319999786 240.34655388582905 399.0902778015641 English 0
242.09272599997348 399.4441929999788 239.93088867806364 386.8829564333961 300.9289929999795 376.38590899999036 303.09091828188684 388.9470333885332 English 0
211.98779899998044 451.89238400001796 208.63955450804497 429.21427869883144 251.695430999971 422.8582439999749 255.04380718557513 445.5361887276957 English 0
205.7796868558944 456.45939541712124 183.77972800000862 455.6662649999998 184.72843279749213 429.35751002361997 206.72820100000536 430.15063699999985 English 0
150.13414499997452 438.833388 179.47798532382876 437.962559969278 180.06345227215206 457.68782489077046 150.71961207788263 458.55865005704266 English 0
145.9320070259855 439.01406774804997 148.95792031973542 459.0697463414741 101.58746300003259 466.21542700001646 98.56173036481778 446.15991010046747 English 0
111 410 120 410 120 414 111 414 English 0
111 416 122 416 122 421 111 421 English 0
97 484 104 484 104 492 97 492 English 0
105 483 113 483 113 492 105 492 English 0
116 481 127 481 127 490 116 490 English 0
129 478 154 478 154 488 129 488 English 0
155 478 170 478 170 486 155 486 English 0
171 473 200 473 200 485 171 485 English 0
97 494 110 494 110 504 97 504 English 0
113 491 141 491 141 502 113 502 English 0
143 488 174 488 174 500 143 500 English 0
134 499 173 499 173 518 134 518 English 0
174 497 195 497 195 513 174 513 English 0
122 504 133 504 133 518 122 518 English 0
110 505 120 505 120 519 110 519 English 0
91 508 110 508 110 522 91 522 English 0
65 507 90 507 90 522 65 522 English 0
89 496 95 496 95 505 89 505 English 0
67 497 82 497 82 507 67 507 English 0
50 497 66 497 66 508 50 508 English 0
45 509 64 509 64 523 45 523 English 0
200 471 210 471 210 480 200 480 English 0
175 486 186 486 186 496 175 496 English 0
187 484 222 484 222 496 187 496 English 0
196 495 217 495 217 511 196 511 English 0
219 489 282 489 282 508 219 508 English 0
211 469 234 469 234 481 211 481 English 0
236 466 256 466 256 476 236 476 English 0
224 480 247 480 247 491 224 491 English 0
267 464 287 464 287 475 267 475 English 0
258 477 281 477 281 489 258 489 English 0
288 460 296 460 296 470 288 470 English 0
282 474 290 474 290 485 282 485 English 0
298 460 311 460 311 471 298 471 English 0
292 468 343 468 343 486 292 486 English 0
284 484 328 484 328 503 284 503 English 0
346 464 379 464 379 478 346 478 English 0
331 483 359 483 359 497 331 497 English 0
361 479 386 479 386 497 361 497 English 0
401.59987799997907 260.29501299998344 400.3155337485805 256.1043482609467 420.5483643941261 249.90372828394607 421.83271335597965 254.09438460477222 English 0
409.3493409999792 263.93687099996765 408.2644877624989 259.89636243647544 417.3563309999736 257.45537599998966 418.44118655288185 261.495880878672 English 0
421.74023264917196 248.8465608835402 424.9811849999969 248.78386399999982 425.08728531531233 254.26818714930405 421.84633296543325 254.33088400066873 English 0