159.2234240000107 275.26692599996977 154.2174484514544 243.66061479838746 204.7702980000031 235.65412599999658 209.77639728909708 267.2602831570146 Manipuri 0
216.2621609999769 267.3128399999866 209.27020491631993 231.84403904388094 268.70672700002615 220.12777599999146 275.6988283669489 255.59638235829968 Manipuri 0
351.3110600591608 204.88403350115587 356.6512275135756 238.59730717544554 278.4519520000322 250.98316800000435 273.1120375273167 217.2701190653341 Manipuri 0
361.5569649999816 238.90058999997518 354.6250706445426 209.25453392697028 484.01163089343754 179.00158392743913 490.94373621170234 208.64733611478653 Manipuri 0
197.3046358254942 270.31437019054516 209.6131255680666 323.39078637504247 120.71838700001535 344.00336700002464 108.4105346101569 290.92750248143096 English 0
324.68741444157786 246.85533542541773 336.6024430000107 301.1709890000139 228.804836994168 324.81574280128 216.89053957845317 270.50072455713394 English 0
514.5831659296528 208.18068837478847 525.1352036032768 260.91072195050697 343.83888395677786 297.18704982330564 333.28789200000756 244.45793399998342 English 0
271.3012472364062 313.39136551784173 280.25287299999036 354.3743590000013 149.58324087812798 382.91154235143017 140.63242900003388 341.92925600002275 English 0
337.39452603040263 295.6167140665735 346.2696660000074 341.7584010000012 281.7856070982816 354.16017494879753 272.9108830000041 308.01885299996945 English 0
392.6175157573016 322.53800668278905 347.5841626061447 334.6994798889792 337.79464536601154 298.451319583471 382.82762900002126 286.28989900000215 English 0
391.4565609382407 320.64309051418894 384.5341020000342 280.6198069999904 464.1827502871456 266.8444042027644 471.10548617958557 306.8673349827498 English 0
524.7702650116844 255.98296965026015 534.4188130000111 292.5191730000274 480.112147427717 306.85943893288163 470.463848236177 270.3234485400496 English 0
137.3830170000292 408.3216430000047 132.18148634783574 383.0573902349869 200.40100359226926 369.0133805574412 205.6027203649137 394.2773787385013 English 0
209.26274699995702 396.9370119999878 203.73153665830614 365.46372821591933 268.8607259999844 354.0187719999642 274.392162742879 385.4917646049094 English 0
369.4209923543531 329.45053217766304 376.2092471146025 362.7979928088524 277.4823379999725 382.8922020000116 270.69459171303606 349.5451862705694 English 0
376.30066903075203 359.70471686510274 369.5881240000017 330.5053800000075 460.54310948406055 309.59741404297813 467.25588955443527 338.79641136038236 English 0
511.67886552531854 297.200391789844 517.6193908225832 324.28948667209966 464.40753956521803 335.9574968494286 458.46721400004753 308.868576000034 English 0
520.5898580000212 322.78849699999904 515.013308631751 296.67475898645586 554.1738769525546 288.312629530652 559.7505118095432 314.4262484923429 English 0
240.64675896341214 385.48571779554504 247.8853024954151 415.64825459241234 181.54954999998154 431.56530900002815 174.31136742670787 401.4030838195457 English 0
373.1361754324462 358.0199401400829 379.9644034002995 390.60982931433216 253.12447588454233 417.1808756589213 246.2969449999946 384.59159499999305 English 0
535.4746531061392 324.74784704668986 541.5965736265207 352.891377166114 395.3913327975897 384.69003995840495 389.2700500001956 356.54706499998906 English 0