440 304 476 304 476 329 440 329 Manipuri 0
475 309 509 309 509 336 475 336 Manipuri 0
416 334 507 334 507 378 416 378 English 0
442 376 502 376 502 404 442 404 English 0
359 360 431 360 431 387 359 387 English 0
357 322 416 322 416 359 357 359 English 0
208 333 354 333 354 374 208 374 English 0
207 280 357 280 357 347 207 347 English 0
430 555 451 555 451 569 430 569 Manipuri 0
450 556 472 556 472 573 450 573 Manipuri 0
387 563 473 563 473 603 387 603 English 0
331 554 385 554 385 588 331 588 English 0