305.76579915257753 222.5422251818876 302.4459090000164 268.031779000023 120.61709534529655 254.76038299427674 123.93766100001812 209.2715620000264 English 0
164.0573477345606 267.2468789871505 122.8722082972672 263.5616177702183 124.21087039227132 248.60264508365998 165.395892000015 252.28790100000285 English 0
176.77658291715488 268.39392344530916 164.38134694595647 267.64994913398107 165.33541400000104 251.7555419999982 177.7306119050627 252.49951516592597 English 0
177.94760400000087 265.4041740000077 178.78236710814235 254.28283100397337 236.4473765913135 258.61079370142886 235.61268033190572 269.7320740236138 English 0
298.68894631552394 263.29628403630795 297.84593838383444 275.6605416068158 241.78928315370285 271.8385544943633 242.63235500002338 259.4743660000224 English 0
339.0786059999664 263.1250369999817 341.3316319779551 231.7566005498381 419.0146618834842 237.33573971322855 416.76187782351917 268.70394880355724 Manipuri 0
363.6589775556058 267.62153972131995 362.9184560000431 277.11110399999643 339.26616370554257 275.2654505798935 340.00670599998557 265.77590899999484 Manipuri 0
361.2371400925622 277.03374545054044 362.0033559999865 265.39195599998203 376.0972456080344 266.31950767290783 375.3310473096644 277.9612804888169 Manipuri 0
417.18035107398464 269.76278873523097 415.9634343099606 283.75117769348884 375.1087213782739 280.1971183460231 376.32569100002 266.20878799999366 Manipuri 0
362.1188473584334 277.12500576256065 361.482646818622 287.7781685343442 340.74715277994983 286.53989659179155 341.3833750000049 275.88675699997 Manipuri 0
394.95876704429975 279.7522061181226 394.3087873222248 289.4387241061131 361.89589000001433 287.26383000000305 362.54590044001816 277.5773451854633 Manipuri 0
183.30776989692822 285.76467016865155 314.432145547471 295.35188390750875 311.21451899998647 339.35627600000043 180.09014853683766 329.7691114151053 English 0
344.0452483398258 341.45028684725685 316.4585268452356 341.93177858339965 315.7791805107263 303.0043734947025 343.3656450000126 302.52288399999986 English 0
207.25261276005767 333.75900420757296 206.30762799999502 355.05621200001076 127.75497400478343 351.5705345950175 128.70016199995007 330.27353999998155 English 0
209.09696099995926 354.47410799999807 212.15054921631236 331.2877815495724 258.6488268995163 337.41090979092223 255.59539359725022 360.59709586189206 English 0
325.6339767888858 340.2114686409896 324.8455799999647 364.18882999999164 260.12119919920224 362.0603829988827 260.9097913986625 338.08322017294097 English 0
396.5224402750755 342.73552447769293 395.66703600001347 366.15312399999885 325.24721346097067 363.5806122123016 326.10282599998754 340.1632290000327 English 0
436.1444800060417 345.2711907419993 435.27572200000577 367.0619959999943 396.40626471729774 365.5123362625207 397.27512999998 343.7216429999705 English 0
169.784921437531 329.35228909025807 81.56535974492726 325.6049350153097 83.44128500000807 281.4559810000007 171.6599607016542 285.20331620645527 English 0
124.27183500083629 353.8210848951355 82.30334607294935 352.5027636316852 83.07473376356938 327.9522308293258 125.04296200000681 329.27054799999996 English 0
103.09181082942814 377.6610212131185 81.9642630303133 377.2178175340258 82.40092716383515 356.40702857929057 103.52835500001675 356.85023100000075 English 0
108.6611090000224 375.9635629999765 110.35710311014554 355.2157845527657 148.00386709030136 358.29281535764125 146.30798768070235 379.0404867158061 English 0
148.38124830363085 357.6675638934975 188.5286363983323 359.25334196581565 187.66411281998444 381.13842429890724 147.51672500002314 379.5526510000013 English 0
231.28048879196285 366.8886288023313 228.14219099680486 385.7574903351701 193.31003293387766 379.9646339035064 196.44840400003886 361.0958649999819 English 0
506.7820270000084 268.19898199997033 506.4097368192597 246.8688948388807 521.6023266220873 246.60374463552787 521.9746472850966 267.9338007433947 English 0
560.857758991624 250.18563537430308 559.3614566157339 273.22310224334956 520.5243640203844 270.7006150492509 522.0207469999878 247.66323499998535 English 0
439.2970654956298 371.78440824764925 440.9784209999634 343.492213000025 482.71958802841255 345.9725548004682 481.0383990293485 374.26459179091324 English 0
506.6433933020744 306.07383393367815 491.5508570025122 306.6203161653143 489.1280585997447 239.70948815620721 504.22039041892276 239.16300962534265 English 0
490.99501100005 303.14649199999917 505.7237575862382 302.54411823187223 508.6156939999637 373.2496450000005 493.8869477424305 373.85201340592914 English 0
491.5182497456408 399.141171057974 491.8424699999741 374.60925300002543 561.7982148454757 375.5334843083099 561.4742450659105 400.06515478797087 English 0
515.3289499999664 271.25028200000025 526.5306198169128 271.1214060239428 526.7262080000364 288.120608 515.5245381874556 288.2494837481909 English 0
515.9779938189604 290.9752919990474 528.3826030758792 291.04056709415994 528.2886359999975 308.89650400000005 515.8840267440974 308.8312290349249 English 0
549.9777525784157 275.0078514229911 547.9810649999854 291.48350600001106 528.0578117162077 289.0691099124803 530.0545289999718 272.5934900000356 English 0
593.2835905451793 275.2715921768009 592.4339609999879 294.97489299997204 546.9867832496675 293.01511580949574 547.8365030614077 273.3119093714217 English 0
568.6326427321183 296.53921475464847 568.2785119999608 308.73189300002855 532.099620198569 307.68106572498095 532.4537989999953 295.4884369999948 English 0
595.5056173893536 297.154756656386 594.3310380000185 312.01104600000247 565.662464675479 309.7445151708621 566.8370880000293 294.88827399998866 English 0
593.9312320000317 312.0180250000217 594.6442178737925 296.52281674056644 611.4546411525953 297.2962678445095 610.7416861030651 312.7914464939488 English 0
609.1424650000408 312.81934200000296 609.9189799146552 297.8312485463612 640.7277172577597 299.4272758464133 639.9512575133122 314.41531660617795 English 0
528.2611750809883 330.2335659116777 515.938994552489 330.7287653824644 515.232051241037 313.138425430157 527.5541800000065 312.64322700000065 English 0
530.2136359999713 327.5324129999857 531.113506557158 313.2389061526363 577.5560240562481 316.16245648181604 576.6562376637012 330.4558837370891 English 0
574.2667259999871 331.0307809999965 575.4203464424791 315.74817425187 592.6398798114678 317.0479034728464 591.4862933090626 332.3304784009641 English 0
639.2582417657832 319.7611313793866 637.2270877897972 337.66051574489376 588.3389664043352 332.11311887137845 590.3702129999874 314.2138409999761 English 0
530.223410918552 351.00248311695725 516.8137140133331 351.8464765170267 515.7069689740456 334.26311451320703 529.1166059999523 333.41912300000126 English 0
531.7760640000051 348.30831000003275 532.597158863573 334.6626185234387 573.8329048191372 337.14359059165474 573.0118857378693 350.7892101794772 English 0
571.0221769999771 351.35716800002126 572.1980767005152 336.22251715564624 589.0178030027892 337.5292252675822 587.841938260899 352.66384338425075 English 0
629.628727357267 339.1545673538622 629.0777739999612 355.144535000013 587.5491181793041 353.71358914560295 588.1001539999852 337.7237069999649 English 0
530.5678030240961 370.7328102362115 519.1272759557614 371.4528579364298 518.0205279834627 353.8694959962794 529.4610010000179 353.14945000000114 English 0
534.6030630000314 372.7960339999861 534.3053308822709 355.73195943201745 577.4842515854107 354.97857953040517 577.7820817034808 372.0425541866516 English 0
575.801666000043 373.14373899997133 578.1973402966105 354.77549122274706 611.9512850000319 359.17738099999775 609.5557048673072 377.5455434261777 English 0