187 388 252 388 252 415 187 415 English 0
263 383 330 383 330 414 263 414 English 0
343 378 425 378 425 416 343 416 English 0
536 367 640 367 640 409 536 409 English 0
435 310 618 310 618 358 435 358 English 0
209 326 416 326 416 375 209 375 English 0
382.87915499997325 292.3874229999924 377.8795403846743 231.1749985106437 636.3559370000439 210.06205599999473 641.3569012923108 271.2729950440802 English 0
142.85012999993342 311.87591100003027 138.33539699597168 260.91304420306795 363.79754699999467 240.93865199996404 368.31334853217413 291.90033566959886 English 0
195 212 260 212 260 251 195 251 Manipuri 0
263 196 370 196 370 242 263 242 Manipuri 0
378 191 459 191 459 229 378 229 Manipuri 0
463 178 551 178 551 221 463 221 Manipuri 0
556 170 635 170 635 208 556 208 Manipuri 0
57 403 73 403 73 419 57 419 English 0
74 402 82 402 82 415 74 415 English 0
83 401 107 401 107 415 83 415 English 0
109 402 118 402 118 413 109 413 English 0
137 399 146 399 146 413 137 413 English 0