185.06436399999075 217.06755200000055 176.34492826706264 184.4122586116791 241.21772400001646 167.0906959999806 249.93725828258903 199.7458308934853 Manipuri 0
247.74727399999392 199.51613399999533 238.25615838395606 170.3951652364778 293.05969200002437 152.53395000001711 302.5508651607379 181.65480853623276 Manipuri 0
330.169447271619 137.3254045341073 340.8868980909756 171.66169692475108 301.0063873051695 184.1093328389316 290.2890369999659 149.77312599997208 Manipuri 0
389.98059318844753 112.69842068382061 401.1835230935685 149.33238509875974 339.6641420000378 168.14500600001526 328.46135601983406 131.5111640485337 Manipuri 0
103.0110920000152 299.77242599997965 87.03232519234007 243.10804225547585 221.15466199997172 205.2882510000216 237.1338758172351 261.95188965214436 English 0
230.5544380000356 263.20251000002776 214.22372444831126 207.69789961441427 316.17517799997586 177.70235200001548 332.50617336743744 233.2064796429787 English 0
317.5909081198188 170.3486180782899 353.65541800005303 164.59484399999542 364.002168350853 229.4462562647112 327.937665109348 235.20000220462788 English 0
367.5487859999703 224.9661290000098 348.86909099135664 159.86804176286893 474.7595569999976 123.7447259999842 493.43958055062103 188.84225673659887 English 0
204.46789530971728 313.29338833783186 186.97170973406173 315.70645063809627 181.13794142118422 273.4102460253042 198.6339659999794 270.9971950000045 English 0
202.9859910000232 304.88970999996843 194.2849232909066 266.5208159316269 240.6544820000272 256.0059919999901 249.3556828913279 294.3746960846221 English 0
241.53791955905035 254.1443946250989 269.9802950000594 251.9181819999979 273.54072281581466 297.40420491175746 245.0983486151381 299.6304071259121 English 0
272.52524299998186 289.3786989999838 263.231730629559 251.32074142654116 332.66320499998983 234.36676300002023 341.95689507563657 272.42445616880866 English 0
335.6252880000102 269.587485000033 325.6941666720377 228.32733608797423 414.71193700002914 206.9018970000343 424.6432846168318 248.16171022012608 English 0
57.86357859215059 404.29824675526356 123.89782800004468 385.9886329999944 129.02537657733774 404.4791541021657 62.99114824687422 422.78871498772264 English 0
53.521280999993905 442.8059090000313 50.81734713930928 424.8400731335946 93.87477399999625 418.36055099999066 96.57881015969906 436.32626164121945 English 0
99.01450913996086 452.1141590945567 56.591628571477486 463.7610617730412 52.05296921019908 447.2314233557636 94.47562000001199 435.5845540000038 English 0
94.24083254685684 475.7014556350851 50.92337032256182 483.3382615361452 47.58945985093305 464.42995327814276 90.90663800001494 456.793173000002 English 0
91.20236538110476 471.9047302645329 88.05321499996353 454.0469439999689 123.4290794457047 447.80947584907574 126.5783151636424 465.66715235966046 English 0
44.70556889405998 500.64099757429204 43.545174642276834 477.9484382569135 79.69373200001428 476.10025900000915 80.8542673492775 498.79266860637614 English 0
46.51883099999395 527.4410009999854 41.86686909291893 503.43790071127114 109.01803100001416 490.4257850000258 113.6702263072948 514.4285744299216 English 0
610.1108650000242 347.91351300001025 604.5541949666949 333.61477039138293 640 319.8411910000264 645.5566972363886 334.13986611473877 English 0
625.5356726827449 375.5208918371716 631.120120480482 392.45493466393503 592.5942639999994 405.1582479999777 587.0099334663973 388.2243048552242 English 0
626.7389450000337 391.5557670000325 622.218553554776 376.318153238414 640 371.0436779999725 644.5204145604657 386.2812515771973 English 0