324.674631572052 448.49860841660666 284.3922310000198 452.400349999997 270.5944623364485 309.95741249232304 310.87524399998074 306.05575000000294 Manipuri 0
97.07084632333135 357.00897304756575 125.42162700003246 355.27303299999824 131.87662162876222 460.6814923879452 103.52584353138809 462.4174045393736 English 0
534.3594116242457 366.15988950392773 498.97981099995377 369.0047180000015 489.7250029959105 253.9108166105985 525.1036659999954 251.0660260000012 English 0
361.5484094864223 578.2789570562353 363.6660271157598 593.7899193702716 289.71806010973523 603.8821074209056 287.6007240334002 588.3713974698595 English 0
366.10209771068185 593.346709266852 363.8797770000383 578.720974999987 427.65309016234824 569.032973775415 429.87557683634805 583.6585041207221 English 0
474.02224667450355 564.1153325236787 476.2520819999918 579.9572949999847 430.16112704855914 586.4429187885498 427.9314670000167 570.6011139999833 English 0
393.3245553880988 590.7066936720181 394.68901760723384 600.1374065663781 361.95267499555484 604.8723805487169 360.58829000001424 595.4417370000161 Manipuri 0
427.62766176812875 585.6317209016509 428.4537260643265 595.3963767245764 390.07358735638263 598.6421889700094 389.2476120000356 588.8776160000122 Manipuri 0
469.7818514110986 580.1873756746623 470.6532436164707 589.1435735559459 424.01972201834724 593.6793193978384 423.1484289999935 584.723212999973 Manipuri 0
539.0129330629861 559.4668916298334 537.8226869969512 548.1385716681946 636.9651246650028 537.7233194008918 638.1555730941909 549.0514085796501 English 0
621.3348211296397 442.366636413901 625.5632414537831 467.99252809939554 559.640883999964 478.8678329999891 555.4127933215204 453.24223396493545 English 0
626.1232555926108 441.9260474956054 640 439.72853200000515 644.5188732288807 468.2597375180689 630.642131372224 470.45724226658695 English 0
561.1272250000184 498.4767360000095 558.9996149974468 485.0441504832549 634.3021902807232 473.1185212611188 636.4299491725251 486.5509217185309 English 0
603.4162251157977 496.2334262914262 604.9292733606853 506.57999310894763 571.6914016890223 511.4395287792018 570.178425999984 501.09302699998057 English 0
603.8648470000044 505.8822739999814 602.8995129582472 495.84938235045337 629.9335520000022 493.24868900003344 630.8989310951438 503.281530027042 English 0
624.0995451474009 507.53654189075434 625.358006388924 519.8295399943453 567.5532821409433 525.7455630030535 566.2949699999444 513.4527019999938 English 0
623.4950219999882 517.3526570000033 622.4527784581733 505.3240326236728 640 503.80390300003336 641.0422798401123 515.8324871645208 English 0
582.2003641894844 525.0780994849258 603.8599900000554 522.8924569999976 605.0320665210165 534.5052814738561 583.3724414698372 536.6909189323077 English 0
639.999967661206 518.3519053341925 641.3227233590442 529.0139061129614 606.8691469983605 533.2872734071284 605.5464709999796 522.6253449999828 English 0