507.08627799998794 410.5492119999837 499.88703695962613 382.5817788091788 552.8837339999882 368.941055000032 560.0831189132441 396.9082672388433 English 0
565.6659490000311 395.94760599999347 557.3734238195175 362.86286004154766 630.7653729999583 344.46921099996877 639.058125224401 377.5536119145468 English 0
617.0522360000177 403.2136400000012 614.0352658624761 393.4933316936524 635.6645209999988 386.78084600003325 638.6815090250457 396.5011220051832 English 0
579.2957469999965 413.81711899997345 576.6723278332938 403.2572296194929 614.70779700001 393.809055000028 617.3312573440489 404.3688822282497 English 0
428.71051996480674 435.0753596246177 424.3913774540124 407.38527616969117 464.06847899997956 401.19715899998323 468.38776126307494 428.8870685608484 Manipuri 0
420.1240202754707 408.831388313535 428.7610454305832 434.4902456233373 376.75008099999104 451.9948860000258 368.11332089702773 426.3362537472069 Manipuri 0
537.4755390000064 321.50772100000813 534.8299389305612 313.6195337399399 551.7961490000016 307.9296889999739 554.4417574274848 315.817859730877 English 0
555.1910060000228 314.7271619999804 552.7477441255178 305.7848324255393 569.8429829999804 301.11431999998604 572.2862561111106 310.0566314024511 English 0
605 293 613 293 613 302 605 302 English 0
343.78387899996596 240.20684099997695 340.0727719972201 230.9593654736166 363.7470939999912 221.45898200000426 367.4582086407463 230.70643726086035 English 0
387.0136949999869 209.32624300000444 392.45779724180466 208.43942194706102 394.1813456427917 219.0197509345839 388.737243583455 219.90657123075434 English 0
365.6040219999704 231.46842200002493 361.7027439468802 223.98458943962882 386.25827741656394 211.18438978138585 390.15955759896315 218.66820528928497 English 0
355.9497561430908 251.97254458768282 345.37873299996136 253.46634700000408 343.56232461221225 240.61287163733516 354.1333229999873 239.11907099999866 English 0
365.6841570060351 234.14541325003154 369.861717472304 243.03164625771404 356.41623399998934 249.35229300000208 352.2386874717631 240.4660718503285 English 0
367.68790900001477 241.72256799999695 364.3474564027565 232.63903965954526 384.6620950000215 225.168659000019 388.00255517511687 234.2521702760864 English 0
387.8320900000108 232.35468399998214 384.9213324932498 225.79493935175773 399.5405710000341 219.30818300002485 402.45133106203866 225.86791883205228 English 0
412.03432078989863 211.8185378799331 415.94063590709993 220.07143220154734 401.54433299998345 226.88532800001926 397.63803047622787 218.63244439781226 English 0
394.41347702784697 239.45066953996024 397.1732888746192 246.7181771100667 385.57875099999364 251.12095600003198 382.81894884974463 243.85345664716425 English 0
383.7145809416688 244.8718459199435 386.51248527916323 252.53815442820138 370.64083400000527 258.33039799998437 367.84294394397875 250.66410159751382 English 0
367.8409691001434 250.83692023265922 371.02654194932256 258.48734415378004 358.7198450000142 263.61148500001053 355.53428365565196 255.96107083197165 English 0
346.28913900000043 267.8719709999674 343.7132340438984 261.0589260757713 357.1141479999642 255.99250699998504 359.6900569844729 262.80554241152635 English 0
352.39955779572483 268.57244910579374 354.3204292199516 274.78368916934045 346.2710800000059 277.27286500000207 344.350214805454 271.06163024550136 English 0
361.47470948541013 264.93318121477 364.1450968274876 270.84843046968734 354.12052899999253 275.37367900001414 351.4501493496209 269.4584362781816 English 0
384.5205388611794 254.45464133078184 387.002018412968 260.0219316285142 363.73736085239216 270.39100410200064 361.2558975857246 264.823727628904 English 0
408.5546379999869 185.4077889999793 406.0801715184789 179.5422265185428 419.805628000031 173.75209400001745 422.2800964473572 179.61765065419877 English 0
396.34727999997267 191.793145000007 393.7894997801777 186.87862085189533 407.1722890000092 179.91368100002472 409.73006986881956 184.82820002598964 English 0
174.1227319999598 256.20492699997686 163.58047704525234 232.09264918507677 213.8603570000123 210.11037099996685 224.40264681965346 234.2225339184985 Manipuri 0
218.29595399998652 223.39145799998738 212.59546889094054 210.50075448221077 232.078462999998 201.88533800001917 237.77895442901354 214.77601966220158 Manipuri 0
218.98971000002348 234.81218299999472 214.62096929346444 224.60656184847753 233.93534900002123 216.3389260000233 238.30409549736942 226.54452911194508 Manipuri 0
179 633 195 633 195 640 179 640 English 0
562.5382092347718 95.79028581981541 565.3385083401372 102.61785968430907 549.3267609999748 109.18494799996932 546.5264671974728 102.35737862576133 English 0
538.0358800000249 115.1740919999987 535.4796170438931 108.16926017853022 546.763002000007 104.05166699999855 549.3192665012612 111.0564953987126 English 0
536.904518139927 108.6896500763124 539.9452713815117 116.50699468245762 524.2003780000232 122.63129799997861 521.1596314443887 114.81395905256194 English 0
500.39369766753225 127.23453085333745 503.25496115467104 134.82527613251878 485.90993300000264 141.363230000029 483.04867778490006 133.7724917231002 English 0
521.3517791312188 116.92765691716204 523.9928014524048 122.69777444366285 514.7556140000233 126.92564800000284 512.1145948024059 121.15553312773378 English 0
510.1383883743256 132.2133668798822 513.2092567398649 139.37119117888062 501.0911759999726 144.57004099997772 498.0203133601026 137.41222155722306 English 0
544.042159986202 114.54279243829322 547.532600711711 121.29179776128316 529.1094429999794 130.81974200001946 525.6190097264334 124.07074305790428 English 0
543.7188376842096 113.61982825324496 548.7489470000583 112.2471959999923 551.3118892772764 121.63918755207307 546.2817801920755 123.01181922046595 English 0
538 139 547 139 547 147 538 147 English 0
518 139 525 139 525 146 518 146 English 0
513 151 519 151 519 159 513 159 English 0
533.5343116458534 142.96102726204052 536.9017976907344 149.71890587272208 523.6908879999828 156.30185300001745 520.3234084413998 149.54397992411884 English 0
11.310598999989452 433.66860000002293 2.814115592482267 415.85488910149684 45.76480499999889 395.37156300001556 54.2613171494304 413.1851431004407 English 0
65.92464132969326 410.7999575284285 52.2306579999713 413.4857060000028 47.332174371913425 388.5122683073453 61.02605699998094 385.82653000000215 English 0
21.49319700001797 456.95079200002994 15.332915281396708 443.74381695286553 48.05488799996965 428.483118999988 54.21518881259544 441.6900155903992 English 0
67.04729749973922 442.0368819661762 51.41649299999699 443.4824290000005 49.33744893314724 421.0041138041461 64.96814099999028 419.5585719999988 English 0
66.00739100002102 418.84474999999736 70.99255806177098 418.355508193443 72.72281907025899 435.9837670407197 67.73765221107169 436.47300746998184 English 0
35.43297199998051 391.42818100000363 31.66944349904952 384.0432830912782 47.11862700001802 376.17085200002094 50.88215824711369 383.5557316330577 Manipuri 0
18.209903000024497 401.17941000001514 14.896586985851172 395.31123581863676 32.38018735719379 385.44069289100486 35.69350387115264 391.30884984260825 Manipuri 0
59.16379735637747 470.64448794731766 72.80176499996742 469.5576770000009 74.46110138553195 490.3765114094096 60.82313422608422 491.46331830074394 English 0
59.34061081032269 475.4720249947516 65.8745391741104 490.35324454676555 19.168876302719582 510.85641697626664 12.635111796189449 495.9753364334359 English 0
75.62771199998679 549.2848470000056 72.83707630456774 537.8271142620126 91.20945299997402 533.3533170000269 94.00011793906742 544.8110060974769 English 0
53.62089499998547 555.0389700000202 50.92439879648737 544.6825342276687 72.76140100002522 538.9980940000345 75.45792771532433 549.354482218758 English 0
23.964085999978124 564.7735349999891 21.568167808363796 554.9678876023701 50.10388900001999 547.9970040000171 52.49984706591931 557.8025917731379 English 0
11.381102282102802 444.0149065163076 19.8474150000402 443.1793389999985 21.53360312760924 460.2619182145697 13.067290765611688 461.09748331921446 English 0