300.0695372471091 447.02889918333915 259.78326800002833 443.1735000000029 273.41890747644356 300.7155368986974 313.70358000000124 304.5708589999971 Manipuri 0
94.10475575983583 313.7927208893675 122.26616799998737 317.49766399999817 108.4900528453727 422.200480526379 80.328651000018 418.4955910000014 English 0
521.6130876765237 406.21297236994843 486.34090699997614 402.2553219999986 499.2174163627351 287.5105705989997 534.4885559999966 291.4681620000034 English 0
311.50310165132396 581.4614303330068 310.62142698479875 597.0914546102892 236.10645810651476 592.8883613000612 236.98837191113853 577.2585890861275 English 0
313.0973318510951 597.121224304202 313.7072929999704 582.3401979999927 378.1581806153554 584.9988252666482 377.54843716371397 599.7796419847601 English 0
424.61376336577814 589.0190773845344 423.7791009999637 604.995449999965 377.29669719352387 602.5673688905785 378.1315149999864 586.5911610000162 English 0
340.3245417452126 599.7240436763727 339.86399489491305 609.2418080706692 306.82519414971466 607.6434017066097 307.2858080000151 598.1257079999975 Manipuri 0
374.9657782555005 601.2876785667289 373.9129927497561 611.0304895911991 335.6182117831486 606.893371666974 336.67107100001886 597.150644999973 Manipuri 0
417.3842627821432 603.9867416760757 416.5302782357321 612.9446047618856 369.88766312482767 608.4989185959888 370.74173200002406 599.5411500000075 Manipuri 0
489.29610259518086 596.856802962894 490.2898470072978 585.509326864255 589.5985492388718 594.2029838709711 588.6050744921522 605.5502091350156 English 0
592.449800801478 497.6156884438728 591.7101663094218 523.5775271324869 524.9245949999749 521.6746199999988 525.6645484043111 495.7131092796555 English 0
631.8932050893636 498.5933940987325 631.8851755145442 526.9765644568907 596.2261859999853 526.966233000028 596.2344085120276 498.5832545667555 English 0
522.6420719999442 541.2068600000363 523.1171213775815 527.6151142265859 599.3116574368469 530.2771770802524 598.8368213969079 543.8687163377841 English 0
564.5821494403936 547.0738554583145 564.0928027785412 557.519038731602 530.5383499846357 555.9472444178176 531.0277649999625 545.5021329999863 English 0
563.1814409999788 556.6310589999766 564.1486187573901 546.5983137465507 591.1817919999885 549.2037329999688 590.2146748952509 559.2364222267423 English 0
598.8531769999827 558.6772310000314 599.3150798927672 549.033890913152 630.6187346774823 550.5328771423526 630.1568968861102 560.1761549580649 English 0
582.7287280630844 562.1158126971148 581.6179713670863 574.4230243018862 523.7464302851004 569.2007883312567 524.8573220000253 556.8937270000124 English 0
616.3388788273733 562.0892991986317 615.8921878077672 574.8817149282265 580.1924861958105 573.6352448136876 580.6392701485311 560.8429253786674 English 0
538.2521696952608 571.3413712779886 559.9309760000324 573.3277910000029 558.8656954585167 584.9508564545862 537.1868898329558 582.964441717452 English 0
561.0134122944146 584.1319682422725 561.6374399999768 573.3873820000236 597.9810459257715 575.4975323226824 597.3571070361504 586.2420342423887 English 0
629.7202815238415 591.3744023488371 596.7019727619481 587.9263489450735 598.201684137166 573.5699393874395 631.219787999944 577.0179819999972 English 0
629.3374572951143 596.9747653783176 628.6010510000051 608.1455520000196 589.5184179787611 605.5696057798365 590.2549150000414 594.3989170000219 English 0