359 170 401 170 401 200 359 200 Manipuri 0
403 177 440 177 440 203 403 203 Manipuri 0
366 287 463 287 463 345 366 345 English 0
475 298 626 298 626 370 475 370 English 0
434 197 552 197 552 285 434 285 English 0
569 218 627 218 627 292 569 292 English 0
391 421 431 421 431 447 391 447 Manipuri 0
448.65929447136295 440.7932185160899 435.4784880000079 439.1750429999997 437.19150448690925 425.22392614268375 450.3722519999428 426.8420979999956 Manipuri 0
498.40403667403734 430.4770215041913 495.87754346641304 444.4298697984692 484.35974400003033 442.34457300002964 486.88625762355514 428.39175119915853 Manipuri 0
387.9297200000292 532.906264000018 389.30286046983383 497.13740417367325 516.4579656297428 502.016721587795 515.0857327337144 537.7847059538551 English 0
596.43277914176 506.79796064727543 595.0545787891315 540.76437089775 519.4265668906155 537.6955706202192 520.8052450000105 503.7296599999927 English 0
384.9110185279278 533.8367547556401 352.9406430000381 531.4357150000002 355.7086361660913 494.5896731981228 387.67856200000097 496.9906959999983 English 0