168 266 269 266 269 292 168 292 Manipuri 0
282 272 362 272 362 296 282 296 Manipuri 0
397 277 414 277 414 296 397 296 Manipuri 0
41 292 293 292 293 342 41 342 English 0
310 303 472 303 472 345 310 345 English 0
165 405 302 405 302 430 165 430 English 0
308 413 361 413 361 429 308 429 English 0
374 416 422 416 422 432 374 432 English 0
497 506 514 506 514 516 497 516 Manipuri 0
514 508 536 508 536 520 514 520 Manipuri 0
537 508 560 508 560 519 537 519 Manipuri 0
479 521 563 521 563 553 479 553 English 0
439 548 465 548 465 565 439 565 English 0
503 566 520 566 520 575 503 575 English 0
521 566 535 566 535 574 521 574 English 0
537 568 560 568 560 577 537 577 English 0
486 576 502 576 502 586 486 586 English 0
461 575 484 575 484 587 461 587 English 0
446 573 459 573 459 583 446 583 English 0
400 570 445 570 445 583 400 583 English 0
393 515 475 515 475 546 393 546 English 0
347 513 389 513 389 538 347 538 English 0