206 270 486 270 486 337 206 337 English 0
231 338 355 338 355 371 231 371 English 0
367 333 458 333 458 361 367 361 English 0
218 372 313 372 313 395 218 395 English 0
318 368 372 368 372 389 318 389 English 0
376 366 422 366 422 385 376 385 English 0
428 361 474 361 474 382 428 382 English 0
265 222 360 222 360 269 265 269 Manipuri 0
363 206 488 206 488 265 363 265 Manipuri 0
238 11 345 11 345 43 238 43 English 0
354 3 410 3 410 32 354 32 English 0
591 472 640 472 640 502 591 502 English 0
286 1 306 1 306 8 286 8 Manipuri 0
308 1 316 1 316 8 308 8 Manipuri 0