116.58766494772863 280.9400045207648 115.50596100001712 220.6252739999888 247.948539471181 218.24967159467607 249.03097230839194 278.5636584362277 Manipuri 0
254.69008799998846 221.4468980000004 304.8030426626792 220.54780883758497 305.76501781681145 274.1635553683652 255.65206328596105 275.06264008457515 Manipuri 0
312.8631769999629 273.41138399998965 308.7848569027119 221.9128652278851 412.8018020000309 213.67555700002657 416.8805657302437 265.17358856014965 Manipuri 0
420.1129049999872 227.10689500000214 462.52472503925674 223.29570261164258 467.1767340000224 275.0620399999984 424.76491645873466 278.87321389794204 Manipuri 0
110.10004672578361 607.2774183873305 55.23052262258716 588.6716756818117 92.72966964825173 478.1137043030453 147.59681916031695 496.7190088118406 English 0
145.93312100005278 525.858969000022 86.79559282427363 478.64671088614 219.24553073593415 312.7666551794797 278.3805374450458 359.97734101003084 English 0
243.19063000002643 312.4152829999993 326.8778973856388 296.1319415247117 341.6853842340788 372.2280687057422 257.99816385995655 388.51124926725157 English 0
481.22237896866864 367.0755039583276 451.85432199999923 429.1893250000194 309.4946477310441 361.8851220512544 338.8630050000211 299.77262799999625 English 0
435.61166062558186 398.0354168437892 471.27434120462567 372.56827254226596 566.5481329382601 505.96523117065954 530.8860447057668 531.4316732810735 English 0
375.64839086961 605.5119631788399 360.51382699995884 608.4011120000015 345.3620444138505 529.0479685503201 360.4961059999914 526.1588689999973 English 0
288.4209499368444 639.1964306145632 263.81198468254297 641.8110107416526 252.9793790000258 539.8738859999976 277.5872286738013 537.2593662847329 English 0