232.30286222344148 204.3139268736313 235.56141599998227 246.77226499999716 114.71883025369607 256.04535481705926 111.46074600001157 213.58745499999617 Manipuri 0
492.4999809592555 207.42509636871443 491.65923113752797 256.02767221790594 239.20465676412277 251.65749707921435 240.04643299995223 203.0559620000358 Manipuri 0
500.53923858795315 210.39193396348568 623.1710480000038 206.30022699999927 624.3312076989241 241.06994251054883 501.69939896084543 245.16163752390426 Manipuri 0
119.20966771001986 341.4707571978538 116.06131499996991 263.56690899999 280.3213277213945 256.9283169790199 283.4710443908989 334.8307261073561 English 0
513.8758162657905 253.45495553629615 515.9570849999727 322.62021199998975 276.87911145738326 329.8098513742562 274.79968599996937 260.6463759999981 English 0
510.9456003538071 322.11309902307096 506.86714099996607 250.65155899999706 636.6422709979815 243.2448867398395 640.7216542671085 314.70547012804536 English 0
296.8463047625846 373.6068223403512 167.25114199995005 381.3219810000013 165.19868490373483 346.8390500954216 294.79265087647946 339.123927164909 English 0
298.017530299403 374.33704887790907 297.17298700001265 339.36536900001647 393.6455809335166 337.0354400412905 394.4905594264128 372.00667353972085 English 0
398.63672524210415 363.8571000496069 396.5951900000073 334.0096840000291 441.7479116922914 330.92151359921684 443.7896082971565 360.76875476952154 English 0
497.70551174806315 359.93732907333526 446.73819948366145 365.48328299238506 442.84053099996527 329.6646250000023 493.80737471263274 324.11869685745364 English 0
564.9313769426954 324.85471136156787 566.5909459999966 355.3586139999691 498.26297268380586 359.07524100406124 496.6036819999863 328.57160300001703 English 0
24.11385192965099 190.31727196538884 23.804095435334602 209.65465810233624 -0.30979056798969395 209.26835591587627 0 189.9310040000007 English 0
88.35717187394039 291.1575830191059 67.19541759477579 304.1878873997496 27.51588256462128 239.7498851877252 48.67739499997697 226.71967800000942 English 0
70.8319869999832 373.32981999999225 56.29368585628981 368.8786198316642 75.23961200000485 307.004256000008 89.77769185279612 311.4554199429046 Manipuri 0
10.148092000017641 401.2470750000153 0.5841314495773986 367.4912547728386 53.39751207007794 352.52930664009295 62.96162907659891 386.2848646206411 Manipuri 0
21.014258457071264 185.22265943209527 37.5770050000574 188.4252070000059 32.409867708483944 215.14752307992075 15.847122999985004 211.9449819999944 English 0
0 217.011768 47.574196 217.011768 47.574196 244.375873 0 244.375873 English 0