372.80718843736395 156.89570453480317 271.8116550332343 153.84506366821037 272.6750639999955 125.26632299999969 373.67029350753 128.31695926195147 Manipuri 0
433.80132870399393 131.7851272207925 433.1521570000041 164.48964700002205 367.29750160964613 163.18229836841155 367.9467889999796 130.47789600001724 Manipuri 0
141.77766499997233 115.96224300000195 171.23363763443194 113.06098806159514 186.18960299994797 264.90301900000173 156.73363502370194 267.8042425018663 Manipuri 0
445.1143191196752 162.82870791389698 443.48986400000285 231.36960800000278 282.6347285364318 227.55601410703534 284.2599640000117 159.01590899996813 English 0
436.9136652000452 231.34836907680122 435.7703069999843 166.5328540000044 635.8316295174154 163.00281124131487 636.9759231212811 227.81737697224276 English 0
213.16901336496812 233.95427885805492 268.48268057729 234.46137469970918 268.28858599998057 255.63215799999978 212.97491879566223 255.12506313536716 English 0
483.66281438640726 158.032981028007 484.30479800001194 133.8858019999986 543.2535353292769 135.45294965219153 542.6116315763647 159.60005079155877 English 0
562.5553130940534 157.83615456929292 544.3915255672619 160.03336493178602 542.0176099999662 140.40896200000273 560.1813581700844 138.21175404252082 English 0
560.65956910963 159.2549052430942 561.1045890000241 139.20877099997435 593.4833012770832 139.92754952721998 593.0383182990045 159.9736475782858 English 0
379.383514000001 251.75263800001932 379.1920169102377 229.8728212388698 440.3900596906169 229.33712137932633 440.5816755576234 251.21681803853633 English 0
540.9956196207349 229.06990917390027 541.3983490000101 250.89788099999228 441.91718144757033 252.73270340574445 441.51465000002645 230.9049260000327 English 0
621.1177814799157 228.41198635580224 621.4346289999958 251.30490300001892 543.4438958293322 252.38392722144422 543.1272100000206 229.49117000002082 English 0
466.92068099997414 272.176743000025 464.3982604925259 253.121616724294 486.3030435852852 250.22211737319094 488.8254985270032 269.277202643456 English 0
228.2451456211129 131.08708959668542 239.44067196127435 137.32612894106336 217.3342945152399 176.99379804977323 206.13877947027504 170.75477496812726 English 0
248.9161478362803 173.05795090587455 230.48792359797517 150.55402549441666 241.3795632829715 141.63515830198355 259.80777700002363 164.13906500002415 English 0
214.03949500003364 216.96853699998155 225.41656533110654 209.3604845411898 233.43748806342774 221.3545451879246 222.0604250089673 228.9625886750038 English 0
228.67591499998525 210.58717999999942 239.3637095847953 209.42013951373974 241.04724128876114 224.8374452035846 230.3594469447853 226.00448422441588 English 0
237.62869589714683 222.63473176315875 241.35289899997588 208.54351500002758 267.81945756592904 215.53817271106638 264.0952910768101 229.6293579791309 English 0
262.58879245026037 209.40291676208068 248.60194450964627 209.89133597151337 247.18739566378645 169.38269382048838 261.1741639999673 168.89427600000116 English 0
208.2848869999725 178.21242800000047 217.01245054719038 174.77188327781477 228.42634185719362 203.72452976995044 219.69878246964072 207.1650668817971 English 0