332 99 396 99 396 170 332 170 Manipuri 0
286.4741007347766 85.23142248736887 289.19639354637184 163.14856972066164 143.21323736789054 168.248127237386 140.49149400001625 90.33150299999873 Manipuri 0
69 402 176 402 176 470 69 470 English 0
39.22991651757911 275.5695946312046 39.07993799999531 181.04873599996867 371.31045380127034 180.51832394537482 371.4630940119969 275.0364963933945 English 0
67.82019199999922 368.07061200002414 66.4135280589835 306.9466120775962 199.14582054654602 303.8916677813862 200.5534745298064 365.0146520916899 English 0
202.40301699996053 363.94952699998 198.4902351398341 304.1182445158845 356.17890201821865 293.8057696915569 360.0927590263018 353.6358899701116 English 0
283.795378434952 401.03939518430303 285.62208301154897 458.0389505336165 193.9274750000186 460.9760129999954 192.10163234944048 403.9772911973523 English 0
195.28518232196802 477.91474812302397 194.9868262407108 529.8282292574752 87.57035399998131 529.209334999968 87.86974676411774 477.2968913364085 English 0
91.87007200001972 536.1890549999999 189.79563394961588 535.7951546406692 190.0137883554271 590.0169661217245 92.08822644053726 590.4108620102952 English 0
198.60144899997977 520.9062229999769 197.95898038952146 460.7896930284266 328.19814000002225 459.39727200003097 328.84202173692756 519.5123699238928 English 0
191.42164700002468 579.381019999993 190.13099110175972 519.8192014388135 296.99850199998764 517.5035280000303 298.29042867721 577.0640418179864 English 0
336 463 403 463 403 522 336 522 English 0
329.2350597895711 576.9426965453274 330.00201380571525 621.8922262146518 189.3456359999982 624.2885860000353 188.5801154791261 579.3404642872202 English 0
428 161 490 161 490 279 428 279 English 0