234.81757699999434 359.83857100001666 245.99269692538655 271.5661028225434 314.47987651175936 280.23592751227295 303.3055565490213 368.50766954047117 Manipuri 0
400.54797441996925 269.0332341019569 392.2105569999985 378.96237800003564 310.0853609806654 372.73327099654097 318.4237649606803 262.80520026064124 Manipuri 0
98 256 197 256 197 347 98 347 English 0
418 295 492 295 492 370 418 370 English 0
483 397 561 397 561 491 483 491 English 0
562 405 612 405 612 486 562 486 English 0
581 522 612 522 612 586 581 586 English 0
71 532 115 532 115 584 71 584 English 0
127 526 231 526 231 587 127 587 English 0
243 523 286 523 286 576 243 576 English 0
325 508 351 508 351 552 325 552 English 0
363 525 419 525 419 575 363 575 English 0
0 372 80 372 80 496 0 496 English 0
89 374 217 374 217 497 89 497 English 0
225 380 329 380 329 494 225 494 English 0
333 387 475 387 475 497 333 497 English 0
394 594 441 594 441 640 394 640 English 0
467 606 498 606 498 640 467 640 English 0
537 603 565 603 565 640 537 640 English 0