318.45863622053 229.7214775008179 321.34750159653777 258.01108886655027 185.7025446411717 271.86111056172365 182.8140691205772 243.57185611565595 Manipuri 0
321.7041590000008 257.47042999996773 319.99533738686296 230.05544071093098 435.2196352745523 222.87318099730146 436.92872060346417 250.28788599903595 Manipuri 0
61.74909699999262 350.02986499998303 58.1549875572091 286.24309537173633 299.7519900000043 272.6285760000217 303.34777858646703 336.41355508251206 English 0
310.1995170000009 336.6923439999684 306.98867039143806 269.00131014543047 561.278777999978 256.93744399998616 564.4914323575358 324.62657346194726 English 0
15.670796999984304 613.052365999996 14.696246278545004 580.872614101034 74.80510599998524 579.0525440000289 75.78007217176491 611.2318664189543 English 0
85.23106431181077 580.9069779327142 110.05280199999106 585.435540999999 104.4626723221154 616.0677876975942 79.64094299997669 611.5392559999935 English 0
184.86413450009422 585.2365152663712 182.11190063433605 618.3092107032408 106.31551500002388 612.0023779999817 109.0682560280402 578.9302414612421 English 0
191.55829921488476 576.5724059564429 241.3155242823268 585.6108824532844 235.14215356444765 619.5865811388726 185.3849469999841 610.5481739999992 English 0
108.28070373601804 436.4305669724107 154.4029400782165 443.99679095345454 152.11066703195684 457.9679611696244 105.98843499996292 450.4017550000026 English 0
104.62671948465868 439.11297909737516 101.94835563110246 451.77295887981614 66.86597599997185 444.3518240000101 69.54439376306254 431.6919186966545 English 0
492 571 585 571 585 611 492 611 English 0
406 575 486 575 486 615 406 615 English 0
247 576 376 576 376 616 247 616 English 0
423 344 471 344 471 366 423 366 English 0
358 344 419 344 419 367 358 367 English 0
235 351 274 351 274 371 235 371 English 0
280 349 353 349 353 372 280 372 English 0
192 355 227 355 227 378 192 378 English 0
73.65317199997662 381.3582799999767 73.16827451359131 360.9693399618399 180.138562635766 358.4249480832142 180.6237528357451 378.8135880788747 English 0