439 282 472 282 472 303 439 303 Manipuri 0
475 281 506 281 506 305 475 305 Manipuri 0
422 315 510 315 510 347 422 347 English 0
453 353 511 353 511 373 453 373 English 0
368 350 438 350 438 368 368 368 English 0
362 314 417 314 417 343 362 343 English 0
214 349 359 349 359 371 214 371 English 0
209 296 354 296 354 344 209 344 English 0
471 531 490 531 490 543 471 543 Manipuri 0
492 529 512 529 512 544 492 544 Manipuri 0
432 546 515 546 515 575 432 575 English 0
376 547 426 547 426 575 376 575 English 0