206 262 490 262 490 353 206 353 English 0
226 329 352 329 352 372 226 372 English 0
362 340 455 340 455 376 362 376 English 0
211 361 307 361 307 392 211 392 English 0
310 368 366 368 366 394 310 394 English 0
368 374 416 374 416 397 368 397 English 0
419 374 467 374 467 399 419 399 English 0
273 218 372 218 372 273 273 273 Manipuri 0
370 215 500 215 500 284 370 284 Manipuri 0
273 5 382 5 382 46 273 46 English 0
390 10 448 10 448 44 390 44 English 0
567 505 619 505 619 539 567 539 English 0
324 0 345 0 345 8 324 8 Manipuri 0
346 2 355 2 355 10 346 10 Manipuri 0