315 250 371 250 371 281 315 281 Manipuri 0
372 259 436 259 436 292 372 292 Manipuri 0
207 260 365 260 365 324 207 324 English 0
372 291 522 291 522 349 372 349 English 0
225 310 321 310 321 342 225 342 English 0
324 326 368 326 368 348 324 348 English 0
369 333 402 333 402 354 369 354 English 0
451 347 500 347 500 367 451 367 English 0
466 397 489 397 489 410 466 410 English 0
463 409 490 409 490 421 463 421 English 0
481 270 495 270 495 283 481 283 English 0
495 273 503 273 503 283 495 283 English 0
479 283 485 283 485 291 479 291 English 0
489 284 496 284 496 293 489 293 English 0
504 286 517 286 517 297 504 297 English 0
514 274 521 274 521 285 514 285 English 0
497 287 504 287 504 296 497 296 English 0
222 347 279 347 279 369 222 369 English 0
279 355 327 355 327 378 279 378 English 0
328 361 352 361 352 378 328 378 English 0
220 368 243 368 243 384 220 384 English 0
245 370 268 370 268 387 245 387 English 0
268 374 315 374 315 398 268 398 English 0
216 388 281 388 281 415 216 415 English 0
291 397 326 397 326 419 291 419 English 0
214 409 252 409 252 429 214 429 English 0
256 414 303 414 303 437 256 437 English 0
314 422 352 422 352 444 314 444 English 0
211 430 232 430 232 449 211 449 English 0
233 432 280 432 280 455 233 455 English 0
208 452 239 452 239 473 208 473 English 0
239 456 260 456 260 475 239 475 English 0
260 457 297 457 297 478 260 478 English 0