295 245 352 245 352 277 295 277 Manipuri 0
352 234 417 234 417 268 352 268 Manipuri 0
199 272 358 272 358 338 199 338 English 0
365 248 515 248 515 309 365 309 English 0
229 325 325 325 325 359 229 359 English 0
328 316 373 316 373 339 328 339 English 0
373 310 406 310 406 331 373 331 English 0
455 294 504 294 504 315 455 315 English 0
485 342 508 342 508 355 485 355 English 0
485 353 512 353 512 365 485 365 English 0
457 218 471 218 471 231 457 231 English 0
472 217 480 217 480 227 472 227 English 0
459 232 465 232 465 240 459 240 English 0
470 229 477 229 477 238 470 238 English 0
484 225 497 225 497 236 484 236 English 0
490 212 497 212 497 223 490 223 English 0
477 230 484 230 484 239 477 239 English 0
238 367 295 367 295 390 238 390 English 0
295 358 344 358 344 382 295 382 English 0
343 352 368 352 368 369 343 369 English 0
243 394 266 394 266 410 243 410 English 0
267 388 290 388 290 405 267 405 English 0
291 379 338 379 338 404 291 404 English 0
246 406 312 406 312 434 246 434 English 0
321 396 356 396 356 418 321 418 English 0
251 431 289 431 289 452 251 452 English 0
293 421 340 421 340 445 293 445 English 0
350 411 388 411 388 434 350 434 English 0
256 456 277 456 277 475 256 475 English 0
276 446 323 446 323 470 276 470 English 0
259 476 290 476 290 497 259 497 English 0
290 471 311 471 311 490 290 490 English 0
310 462 347 462 347 484 310 484 English 0