113 379 134 379 134 414 113 414 English 0
134 373 188 373 188 412 134 412 English 0
192 373 222 373 222 405 192 405 English 0
223 361 275 361 275 405 223 405 English 0
275 355 327 355 327 395 275 395 English 0
326 338 452 338 452 393 326 393 English 0
131 258 423 258 423 376 131 376 English 0
7 294 120 294 120 381 7 381 English 0
0 265 43 265 43 301 0 301 Manipuri 0
64 50 88 50 88 75 64 75 English 0
39 82 52 82 52 98 39 98 English 0
269 94 283 94 283 109 269 109 English 0
271 106 284 106 284 120 271 120 English 0
286 103 301 103 301 115 286 115 English 0
175 97 204 97 204 115 175 115 English 0
137 100 154 100 154 113 137 113 English 0
156 79 187 79 187 96 156 96 English 0
234 12 267 12 267 35 234 35 English 0
59.053621999992174 110.2952550000053 58.60771809973812 99.30985529992842 118.99496912039467 96.85866196985862 119.44089752374566 107.84403607736277 English 0
59.97792458845652 119.50660135069226 59.30282099994656 106.9553670000073 120.58762086853676 103.65895924110772 121.26275461145269 116.21016150135027 English 0
253 98 269 98 269 111 253 111 English 0
257 111 271 111 271 123 257 123 English 0
50.431322000004 296.2920320000183 48.35597883189621 268.42903124517176 181.90281914605293 258.481795552349 183.97851584661112 286.3444093777463 Manipuri 0
47 242 71 242 71 252 47 252 English 0
72 239 99 239 99 250 72 250 English 0
100 239 114 239 114 247 100 247 English 0
115 238 130 238 130 246 115 246 English 0
93 249 113 249 113 256 93 256 English 0
116 244 150 244 150 256 116 256 English 0
179.85883666449809 29.784165187465486 179.05610974878073 47.6781131105517 147.44520949541766 46.26003094708266 148.24794400003157 28.36609099998914 English 0
132.219771758173 29.567650371679303 131.51788193150423 43.109590346090975 98.65606563093024 41.406327110646366 99.35796099998697 27.864392999973376 English 0
220.67339721121243 32.03461239157161 219.96573099997477 47.27538100001087 181.43003476601734 45.486061229548 182.1377090000169 30.24530099999776 English 0
182 13 205 13 205 29 182 29 English 0
254 32 270 32 270 42 254 42 English 0
251 42 262 42 262 51 251 51 English 0