236.13869472581428 304.8467039348278 219.43198435437807 422.19185056502465 13.437839000034728 392.86258399999036 30.147159560001455 275.5206351804372 English 0
245.38167700004124 419.6827379999957 254.65990813951066 310.4440387173962 409.94576605684415 323.631704064087 400.67006808312726 432.8680277402058 English 0
403.49766235602146 438.9691600534002 411.9750229999772 339.7924979999663 635.3247451025527 358.8799714262142 626.8509353299305 458.0533028002052 English 0
115.90935469881515 283.176708370754 119.99827500003448 251.83859099998529 218.58287690811267 264.7006648537715 214.4943077454809 296.0384637229255 Manipuri 0
234.80193799070548 301.25096640856975 240.33331899998302 270.2206499999881 314.7656278276554 283.4877808732117 309.23453560877533 314.5178417826411 Manipuri 0
444.98867180205707 304.73041663041516 440.9223834423756 333.199858434997 329.5683275353076 317.29541873180443 333.63492200005567 288.82634599996857 Manipuri 0
347.79622273017594 430.3891640016223 343.40272900000855 503.19074700000533 54.462551602337044 485.7475729411261 58.859396629122784 412.9496012817148 English 0
350.9567912999046 501.0380154648021 354.6594770000229 446.52736899998 460.7390278936509 453.7312910408889 457.0374344087031 508.24090620270545 English 0
458.7375604366389 509.80245836502604 467.10280732499086 449.062176141897 640.2210969981388 472.8986075300187 631.8580047207797 533.6369414465156 English 0
37.51378900000418 539.5892320000037 40.11929721527849 489.7805718522088 147.37941297658836 495.38966631234865 144.7749839280732 545.1972992924939 English 0
152.33064024745545 545.4119469762345 155.5397549999907 492.85809899999435 264.9904009513557 499.5396276135283 261.7824681726779 552.0923547246482 English 0
266.1309503553639 547.9882547048795 268.97288399995887 504.34880900003515 363.54609124995477 510.50603335323876 360.7050204783445 554.1446616799496 English 0
359.54328027284646 551.8098516009046 362.72127800002636 511.13726299998524 448.55735964811174 517.8424058317366 445.38010662741726 558.5142970349777 English 0
440.5621351177979 556.4455884875213 445.13764204646577 515.5623063161363 538.1884111099498 525.9736851489718 533.613746306437 566.8561919015982 English 0