174 283 260 283 260 332 174 332 Manipuri 0
268 294 339 294 339 343 268 343 Manipuri 0
350 312 449 312 449 361 350 361 Manipuri 0
41 315 261 315 261 431 41 431 English 0
271 348 383 348 383 448 271 448 English 0
391 363 559 363 559 471 391 471 English 0
99 432 314 432 314 489 99 489 English 0
317 460 368 460 368 495 317 495 English 0
373 467 488 467 488 514 373 514 English 0
182 496 222 496 222 522 182 522 English 0
277 515 302 515 302 532 277 532 English 0
368 526 394 526 394 547 368 547 English 0