129.07389275715104 71.31533500429425 128.22909000002255 61.68045999999431 143.72507142943505 60.3217483892747 144.56987749479595 69.95661971103077 English 0
159.6180640397506 72.89664750413826 142.78042333462508 70.79539237282442 144.17531261744443 59.61803446093312 161.01294400003098 61.71928900000168 English 0
121.26816458570829 70.28371443341923 165.67099300002155 69.80181399999981 165.84443788226054 85.78314700880182 121.44160947238561 86.26504721907264 English 0
312.30660200002603 77.69549499997858 312.25062779667496 65.9651727588344 336.5090269999928 65.84941400000612 336.56500877092185 77.57972863984884 English 0
336.3042519999726 77.58095999997735 337.0405996347836 65.27625691996471 362.2097319758177 66.78243783186636 361.47339312708937 79.0871325861991 English 0
249.74141192113166 87.80504112362102 249.4435930000327 104.86918799998085 203.50081066972052 104.067306101007 203.79865700000664 87.00318699997483 English 0
248.48188475480129 106.4590041870435 248.58252600002743 88.31830699998466 293.90401884964376 88.5697193860306 293.80340763629647 106.71038657402289 English 0
227.9465461181826 103.45695737598915 227.11919399996987 123.68243900000394 203.10129433601105 122.69994016965603 203.92866599999252 102.47447899998639 English 0
249.08060032801586 125.66602241761423 224.43027228327992 123.6493714795584 225.95548929544748 105.00648367930994 250.60577799995372 107.02313299999766 English 0
288.31741620451794 123.15041447485122 247.58685216787853 122.43946765897574 247.87542851154285 105.90865268770293 288.60593500001414 106.61959900000026 English 0
285.06246362419915 120.86620095154919 285.878945000004 106.0385849999839 316.7390563515801 107.73786766589262 315.9225954500289 122.56546414870718 English 0
308.8475257137179 92.57071380915077 308.6241429999791 105.36877500000347 294.63094582912163 105.1245266339828 294.8543349999818 92.32647199998087 English 0
342.1519504601747 109.15445427584835 341.8727349999972 125.15205600003543 314.68595301565074 124.67752794191627 314.9651869999798 108.67994500000144 English 0
202.48914691415848 143.00743369038165 201.8635119999817 129.10916000001197 228.10901931741682 127.92771905854201 228.73467176228587 141.82597428115864 English 0
252.12640480334812 131.62928788736826 250.35402699999395 144.35775899998083 228.10547313813004 141.25977963825275 229.87786300000153 128.5313230000133 English 0
283.110195309564 146.52976342431876 253.52452484003152 146.01335153021864 253.81309662647254 129.4825365426554 283.3987170000182 129.99894800000013 English 0
306.6987229226652 146.94150329538292 283.97170593831106 146.5448067103353 284.2323471286363 131.61374772128042 306.95932900001935 132.01044400000023 English 0
114.39260500003002 120.64796099999248 114.3377931885334 105.87902911618131 164.73189528456714 105.69196311696537 164.78673837074894 120.46086383111037 English 0
162.55503421089088 133.7571734051426 125.37307827231416 133.10816679743795 125.60580074015888 119.77686479948824 162.7877100000478 120.4258710000002 English 0
122.37897500002873 144.25760400001036 122.75765792554012 135.1820775785359 145.3168259999802 136.12335299999853 144.93815417525184 145.19886876896828 English 0
161.5134048199252 147.60777160948868 141.5400222120661 146.5778545393641 142.14461496165313 134.8532875644225 162.1179729999858 135.8832039999989 English 0
144.3496596076875 145.70790989246785 144.18212800002948 155.30647100002452 125.39126249386754 154.97848903608372 125.55880400002934 145.37993800000226 English 0
157.65079764874827 146.49443266557594 156.91075499998988 159.26255199998116 143.22507006181695 158.469330441413 143.9651220000087 145.70122100001288 English 0
249.36263273695658 396.11750019970964 249.81998499999463 358.24768200002865 349.57665192574495 359.45188075079705 349.11983676320233 397.3211682248597 Manipuri 0
422.5639763002255 359.66184986786243 422.1769104447594 399.120204788305 352.28729737442336 398.434155673605 352.67474799999036 358.97618900001726 Manipuri 0
217.73708020773483 157.1237918741593 202.56870431658172 157.28015175699736 202.42022533995623 142.87536575842708 217.5885769999877 142.71900599999987 English 0
214.99601526658807 156.00911510794552 215.2380500000436 142.1445640000105 237.58817901129078 142.53471983381831 237.34616177687712 156.39925378291102 English 0
237.03919020445028 153.72680814230304 237.22539100002905 143.06176800000696 280.3580852781306 143.81477111523495 280.17191039863974 154.47978573556085 English 0
285.0113313224574 404.2019818232076 284.1342508786329 421.7204286140055 251.42157836045953 420.08271682406877 252.2987419999845 402.56435799999684 Manipuri 0
310.2731867550756 423.31264539195496 283.08631996093027 422.8381565094984 283.4401115496439 402.5745765966298 310.6268089999503 403.0490639999996 Manipuri 0
249.35809446258645 201.41573549678583 227.64828655061137 199.5549073738866 228.65269187990634 187.83731846371407 250.36246300005587 189.69814500000157 English 0
270.33413199998904 191.11358099996386 271.37949698328157 179.37097917525898 294.09951900001033 181.39353100001242 293.0541740289482 193.13611421868018 English 0
311.39894384512445 191.7985885450068 311.76238100000774 181.70183700002826 342.25345519058465 182.79932731099342 341.8900402219151 192.89605739940174 English 0
295.2196830066532 241.67725267937163 295.2510869999969 252.89118400001544 268.3391091613157 252.96649857520705 268.30773300003784 241.75259499998137 English 0
314.1536500000075 246.82015399999628 314.09271317970706 237.2343216387672 336.4911202150688 237.0919295248147 336.5520762324013 246.67774254960744 English 0
373.7060988184385 248.9264757820768 359.369220622757 249.1239876632817 359.1928218812245 236.31895765355 373.52966699996614 236.12144600000025 English 0
463.82451599994965 64.87122700000012 492.63073491129035 64.77256901182497 492.67640989310166 78.10873004684666 463.87019098197925 78.20738800006181 English 0
510.87084687838797 66.22582706076595 510.9778637882846 75.85184728376949 492.30858710376197 76.05939446801165 492.20157499999914 66.43337900001941 English 0
524.1274235907622 66.99063954398024 524.7149758815067 77.69533409279359 509.9678867993498 78.50475427687508 509.3803389999812 67.80006399996434 English 0
523.4247470000264 65.37813799999982 544.0788629339659 65.24592554325088 544.1676508991804 79.11625359291433 523.5135349656775 79.2484660002195 English 0
557.8968288114265 79.84862948550492 543.6993725870707 78.41600704287401 545.1501106970682 64.03913611360036 559.3475559999933 65.47175800000262 English 0
560.7047720000264 79.36422799999058 560.909559403517 67.63266311380835 584.098281594197 68.03744299641015 583.8935017838958 79.76900038075897 English 0
487.33555600003456 89.81868299996395 487.17818763965624 77.57251096869881 504.7789391119295 77.34633376067353 504.9363140910282 89.59249908197991 English 0
507 79 530 79 530 90 507 90 English 0
528 79 553 79 553 91 528 91 English 0
553 79 563 79 563 92 553 92 English 0
515 287 540 287 540 303 515 303 English 0
541 288 565 288 565 303 541 303 English 0
484 354 567 354 567 397 484 397 English 0
568 351 640 351 640 393 568 393 English 0
554 101 576 101 576 115 554 115 English 0
519 104 537 104 537 115 519 115 English 0
501 100 514 100 514 114 501 114 English 0
543 90 564 90 564 104 543 104 English 0
528 91 544 91 544 104 528 104 English 0
512 87 523 87 523 104 512 104 English 0
541 100 555 100 555 118 541 118 English 0
537 261 550 261 550 276 537 276 English 0
550 262 556 262 556 275 550 275 English 0
555 262 567 262 567 276 555 276 English 0
566 262 577 262 577 276 566 276 English 0
575 262 594 262 594 280 575 280 English 0
604 292 618 292 618 309 604 309 English 0