215 221 231 221 231 231 215 231 Manipuri 0
204 229 218 229 218 239 204 239 Manipuri 0
219 231 237 231 237 240 219 240 Manipuri 0
119.82302002885262 269.42853311758734 119.40765812694735 276.2764622295224 86.53079916555726 274.282355417496 86.94618235938833 267.43444907487964 Manipuri 0
84.31164290668676 265.9755989094789 83.44597426505061 274.5431492161405 31.801132239415892 269.32505808949037 32.666840000019874 260.75755200001316 Manipuri 0
377 276 387 276 387 282 377 282 Manipuri 0
387 279 397 279 397 285 387 285 Manipuri 0
562 301 580 301 580 312 562 312 Manipuri 0
584 300 623 300 623 315 584 315 Manipuri 0
186.11309462605277 213.4383459093544 183.48514058503497 246.56104728779093 34.78447599998617 234.7624559999846 37.41280519403517 201.64016576044997 English 0
9 240 32 240 32 254 9 254 English 0
36 240 91 240 91 260 36 260 English 0
23.230383999980404 295.1734889999738 25.171983560503577 271.38137840060614 101.08551299999817 277.5758689999938 99.14412029480445 301.36778651243424 English 0
223.74204416068096 286.9366746629696 222.11169434485782 311.56459528451705 107.0558660000097 303.9476000000334 108.68650500568037 279.3199909950085 English 0
99.15272104328324 305.9495729036393 135.8688517916744 309.64771752642275 135.0323572106572 317.9520500426887 98.31622699995933 314.25390899999957 English 0
79.52813299998525 312.2707340000068 80.39565337006934 304.303209903097 97.12301200001093 306.12438200000616 96.25550844953978 314.0918906872482 English 0
79.04752442220342 304.2535843729762 78.31722728718887 311.6706336118353 14.76007160737936 305.41284877612736 15.490416375323548 297.9958531693427 English 0
9.807645507680718 312.22252071750864 10.363631000000169 306.44441800000556 35.53600749015459 308.8663747845317 34.98004026223498 314.64446063173295 English 0
35.60383500000171 315.40491100001606 36.11953328465461 309.0731124904508 55.46830687409965 310.64886057208764 54.95262392454606 316.9806447620183 English 0
87.98125760476978 314.73237036777914 87.3443760000373 320.78753300002256 55.59361643878219 317.44816891655273 56.230518000011216 311.3930289999845 English 0
88.50347511077416 320.1748177932481 89.19781199998397 313.9676879999882 111.18975080200471 316.42752795424747 110.49543168810487 322.6346414872544 English 0
124.89296269741317 318.09472088334064 124.48766499997873 324.3544610000015 111.71918342610297 323.527792563767 112.12448999998742 317.26806199998964 English 0
142.3109676315653 319.8985296210126 141.73842681550013 325.7915554217112 125.52881496907503 324.2168003102818 126.1013660000026 318.3237859999695 English 0
-0.5558816489792662 319.25116801905034 0 313.6641740000312 16.050959712156327 315.2610467596235 15.495089598334744 320.8480301389944 English 0
16.675518896299764 320.95131836545966 17.260309999983292 315.8619479999901 38.18041296770389 318.26555949682296 37.595635815450805 323.3549171210718 English 0
39.875104000020656 324.0139579999742 40.33323804389511 319.2945678460718 59.77559712067887 321.18176955694247 59.31747505390376 325.9011486507597 English 0
89.77291414128558 324.0188903967164 89.26227299998573 329.74973100003325 61.30564634906477 327.25882213406976 61.81630500002939 321.52800099999956 English 0
101.80419327778509 325.4710396724326 101.11194299999624 331.1297770000206 89.92566007720598 329.7614235618744 90.61791699998139 324.10269400002113 English 0
129.40883883624338 327.9613845811633 128.93634229898453 333.83544445573597 102.17000486176403 331.6825405266986 102.6425190000009 325.8084999999945 English 0
148.14498531079153 329.4358176106121 147.65914858835458 335.3140590166185 130.48999200000253 333.89512000000354 130.97584005117824 328.0168910788989 English 0
160.68768542376347 330.431752870751 160.25913494471752 336.490580977812 148.9249276623741 335.688948585088 149.3534859999636 329.6301289999638 English 0
173.4548602650466 331.2947699793076 173.09823112773302 337.22049388042643 161.29927900001348 336.5104409999875 161.65591626362584 330.58472579367685 English 0
173.81007600000885 337.87100799997 174.16390943915758 331.4275690454877 207.36638800000947 333.2506350000192 207.01258265064098 339.69404721017304 English 0
312 281 346 281 346 305 312 305 English 0
347 284 387 284 387 309 347 309 English 0
310 300 359 300 359 321 310 321 English 0
309.5170769950346 322.02136299997835 310.10980703809764 317.18758372972724 345.86050100020657 321.5710220000165 345.2677938852139 326.40478043126006 English 0
347 322 356 322 356 328 347 328 English 0
357 323 376 323 376 330 357 330 English 0
331 330 344 330 344 338 331 338 English 0
345 332 361 332 361 340 345 340 English 0
361 334 373 334 373 341 361 341 English 0
375 335 401 335 401 345 375 345 English 0
369 390 379 390 379 400 369 400 English 0
368 400 381 400 381 407 368 407 English 0
367 407 381 407 381 413 367 413 English 0
388 407 391 407 391 411 388 411 English 0
391 407 397 407 397 411 391 411 English 0
397 408 405 408 405 413 397 413 English 0
551 339 572 339 572 352 551 352 English 0
556 354 569 354 569 364 556 364 English 0
570 355 590 355 590 366 570 366 English 0
591 358 601 358 601 368 591 368 English 0
601.2064549999923 366.7982679999961 602.0840854232665 358.9591302379316 637.0227109999541 362.87023499996485 636.1451214554836 370.7093353750314 English 0
599.7460490167578 344.8762441979641 598.8319591441541 352.8887388570279 574.7554653856059 350.14221658164246 575.6695770000078 342.12974699998887 English 0
620.1984626898775 347.04887652754826 619.4205778437754 355.0887333594752 601.8636680000054 353.3901649999841 602.6415692726005 345.35032661338164 English 0
622.6714589999756 356.6857960000109 623.7800875907124 346.97142097548203 635.8269612496952 348.34611200701437 634.7183495626814 358.0604715946928 English 0
636.2376867547573 319.00830058684835 633.0940081521112 345.98309376336283 558.8154750000103 337.32681600001956 561.9593661127874 310.35226856678605 English 0