264.96578199992655 119.95671200000365 293.95792721908947 113.42068931679717 296.51622677942214 124.76854106784086 267.52408272237517 131.3045602880331 Manipuri 0
299.38597899999877 122.8443770000213 296.5448854656279 109.31270639673653 313.10286100000667 105.83624699997074 315.94396158805466 119.36790775665541 Manipuri 0
334.1513985885831 102.22993577042871 336.789623112345 111.68777406247641 319.2831670000305 116.57107300003021 316.6449506331992 107.11324169164277 Manipuri 0
96.63014199999452 206.3575259999692 90.69468157882511 182.34880464472178 180.0248709999869 160.26485499999848 185.96043152705533 184.27342574362933 English 0
189.57549999999173 184.05108299997215 182.77335487706296 157.3939883701531 307.9763559999992 125.44588800003281 314.7786301080487 152.102784137541 English 0
132.75779847339436 206.54904463271137 139.54781428808928 235.2707192181643 62.06803699999 253.5864270000255 55.27824709723063 224.86494790468493 English 0
140.9734429999662 233.89541499999194 134.3048988690134 203.62466508799594 172.1681720000197 195.28378599999382 178.83678255217092 225.55444206955784 English 0
144.35823200001323 262.03395799996497 139.75588809989858 242.23374500061078 273.6093930000061 211.1215830000013 278.2119019550737 230.92155599688016 English 0
178.29218099999707 227.12362800003086 170.26487139730307 196.89154729598468 274.96067300002323 169.09293799998235 282.9881352161465 199.32477713155595 English 0
282.0665310000186 199.97475299997774 274.4003264202911 167.68050104252603 355.9045270000206 148.3328469999708 363.57085084768187 180.6269230807539 English 0
274.2827869667235 243.8191069202338 276.99133282440016 256.04507870581256 237.59987400000682 264.7713579999672 234.891381769703 252.54543284433115 English 0
212.47845099998813 269.6912710000324 210.0346368853934 258.22415188688234 233.39729200000875 253.24546300001123 235.8411252933729 264.71255539427193 English 0
179.10760999999184 279.46743199998144 175.99277865010663 267.7010991756264 207.33775499997137 259.4037459999653 210.4526106164849 271.17004066405605 English 0
175.1458746525168 268.2006985010038 177.53383148206922 279.7800911537198 111.35085800000525 293.4275869999775 108.96299461790477 281.8482759995721 English 0
485 278 523 278 523 295 485 295 English 0
523 275 547 275 547 289 523 289 English 0
549 270 590 270 590 284 549 284 English 0
590 269 601 269 601 280 590 280 English 0
603 263 637 263 637 278 603 278 English 0
476 218 543 218 543 249 476 249 English 0
451 248 543 248 543 280 451 280 English 0
546 238 586 238 586 268 546 268 English 0
546 205 621 205 621 239 546 239 English 0
589 234 634 234 634 260 589 260 English 0