4.881679999962216 161.6873340000086 -1.869904058476095 146.26537183665587 28.24297999999544 133.08245300001101 34.9945724587451 148.50438722622042 Manipuri 0
33.60519890251453 151.3906497136463 39.6252391388407 164.11751082973 8.276590721507091 178.94565156050473 2.2565821675379993 166.2188173793815 Manipuri 0
276.947186000034 183.18470300002517 270.43566514126724 167.16112842036284 337.4073340000177 139.94620400000517 343.91888047197426 155.96970901486577 Manipuri 0
396.72786651572096 114.1298401084384 404.3584333893523 130.49658600839157 346.5530193188897 157.44637139066515 338.92251406148716 141.07967780576533 Manipuri 0
245.8879380000144 246.09551500000376 230.89772734470898 207.4389300881744 385.81644300000335 147.36585700000123 400.8068420262862 186.02196658190107 English 0
405.53588700000546 184.17278899997487 391.6688008653 140.0013936562925 450.8478509999986 121.42314099996923 464.7150219042669 165.59437804690998 English 0
405.0552980000066 235.70533199996805 394.1806517603982 205.478504649542 462.43255399996997 180.92436200000603 473.30727830005344 211.15101871848867 English 0
232.03135900002962 298.92330200002965 222.80590772752475 272.55764519540054 275.26054199995997 254.20454399997618 284.4860651646741 280.57004939478026 English 0
281.0275289999845 280.8717860000262 270.94398339133477 253.4601184526004 391.87089099999866 208.97793899998416 401.9545803100482 236.38928577947928 English 0
268.86807700000645 305.4384819999981 263.3405169589241 290.5465219783589 309.1876300000149 273.53010499998976 314.7152242725133 288.4219864578254 English 0
348.6405967144674 276.5256990416689 314.72595200000796 287.0607199999898 310.64114529763174 273.91137948954815 344.55570103469654 263.37637335630575 English 0
399.76650565848104 245.18739199710353 404.2245030932827 260.69280890625845 351.2365819999832 275.9265360000272 346.77868129008857 260.4212017364986 English 0
402.72268513203016 236.57740913834016 415.18269499996677 235.33626300000304 417.272993894876 256.32009052080934 404.81298438891827 257.5612342600912 English 0
449.5219304717466 224.13424421878022 454.69327248982154 239.68046847487753 421.03903700000956 250.87476599998433 415.8677522659127 235.32859042782343 English 0
443.4338679999928 312.36869299998153 432.9953244193166 280.4187812503169 495.04336600002716 260.14785199997584 505.4820257370011 292.09754108347073 English 0
370.2556149999873 337.5434859999811 360.4953437756194 309.5294478899904 434.57528099999763 283.72120399998033 444.33567420594045 311.7349875185453 English 0
279.80386800001725 366.68908600000634 270.9782391628687 339.91595463504945 361.28672999999253 310.14842000000544 370.11252436059294 336.9212304735706 English 0
272.65848062459554 341.06325399766376 281.04921490892593 367.0012541894375 241.74099999996542 379.7157249999791 233.35043439845322 353.77786824670517 English 0
392.0681361404422 284.27862062010837 395.71292836648354 295.04454895483144 346.7063049999706 311.63442899997455 343.06158541716286 300.8685623694636 English 0
328.16477399996074 315.3944229999703 325.49909866160306 306.1229102304697 342.8812469999684 301.1256719999884 345.5469337585964 310.39716553491854 English 0
340.50212038695463 356.2518859281718 344.32146012542944 370.68609724244914 303.7452050000138 381.4214629999679 299.9259619150689 366.98733471860294 English 0
459.5889978022751 318.8661410601325 464.0036926764151 335.9921231580728 427.9678189999686 345.28047799999035 423.5532154712564 328.1545744728455 English 0
407.1258987180772 329.94351298324796 421.55595399999584 328.1833560000029 423.98354514094535 348.0834749933394 409.5534906688408 349.8436275283061 English 0
473.7361549094203 338.03076559763065 478.58279910942656 356.01193596940305 406.5078170000197 375.436749000034 401.6613798853359 357.4557561385479 English 0
383.99702420538233 365.8289066031579 388.3485091543844 383.5026030148174 339.6190270000079 395.4988740000243 335.26768731695483 377.82530283877304 English 0
402.636717399364 337.3541531136369 406.6576723716571 353.35190147289353 346.45191099996737 368.48261400002 342.4311071439297 352.48499586756856 English 0
329.67424915863376 381.43079024776387 334.6241415914119 398.07722495931563 282.30211200003396 413.633312999999 277.3523768222367 396.9870125181665 English 0
207.80354800001078 490.8852980000256 202.56777751164918 471.8600070630196 289.8797850000119 447.8351480000179 295.11574067466427 466.86013771836423 English 0
295.0703059999796 463.06745400003206 290.63840781782346 448.29491374340523 334.2484517300909 435.21335893982575 338.68041420042573 449.985786986739 English 0
343.0230660000234 450.1210149999872 337.69353786556167 432.4144348545212 383.7073319999763 418.56652499997466 389.0369384375663 436.2729676397328 English 0
524.317493098788 351.42490021934015 529.5274515771598 370.6282786400419 440.736012999987 394.7146189999733 435.5263400867989 375.51148554197937 English 0
427.95411310980853 380.27275338900483 431.3781764783198 395.07661992286035 391.8376033668028 404.2209510559865 388.41364100000646 389.41717200000573 English 0
337.2012492953945 409.4660501112645 341.23310854229203 424.5097182788784 300.27043900001445 435.48649300000994 296.2386964172765 420.44292496592436 English 0
244.93445100000827 434.7828709999922 270.95888211079 428.6806672866817 274.68209662270965 444.5570396485511 248.6576710738882 450.6592270929822 English 0
585.8323065256991 359.79485812190916 591.7205299802299 380.03399844615683 515.3892530000303 402.2383230000074 509.5012961077009 381.9994104416534 English 0
505.2831772870559 383.2550635999223 510.91001728680567 401.4398101393399 419.13592800003244 429.8328930000239 413.50939777112217 411.6484103988862 English 0
322.6445886061265 105.66767527719264 325.8087260334287 113.44839206001254 307.10499799999525 121.05444100000447 303.9408683741931 113.27373082718672 English 0
326.37293699997826 113.41622499996782 323.1695467966347 105.62043767419436 343.9508029999706 97.08121599997338 347.1541956628789 104.87699646833318 English 0
57.89241300000867 485.1621500000199 53.26299215135805 469.80889693140193 89.02477059018565 459.0274785244995 93.6542487481347 474.380630983685 English 0
62.29576400000951 505.8381259999903 57.51017669121211 489.7329918713432 92.19643800002814 479.4278929999751 96.98208690562751 495.53292025417795 English 0
447.8896449999593 58.27610799998804 444.3680936739838 49.075581253776534 470.72315600002185 38.98805300001093 474.24470928111987 48.18857503031015 English 0
472.6675609999802 61.69772700003289 469.5460121992073 53.57191124026371 486.6790519999631 46.990231999992496 489.8006020463072 55.116044745180616 English 0
489.02630549615424 34.06472117089833 491.88816584806773 44.09374071337632 475.5740589999914 48.74909100003046 472.712201682225 38.72007403358181 English 0
503.7809521849704 28.609971955788605 506.4434220444673 35.28778641369077 493.1903220000095 40.57184100001287 490.5278535877733 33.89402776914082 English 0