253.32280934686423 165.8249195867403 232.54196073998173 201.4873860453055 140.14196162148437 147.64574095776356 160.9228080000321 111.98349599998258 Manipuri 0
234.45777499997348 200.04870700002272 253.09120504032762 169.15086058752362 345.54498453522683 224.90472790731928 326.9118585984688 255.8023094158309 Manipuri 0
331.0485435822193 256.3861811548068 346.3209243658639 229.1708378704915 436.8681008450221 279.98028887503085 421.5960473044106 307.19534980215803 Manipuri 0
560.4982027295046 357.5103452448781 544.7719846721884 386.27161655001225 430.14523260993883 323.5999834153115 445.8714849999524 294.8391840000293 Manipuri 0
639.0730716177495 441.1964729827215 609.6680675700918 496.9288403188474 417.4589096858108 395.5272191615608 446.86412199996994 339.79673200001014 English 0
297.32424093403097 375.0725532505045 314.29920599999605 340.32234299998674 421.2410073760111 392.556045147962 404.26673730806215 427.3056622838632 English 0
406.25520036199305 312.2335230102055 441.25837540654175 314.8737223935656 435.0940329732839 396.59194401593794 400.0908611439081 393.9517731398427 English 0
200.05842489859788 388.98996114589943 216.9039679999696 354.6274850000235 309.6998362690647 400.1135517642123 292.8549039849895 434.47550689518545 English 0
376.1771664724074 430.7454753610995 360.5587099999684 464.48343100002 298.7142047726229 435.8570734188365 314.3327539999882 402.11948799996804 English 0
358.2367894480558 464.1099439633913 374.89606736526184 430.9368060794062 467.8375235579733 477.60354769709244 451.1789549774403 510.77607933398264 English 0
560.4348904985818 528.0122243445077 546.8891263484693 555.0421234414613 441.6921386409376 502.3329605121445 455.2380070000072 475.30366800001286 English 0
536.852131037158 550.8390551712329 549.0834236746014 523.2742570068535 609.0728415138437 549.8872864114851 596.841985157007 577.4517141448882 English 0
66.41783499995654 329.36660899999373 83.1929871632019 293.04426300923024 210.82173565679113 351.9831280721419 194.0473449703859 388.30482650924245 English 0
33.10242200001085 175.84833800000092 64.9987622743356 117.21732089501911 424.889982494642 312.9949171626881 392.9962056891236 371.6237288897258 English 0