162 282 264 282 264 317 162 317 Manipuri 0
275 270 356 270 356 300 275 300 Manipuri 0
388 261 407 261 407 281 388 281 Manipuri 0
43 310 296 310 296 381 43 381 English 0
308 282 472 282 472 338 308 338 English 0
185 414 322 414 322 450 185 450 English 0
326 406 380 406 380 427 326 427 English 0
392 397 440 397 440 417 392 417 English 0
529 467 547 467 547 478 529 478 Manipuri 0
547 464 569 464 569 478 547 478 Manipuri 0
570 460 594 460 594 473 570 473 Manipuri 0
515 475 601 475 601 514 515 514 English 0
481 518 508 518 508 537 481 537 English 0
547 523 565 523 565 534 547 534 English 0
565 522 580 522 580 531 565 531 English 0
580 518 604 518 604 529 580 529 English 0
532 537 549 537 549 549 532 549 English 0
508 540 531 540 531 554 508 554 English 0
493 542 507 542 507 553 493 553 English 0
447 544 492 544 492 561 447 561 English 0
430 486 513 486 513 524 430 524 English 0
385 498 428 498 428 526 385 526 English 0