310 387 358 387 358 425 310 425 English 0
366 382 434 382 434 419 366 419 English 0
57 451 171 451 171 557 57 557 English 0
184 409 640 409 640 543 184 543 English 0
297.3940750134352 393.21586904846686 301.90820468153106 427.5208567160609 183.65642604861932 443.07790223366976 179.14299900003243 408.7735480000336 English 0
318 551 371 551 371 602 318 602 English 0
379 546 428 546 428 597 379 597 English 0
164 565 202 565 202 612 164 612 English 0
509 536 584 536 584 588 509 588 English 0
473 540 500 540 500 589 473 589 English 0
73 332 218 332 218 401 73 401 Manipuri 0
232 305 557 305 557 385 232 385 Manipuri 0
32.86102733021835 432.4709869658281 16.097259489033604 437.44359415946974 -4.1869293310446665 369.06895721447023 12.576504000026034 364.09640299999785 English 0