173 308 259 308 259 357 173 357 Manipuri 0
268 298 339 298 339 347 268 347 Manipuri 0
352 292 451 292 451 341 352 341 Manipuri 0
58 355 278 355 278 471 58 471 English 0
289 344 401 344 401 444 289 444 English 0
410 323 578 323 578 431 410 431 English 0
137 455 352 455 352 512 137 512 English 0
355 450 406 450 406 485 355 485 English 0
411 435 526 435 526 482 411 482 English 0
231 519 271 519 271 545 231 545 English 0
327 516 352 516 352 533 327 533 English 0
419 505 445 505 445 526 419 526 English 0