114 383 135 383 135 418 114 418 English 0
134 375 189 375 189 415 134 415 English 0
193 375 223 375 223 407 193 407 English 0
224 362 276 362 276 407 224 407 English 0
275 355 328 355 328 396 275 396 English 0
327 336 453 336 453 393 327 393 English 0
131 256 423 256 423 379 131 379 English 0
6 298 120 298 120 386 6 386 English 0
0 270 42 270 42 306 0 306 Manipuri 0
60 55 84 55 84 80 60 80 English 0
35 86 49 86 49 102 35 102 English 0
266 95 280 95 280 110 266 110 English 0
268 106 281 106 281 120 268 120 English 0
282 103 297 103 297 115 282 115 English 0
171 99 200 99 200 118 171 118 English 0
134 103 151 103 151 116 134 116 English 0
152 82 184 82 184 99 152 99 English 0
229 12 262 12 262 36 229 36 English 0
55.433512999952654 114.8813369999767 54.795954732981045 103.90539113087699 115.13122900702001 100.40067356165734 115.76881218250492 111.37659285971439 English 0
56.51843642575841 124.07514906390222 55.62438500004646 111.53760800002686 116.84231845873 107.17213905566233 117.73640040511964 119.7096469090615 English 0
248 100 265 100 265 113 248 113 English 0
254 112 268 112 268 124 254 124 English 0
50.05861700003152 301.00026500000786 47.497287301011966 273.17773024265836 180.8501844341663 260.9013120410449 183.41186310841294 288.72345549527927 Manipuri 0
45 246 69 246 69 257 45 257 English 0
71 243 98 243 98 254 71 254 English 0
99 243 113 243 113 251 99 251 English 0
114 241 129 241 129 250 114 250 English 0
92 253 112 253 112 260 92 260 English 0
115 247 149 247 149 259 115 259 English 0
174.8152164396015 32.274165948619675 174.32490517683618 50.17939898689514 142.69407042098464 49.31321947507949 143.184390000024 31.407994999971326 English 0
127.17962856047961 32.88909968126408 126.7141859918047 46.44122798457598 93.82764719135594 45.311742836301434 94.29309599996486 31.7596209999758 English 0
215.6628356732108 33.811958525367636 215.22126600000774 49.06275699999937 176.6602106858045 47.94625062699449 177.10178900000756 32.69546100002786 English 0
177 16 200 16 200 32 177 32 English 0
248 33 265 33 265 43 248 43 English 0
246 44 257 44 257 53 246 53 English 0