61 431 195 431 195 488 61 488 English 0
0 435 49 435 49 481 0 481 English 0
74 490 95 490 95 504 74 504 English 0
101 488 152 488 152 504 101 504 English 0
0 486 66 486 66 503 0 503 English 0
41 523 85 523 85 536 41 536 English 0
92 523 124 523 124 535 92 535 English 0
2 524 34 524 34 536 2 536 English 0
49 507 78 507 78 519 49 519 English 0
82 508 111 508 111 520 82 520 English 0
0 505 47 505 47 518 0 518 English 0
124 408 145 408 145 424 124 424 Manipuri 0
150 410 194 410 194 425 150 425 Manipuri 0
287 516 345 516 345 552 287 552 English 0
347 510 418 510 418 550 347 550 English 0
370 486 436 486 436 513 370 513 English 0
440 484 483 484 483 509 440 509 English 0
569.1224506965955 507.0272068014622 570.3843639999832 543.1410129999645 442.08635214301466 547.6210880862494 440.82537800000864 511.50819100001144 English 0
321 297 352 297 352 320 321 320 English 0
358 297 435 297 435 325 358 325 English 0
168 289 316 289 316 325 168 325 English 0
183 194 234 194 234 224 183 224 Manipuri 0
297.19956200002343 276.6799949999674 298.47881900968787 222.12259396023416 574.4505569834291 228.59052726113904 573.1727488733304 283.1464981119949 English 0
30.91882799999439 269.1866609999828 32.776844660693314 217.33872995278702 283.5597643231449 226.32317359269075 281.7029876943707 278.1698976927387 English 0
245.8847689999675 221.73709400000718 246.33690457259945 197.60247765262415 430.1655846371432 201.04504703913605 429.7138045955944 225.17931423481753 Manipuri 0