235.88700909931504 306.3125642399529 221.23097267387493 423.93149999659306 14.756157000010717 398.2017339999935 29.414915601810208 280.5860335299389 English 0
247.1327449999808 420.96982499998285 254.5028756262036 311.5858249654048 409.99522861609876 322.06131648234145 402.6276010883157 431.44293824609525 English 0
405.56150350654207 437.4938313916803 412.306441000037 338.1842980000229 635.9550243997364 353.37071143682704 629.2135663502995 452.67693787562257 English 0
115.2978030207305 286.74419211673563 118.83915500002331 255.33948400003266 217.6331897865748 266.4790646865148 214.09218944900203 297.883450501669 Manipuri 0
234.48772706484306 302.74073803914257 239.47668300002988 271.61860699999625 314.1291659925628 283.58468700005153 309.140498136112 314.7065610844064 Manipuri 0
444.7031129915558 302.55139278593066 441.13433887192514 331.0874731720468 329.5197010845004 317.1288438467601 333.088790000038 288.5931319999974 Manipuri 0
349.718347813905 429.88721213509706 346.5962839999702 502.75441200001274 57.39569100354856 490.3565415251649 60.52119767977274 417.4929718247257 English 0
354.1117977351678 500.4701815199007 356.8624049999926 445.9032069999812 463.05135209549917 451.2546481716402 460.3018198256177 505.820593562951 English 0
462.0291522412299 507.3522753725635 469.3328298159031 446.4752963022594 642.8405476603075 467.28665555755504 635.5389903975447 528.1616976679088 English 0
41.389173999996274 544.485850999974 43.12484485031746 494.6392995559003 150.46650412434246 498.3755901864527 148.73190576290654 548.2211059197375 English 0
156.29033898221678 548.3038575349248 158.58159299998078 495.70199899999204 268.1319890157465 500.4723089691489 265.841905738489 553.0730414853927 English 0
270.1182591306133 548.8936833909953 272.19798599995556 505.21127799998067 366.8640834047983 509.7170089854217 364.7852084146871 553.3985960707932 English 0
363.58305441463017 551.0844306227359 366.0505759999796 510.3625629999792 451.99044740111276 515.5686086454052 449.52365963537886 556.2897799582681 English 0
444.67046365905844 554.3054923347847 448.53159139900526 513.3485909529068 541.7497461530002 522.1343813256365 537.8894478270377 563.0905098825461 English 0