258.27206395006215 188.6088538027645 252.63150300001143 230.8166979999655 132.50135922702611 214.76253869543626 138.14224200003082 172.55507600001994 Manipuri 0
512.1361895050359 245.74942068116906 501.2084819464508 293.114901328347 255.179195024175 236.3526027074821 266.10764299999573 188.9881880000305 Manipuri 0
519.382207260569 250.3266264053444 640.1088114218874 271.80599841130277 634.0149415192718 306.0551269250941 513.2883618673077 284.5758324721256 Manipuri 0
119.13261602952844 299.2547796852464 132.2509629999695 222.39887099999356 294.302718377221 250.0571071739607 281.18583027579007 326.9117147921534 English 0
523.47550235776 295.217706839598 511.1301800000365 363.30472200001304 275.78097258003254 320.63088654250777 288.1277330000012 252.54572099997557 English 0
506.3321657004417 361.7664873243601 517.201997000011 291.01885199997326 646.5811117640988 310.8946769417323 635.7125649116642 381.6411890077503 English 0
286.207088268784 367.6190852155434 157.83951399993384 348.22367500000223 163.001268045482 314.0676076849658 291.3677364105388 333.4629328600508 English 0
287.19990499841515 368.57910974768737 293.64552599996387 334.19618600001166 388.4950771777221 351.975209984318 382.0499610683328 386.35768920872886 English 0
387.7992914196511 379.24812130038947 392.00862500001676 349.62857399998705 436.81733367928246 355.9958281718441 432.60820402327226 385.6151919065229 English 0
485.51886294895667 396.0107976068236 434.5121011594165 390.8398754328278 438.1467829999747 354.9934119999977 489.1530334906565 360.16430798376007 English 0
558.5702904693608 375.6727044448876 553.850872999974 405.85508399996525 486.2426756331115 395.28434726484227 490.96233199998096 365.102263000021 English 0
57.542238801543135 131.63291858535933 53.21873286142363 150.48335775745807 12.978085460854345 141.25389353859504 17.30161899999075 122.40349300001313 English 0
99.41564245615155 243.62666291951595 76.00740091125772 251.9726462802939 50.5925285374542 180.69286849914394 74.000515000007 172.3469350000032 English 0
65.18901299998106 320.359493 51.89384058605356 312.98288699827987 83.29018099997484 256.39969800000637 96.58520604447403 263.77625314033514 Manipuri 0
0.02688300002773758 335.0497969999774 -2.3090765888628084 300.04311295949884 52.46096710769052 296.3886513317448 54.797136764391325 331.3951021580953 Manipuri 0
55.5695950651716 126.00523348616626 71.10456299997168 132.5813899999943 60.49445750642917 157.64545207810437 44.95949500000279 151.0693049999892 English 0
74.45692577246518 164.8936656900513 67.23037213268981 192.2540752205629 6.663271402721875 176.2570074004376 13.88989400002174 148.89670600000332 English 0