350 399 427 399 427 448 350 448 English 0
195.92987449344946 554.8338454645095 129.6310480000102 548.3125390000008 167.14526201758417 167.00917786343467 233.4365969999635 173.53008999999875 English 0
117.0365115950699 559.9711231125405 27.234720999986166 549.0870309999971 72.37027093135111 176.77374560953265 162.16194400003587 187.65717900000016 Manipuri 0
236.86821399998735 343.5271079999981 228.3062681654701 276.9496715611965 393.2545630000095 255.73757499999584 401.81755399542453 322.31377327017185 English 0
237.64414999997825 262.41488299997184 223.23911965169827 166.752322279088 610.8305429999746 108.38525399998211 625.2376894061308 204.0452080178249 English 0
406.2698989999626 316.595584000007 398.2379254812986 245.17682271596587 585.7748110000102 224.08583499996925 593.8079638894851 295.50323726272586 English 0
458.5008798589115 330.31137413216095 464.9926180654438 373.7264244368516 263.28144441482436 403.8813463097503 256.79105373674247 360.4674998291043 English 0
477.64677200000733 369.9327759999665 472.02155165367003 329.96618704286607 630.2522201951069 307.69612226333896 635.8781099131738 347.66191395705226 English 0
223.1780450000224 467.96563100003146 218.49935078949784 422.8194042158174 332.95483499998227 410.9589490000333 337.63427709745883 456.1043244016072 English 0
440.58695500003523 440.16419099999314 435.45645164085727 392.91999234284685 596.5709690000222 375.4244070000342 601.7024872714683 422.6674450926258 English 0
295.3734229999827 511.06963699999835 291.87336498653167 466.2768927280973 440.3336329999729 454.6769860000256 443.8347849695856 499.468529584163 English 0
459.4787399999768 494.29316800003346 455.67741483973805 450.3599185735248 592.2697840000183 438.5420469999894 596.072052173331 482.47425084724597 English 0
605 216 640 216 640 286 605 286 English 0