202 253 486 253 486 349 202 349 English 0
234 334 360 334 360 379 234 379 English 0
368 318 461 318 461 355 368 355 English 0
225 373 321 373 321 405 225 405 English 0
323 362 379 362 379 388 323 388 English 0
381 355 429 355 429 379 381 379 English 0
431 345 479 345 479 370 431 370 English 0
256 219 355 219 355 276 256 276 Manipuri 0
351 190 481 190 481 261 351 261 Manipuri 0
207 10 316 10 316 53 207 53 English 0
321 0 379 0 379 30 321 30 English 0
605 437 640 437 640 472 605 472 English 0
253 4 274 4 274 13 253 13 Manipuri 0
275 3 284 3 284 11 275 11 Manipuri 0