85 458 219 458 219 518 85 518 English 0
14 480 76 480 76 527 14 527 English 0
105 525 126 525 126 539 105 539 English 0
130 516 181 516 181 533 130 533 English 0
18 529 97 529 97 548 18 548 English 0
76 560 120 560 120 574 76 574 English 0
127 554 159 554 159 566 127 566 English 0
38 568 70 568 70 581 38 581 English 0
82 544 111 544 111 557 82 557 English 0
115 540 144 540 144 553 115 553 English 0
20 550 81 550 81 564 20 564 English 0
141 435 162 435 162 452 141 452 Manipuri 0
167 432 211 432 211 448 167 448 Manipuri 0
321 513 379 513 379 550 321 550 English 0
379 497 450 497 450 538 379 538 English 0
397 471 464 471 464 499 397 499 English 0
466 459 510 459 510 485 466 485 English 0
595.3121225840732 465.75375196839684 602.2086609999678 501.22503200001233 476.1918813735974 525.7195946382841 469.2962990000524 490.24915400003556 English 0
319 294 351 294 351 318 319 318 English 0
355 285 432 285 432 314 355 314 English 0
167 300 315 300 315 339 167 339 English 0
167 212 219 212 219 243 167 243 Manipuri 0
290.7035320000432 280.7801109999796 283.4319664062059 226.69501645640523 557.0178975952876 189.9110949583839 564.2905574968609 243.9948651635211 English 0
26.528939999989234 315.03451599997686 20.252967879496282 263.5338473371423 269.3537855880277 233.17706878753415 275.6308839380654 284.6764101329055 English 0
231.42554500002007 234.54105000002204 228.09649924354744 210.63285946254896 410.200488834962 185.27583455475394 413.5298204643914 209.18368183734503 Manipuri 0