323 98 384 98 384 167 323 167 Manipuri 0
274.23320544243325 87.30774012376214 281.02970264510077 164.9756599622496 135.51348507229704 177.70837908013561 128.71758399996907 100.04100499998032 Manipuri 0
76 415 181 415 181 478 76 478 English 0
37.28948993331869 290.3248426770566 32.19278199998371 195.94138400003385 363.9400883780763 178.024245985021 369.0393688289623 272.4049498287484 English 0
70.68161700000928 381.20280499996386 66.07762258419825 320.2362126213526 198.46811024981434 310.2387801783109 203.07305798385642 371.2043301940439 English 0
204.86431999997876 370.0438459999867 197.82529563774006 310.49937316849343 354.75815447352943 291.948172024182 361.7981775874796 351.49148089804885 English 0
288.08627084697946 402.8231466292674 292.8939964181336 459.6490023262249 201.4783680000255 467.380935999968 196.671546294383 410.55591923829326 English 0
203.7207180882251 484.2253831674718 206.14023930909752 536.0833833659707 98.83806199999526 541.0870489999927 96.41964693284535 489.23010417009243 English 0
103.49717699995381 547.8321730000017 201.2679938346264 542.3150667860217 204.32356066252396 596.451212428622 106.55274931617896 601.9682550135767 English 0
209.28244100003212 526.9843970000142 205.4940076018829 466.9840065939102 335.4823939999915 458.7771750000308 339.2721619457734 518.7761281626472 English 0
205.1728130000265 585.7548190000106 200.7659670495923 526.3423151584386 307.3665610000171 518.4366620000154 311.7746043376246 577.8478556012418 English 0
346 462 410 462 410 518 346 518 English 0
342.66974700818537 576.1072663628938 345.78873682796257 620.9550961274983 205.44992700000876 630.7094910000275 202.33243861046503 585.8630723733502 English 0
426 155 482 155 482 271 426 271 English 0