389.5669656780956 163.30890617304843 289.4435577159311 149.71823027209666 293.2895269999426 121.3862919999953 393.41263486028765 134.9769471892218 Manipuri 0
452.85177508594643 144.71164938379167 448.7875560000248 177.1691700000195 383.4302606646088 168.98531973019897 387.4945860000298 136.52792300002994 Manipuri 0
164.08173059848195 98.45067594506672 193.6794581622962 98.64420110088662 192.6818340000318 251.217851 163.0841064505512 251.02432776959344 Manipuri 0
460.85796828781895 176.76763445544626 452.0777719999751 244.76334000003294 292.50228533594054 224.156841971263 301.2831720000395 156.16194599997834 English 0
445.53946793625073 244.05477203151008 451.17779000000155 179.47485499997964 645.6369840187836 196.45105996254597 639.9997739049286 261.0299461131228 English 0
222.74844208230206 223.25898760305728 277.7061192499241 229.5449197788157 275.3001380000205 250.57945700000397 220.34246276140038 244.2935365403756 English 0
499.69634481763933 176.02766258386853 502.8589500000089 152.0798840000298 561.3210071438516 159.800318110976 558.1584996822494 183.7480082809995 English 0
578.1773083728331 184.07843866520082 559.8833467117947 184.3650083958428 559.5737499999814 164.59993999999972 577.8676648080727 164.31337063625492 English 0
576.143586022954 185.29124912969505 578.6816220000037 165.4014559999938 610.8078832007595 169.500821507249 608.2698941422132 189.39057206967954 English 0
386.19199699998717 258.33377099997153 388.2887267600745 236.55380847858564 449.20751094425214 242.41801309691127 447.1109156192688 264.19785121195326 English 0
549.2898569367389 252.66828767462695 547.4086440000247 274.418858999984 448.2805499152164 265.8450997901399 450.16195099997276 244.09473700003232 English 0
629.0418801889609 260.3890235400031 626.9639309999911 283.1897200000118 549.2875368582463 276.1106502483754 551.3656450000417 253.31013100003537 English 0
471.11472600001434 287.7961160000033 470.59803366675624 268.5817076553729 492.6858958273806 267.98777768174955 493.2026308348577 287.2021420441431 English 0
248.4945596561738 122.53097728192684 258.97660298891424 129.90609269172708 232.84492643921112 167.0457134669702 222.36289780048537 159.67061608068772 English 0
264.66517810222285 166.43262672028018 248.69024387997342 142.12568463954412 260.4544903222268 134.39416426562897 276.42942099999345 158.70108699997718 English 0
225.38967799999227 206.45706599999085 237.49966041519656 200.07987936341868 244.22292736031523 212.84664776917072 232.112949897637 219.22382721352216 English 0
240.61295199993765 201.64058900000012 251.36418676825997 201.59708034099097 251.42695069269394 217.10590339382867 240.6757159247354 217.1494120003045 English 0
248.2573476312973 214.55795156231198 253.43411100002413 200.9332249999838 279.0245768895693 210.65608599523273 273.84784836205654 224.28078299815783 English 0
274.4638271421718 204.00767254829378 260.50255408510566 203.03142845039557 263.3300706513546 162.5968325910009 277.29126699996414 163.57307399999775 English 0
223.71771099999023 167.31174600000938 232.75709010420542 164.80229914480822 241.0820888014132 194.78941289941304 232.04271181399236 197.29885449343516 English 0