331 283 361 283 361 306 331 306 English 0
363.66052299999865 298.3364549999822 360.5415072588221 274.83436096252024 412.4299869999959 267.948457999968 415.5491117847123 291.45042209546557 English 0
416.4941330000147 286.8383029999936 412.72397716675187 264.4134431212893 460.09109999999055 256.4502749999934 463.8613418332534 278.87502567366533 English 0
354 209 376 209 376 231 354 231 Manipuri 0
379 207 403 207 403 227 379 227 Manipuri 0
409 199 423 199 423 221 409 221 Manipuri 0
427 192 441 192 441 219 427 219 Manipuri 0
444 193 457 193 457 213 444 213 Manipuri 0
167 355 194 355 194 371 167 371 English 0
196 356 212 356 212 364 196 364 English 0
212 350 233 350 233 363 212 363 English 0
235 346 249 346 249 358 235 358 English 0
252 342 268 342 268 356 252 356 English 0
270 338 293 338 293 352 270 352 English 0
196 266 222 266 222 284 196 284 Manipuri 0
224 259 258 259 258 278 224 278 Manipuri 0
186.34352900000522 347.85478200000676 181.4474575638451 316.8162297775368 274.14171099997475 302.1952899999991 279.03806623711716 333.23348919605394 English 0
176.86890400000266 313.43456599998666 172.3135937609186 288.93309199948635 278.5632070000429 269.1799600000031 283.11873604456196 293.68114630454056 English 0
331.6210950000095 281.82414799999043 323.9084415946854 238.31901966709736 458.89690700001665 214.38857499999074 466.60998883300635 257.89315081065945 English 0
399 293 427 293 427 308 399 308 English 0
463.95001988530566 282.5264282122544 467.292487335435 296.09032020366453 428.26229400001466 305.70755900000904 424.91989562651725 292.1437266365993 English 0