258 189 284 189 284 218 258 218 Manipuri 0
285 185 309 185 309 218 285 218 Manipuri 0
247 336 336 336 336 384 247 384 English 0
174 352 230 352 230 393 174 393 English 0
186.03398023929913 343.4169896797301 174.03508099996543 224.21776100000199 314.79387337989465 210.04924814433818 326.7943110685155 329.2467261671067 English 0
375 200 390 200 390 241 375 241 English 0
388 199 401 199 401 241 388 241 English 0
348 251 396 251 396 296 348 296 English 0
396 245 446 245 446 292 396 292 English 0
394 312 418 312 418 336 394 336 English 0
444 182 466 182 466 208 444 208 English 0
465 181 492 181 492 213 465 213 English 0
493 184 510 184 510 209 493 209 English 0
509 185 529 185 529 211 509 211 English 0
507 256 521 256 521 274 507 274 English 0
521 256 533 256 533 272 521 272 English 0
519 278 537 278 537 295 519 295 English 0
478 332 504 332 504 352 478 352 English 0
504 333 510 333 510 346 504 346 English 0
510 330 517 330 517 344 510 344 English 0
466 337 479 337 479 352 466 352 English 0
0 288 50 288 50 319 0 319 English 0
504.94506338967767 479.03971309218423 509.3756924373156 495.01310362894833 464.78751154652855 507.37827164316036 460.3570405462233 491.4050164217323 English 0