577.3984949741134 70.65093079252945 564.2668092742679 105.24013177695282 453.75933298448217 63.28624285834535 466.89106099998753 28.697142999969415 English 0
494.58007085828285 100.19538188845054 500.198859000011 83.50339099999148 544.5980690287979 98.4487468050443 538.9793148922035 115.14070879395 English 0
412.9954822141008 389.1302884538454 393.2447401723766 387.2268260648441 395.0328147671098 368.67591959336943 414.78345399998943 370.57937699999786 Manipuri 0
256.0944980158092 358.52977277031863 254.90474365993578 374.1816061524799 222.94097429716203 371.7520593154644 224.13079099998868 356.1002939999855 Manipuri 0
496 319 514 319 514 340 496 340 Manipuri 0
510.7457952407276 338.2866372799219 514.8474459999852 323.8291110000196 541.0231777264562 331.25463284580525 536.9215842212725 345.7121100926716 Manipuri 0
522.4044570225669 344.6550497968823 517.4322869999742 369.69478999998717 463.8677889763494 359.0591435247854 468.84009200002765 334.0195819999945 English 0
516.08698282158 370.0903059316605 521.7437300000165 347.62631999998223 570.2323572106252 359.83517932847656 564.5757869171211 382.2990127491025 English 0
444.59992045951367 370.8394307567556 448.3193670000037 356.9144920000291 489.78832862645504 367.9899559640017 486.068977701143 381.91481259374063 English 0
513.7855108205258 373.2318715744568 510.6615089999832 386.80956699999433 487.11295927438186 381.39195246709875 490.2369929999986 367.8143030000343 English 0
509.31165489702835 385.5438661488972 512.9422319999867 372.5441150000029 546.2396139828343 381.8423790673784 542.6091117486067 394.8420660625414 English 0
540.1780936664 392.7066782097193 544.2512810000335 380.2712289999784 567.8476866801793 387.99926819231496 563.7745520858152 400.4346725333582 English 0
563.4121791377402 398.45343198177 566.3377870000113 386.94207899996877 585.5210753675055 391.8169385095189 582.595506377038 403.328257994244 English 0
460 445 475 445 475 471 460 471 English 0
474 445 485 445 485 472 474 472 English 0
484 448 504 448 504 476 484 476 English 0
509 453 533 453 533 482 509 482 English 0
533 458 546 458 546 481 533 481 English 0
545 460 580 460 580 489 545 489 English 0
22 312 67 312 67 339 22 339 Manipuri 0
71 321 116 321 116 347 71 347 Manipuri 0
44 347 175 347 175 428 44 428 English 0
5 423 33 423 33 441 5 441 English 0
35 424 55 424 55 443 35 443 English 0
58 426 98 426 98 446 58 446 English 0
100 431 123 431 123 448 100 448 English 0
95 450 118 450 118 466 95 466 English 0
55 446 93 446 93 465 55 465 English 0
24 443 52 443 52 462 24 462 English 0
6 444 22 444 22 460 6 460 English 0
0 463 35 463 35 486 0 486 English 0
35 467 71 467 71 490 35 490 English 0
72 470 92 470 92 489 72 489 English 0
95 470 108 470 108 491 95 491 English 0
111 472 127 472 127 490 111 490 English 0
4 342 41 342 41 416 4 416 English 0
272 371 287 371 287 386 272 386 English 0
288 387 303 387 303 398 288 398 English 0
280 421 294 421 294 433 280 433 English 0
294 419 314 419 314 433 294 433 English 0
303 370 318 370 318 383 303 383 English 0
287 371 302 371 302 386 287 386 English 0
286.30871299996215 501.0750260000224 286.0792167955515 488.4556904733665 309.3454789999669 488.0326219999831 309.5750282041263 500.65190352600746 English 0
307.22531363040616 405.4379883597935 308.4433032626839 415.2813722646256 288.5437439999805 417.74332400001356 287.32578762457706 407.8999702941376 English 0