118.59638755071501 299.95104039130945 93.59309282655886 303.02087885330445 89.69336499998462 271.25957099999914 114.69649207749171 268.18974293040736 English 0
135.8297585395485 361.42010744922015 95.43685407799785 367.2813994864124 90.20178461054456 331.2060725533701 130.59431599998788 325.3448080000005 English 0
215.2490254653094 255.75916473304278 213.57134800004133 230.07790199998627 246.2088939842215 227.9458755557425 247.88664162435452 253.62706247738316 Manipuri 0
281.6847931942175 228.89450001301864 283.71470999998564 250.12343700000025 250.18622243384016 253.3292178120905 248.15637499996228 232.10034500000154 Manipuri 0
239.33057356487552 318.3621163668391 173.64460974844405 327.2730445473289 164.67528200002562 261.1573839999958 230.36031309136888 252.24652000151283 English 0
331.9561553058884 248.76578090988178 338.49165699997684 312.35612499998797 244.62276884441962 322.002099698168 238.08795899996767 258.41239100000814 English 0
224.6572409980581 323.64635709497145 244.89846114338434 321.16125510784434 247.28167399996892 340.57102399999957 227.0404549648083 343.0561199841667 English 0
258.50701631003176 319.45245749416006 262.7905460430338 341.22205581975766 248.90564499997708 343.9538819999922 244.62215856234252 322.184321635335 English 0
264.22343641861517 338.4989155666317 261.098878000048 321.8587630000122 288.7885509966145 316.65980772815794 291.91315285046585 333.29990310960613 English 0
307.53428878757404 316.1571616772749 310.0260960000014 336.449233999985 292.5631570589758 338.5934156021183 290.0713976014231 318.3013865793291 English 0
226.89763599999424 358.29846200002385 226.76718529342907 343.23982280222305 242.46236788851093 343.1038691294965 242.59284915176977 358.1624775116029 Manipuri 0
264.71019664764754 354.55122285546634 243.5182196808455 359.01570082050085 239.65582320743124 340.6830991786593 260.8477010000206 336.21863199999274 English 0
292.6005473497935 352.02228759027616 264.7008674308745 354.7007264580037 263.25622299234965 339.6535206462987 291.15579499994055 336.9750870000033 English 0
224.2559231427731 358.7563930632836 255.71072657461627 355.7111082368474 257.67642500002694 376.0128440000006 226.22162280975317 379.0581203365989 English 0
252.277854999993 354.28659799999946 279.1996164739976 349.42225103990177 283.94914848540793 375.7060286307856 257.0273917073064 380.5703579438265 English 0
279.6301171110099 354.22688211308497 294.3682650000119 350.0141100000012 300.7286834994011 372.2635419888785 285.9905410230567 376.4763009300895 English 0
298.96797482084366 376.36791527002003 293.45991917609354 349.3920495008772 306.4550749999762 346.73890800003363 311.9631659906736 373.71472559382835 English 0
324.10121868393617 372.33472341401443 308.8573033986904 374.906149431799 304.41683540491795 348.5844488322498 319.66064400003233 346.01303199999927 English 0
387.8014597085712 234.65642220428705 391.3478777502314 248.40639455128974 363.77356600001804 255.51803799999263 360.2271894100704 241.7681013220752 Manipuri 0
411.32702907132625 242.5146664748916 415.9100571001909 257.2690180554843 397.3296040000423 263.0402110000249 392.74660762144777 248.2858863836771 English 0
411.5810749999946 257.7080929999724 409.1977702095028 238.29829260160918 420.7074477524293 236.88510242032592 423.09077025238366 256.2948820551396 English 0
436.25993485431536 251.99121674680896 421.69315051876765 254.4839527448153 418.8411606114096 237.81841415236912 433.4079010000278 235.32568199999497 English 0
430.19922800915083 261.6909756300618 435.3754835386644 276.0535431881805 416.5287972008082 282.84545944988605 411.3525759999902 268.48292100001504 English 0
427.96271205203084 266.44345187969554 412.9332670299482 268.65098827654236 410.4781622709561 251.93671878634163 425.5075589999615 249.72918600000426 English 0
528.8366393627075 208.70106238326787 528.757820000028 184.2133550000342 571.0475114971632 184.07721220151103 571.1264062414557 208.56484395219775 English 0
609.5179135512444 189.37587572918636 607.4606459999632 215.74582100002448 563.5874514400348 212.32301314884063 565.6447979999939 185.95315399999376 English 0
418.54860699997516 298.0485449999922 414.68879337488033 284.60817843910456 439.00454499998887 277.6255860000245 442.86438024610106 291.06591596635957 English 0
451.60226650128607 334.29032913289836 454.6325513069314 350.6504739253083 425.93651333256275 355.96509366918406 422.90629800001625 339.6050099999894 English 0
528.0413759999647 280.12670300000434 539.371447393205 278.5491065028954 541.9462457588088 297.03981335982144 530.6161750186584 298.6174066935957 English 0
548.0341966831475 295.87183379879974 542.125875999991 297.204193000003 538.5250843017275 281.23750286142234 544.4333850000112 279.90514599999204 English 0
584.839463313765 168.4975973352885 582.0570800000132 189.3113649999864 543.1544017061242 184.1109023340639 545.9368299999915 163.2971879999985 Manipuri 0
518.9860335375852 224.58340784100332 518.7251419999666 204.25206300003498 553.4398537447123 203.80660265633975 553.7008008088742 224.1378910214149 English 0
570.2594615716225 208.47093180434726 569.1074549999757 224.9328220000297 546.9167353097873 223.3799298778716 548.0687690000195 206.91806899999236 English 0
595.3975868687849 210.5319241862494 593.4622590000072 226.42024899999842 565.9123006845766 223.06450836189978 567.8476590000355 207.17621899996817 English 0
610.7799132642685 211.6285447570089 610.2762290000101 228.83357500000247 587.5561457393633 228.16842134290025 588.0598610000015 210.96342299997622 English 0
606.864351999975 213.1323430000005 622.8442400470522 212.0100603648794 624.0953389999777 229.82349500000257 608.1154511283967 230.94577598392047 English 0
554.1024487996765 273.3445209371942 557.35253368759 299.8124170868604 546.2396930696559 301.17689350218905 542.9896429999644 274.7090289999844 English 0
551.4291709999816 273.67278500000583 560.2648324129405 271.29859226735226 568.6182989714143 302.38452099786264 559.7826407615503 304.7587055412125 English 0
581.7071648206911 301.2998572544799 566.5209642350965 305.106823354167 559.514163000058 277.1578949999935 574.7002736721333 273.35094071279906 English 0
586.2176089562126 305.2238773296258 577.2913331535528 274.1415964112158 593.6355275996902 269.4481378093044 602.5618370000302 300.530362000004 English 0
593.8744069999666 274.7301150000054 602.4311937292077 271.9818312379108 613.5485819361929 306.5937286041699 604.9918001513288 309.342001539381 English 0
640.5143741961365 304.61638157496066 608.7791319705138 308.51274417969773 604.7964642174338 276.0755268660822 636.5314850000141 272.1791779999962 English 0