0 51 9 51 9 74 0 74 Manipuri 0
11 51 29 51 29 74 11 74 Manipuri 0
31 50 64 50 64 81 31 81 Manipuri 0
163 111 208 111 208 140 163 140 Manipuri 0
119 206 169 206 169 237 119 237 English 0
1 340 23 340 23 363 1 363 English 0
31 340 45 340 45 361 31 361 English 0
47 336 94 336 94 359 47 359 English 0
253.33663491430343 326.93288783349885 262.2928638925805 401.74471013017944 110.95060899999226 419.858583000023 101.99611691714381 345.0483397941963 English 0
252.09263831246062 317.6595283231649 223.70556100002432 320.66542499999787 220.54859586532984 290.85288346203936 248.93548200001533 287.8469970000001 Manipuri 0
265.29012194143434 226.84674226876388 264.53075800003717 205.64480099999753 307.2260579541762 204.11565513949745 307.9854918127967 225.31752344589276 English 0
303.57829349864915 144.8725094615519 303.2419729999674 199.22988700000886 164.56652747445332 198.3710312121508 164.9033259999851 144.01413299999595 English 0
459.6597355246922 226.733492754624 458.80184100002225 244.37663900001084 413.8761689536477 242.19210511786724 414.7341289999895 224.54902799997743 Manipuri 0
472.6628341907781 293.6207055018256 470.2620949999982 228.84796499997674 548.1681213264528 225.96055634942928 550.5693296432582 290.7328060191181 English 0
553.7948519192287 289.52841092928514 552.0847979999962 230.08092099998993 635.5108489196573 227.68111970821099 637.2213658219698 287.1281326051707 English 0
588.5261335629184 139.5506588466767 589.6428759999981 130.0908230000041 615.9042065805988 133.1909447170222 614.7874780631537 142.65076787823074 English 0
616 132 623 132 623 141 616 141 English 0
610 142 620 142 620 152 610 152 English 0
597 142 610 142 610 152 597 152 English 0
506 299 541 299 541 331 506 331 Manipuri 0
545 297 579 297 579 331 545 331 Manipuri 0
583 295 606 295 606 328 583 328 Manipuri 0
607 292 634 292 634 322 607 322 Manipuri 0
394 243 434 243 434 318 394 318 English 0
434 243 470 243 470 310 434 310 English 0