240.81292068134644 208.72418078499973 289.49609507653804 209.84739828210547 287.760352999976 285.07579999999984 239.0771788721031 283.9525902766713 English 0
392.1723360574106 237.93990634265054 384.09685999999056 299.11311300002205 284.19159234821564 285.9245193433764 292.2675729999901 224.75190800000138 English 0
465.0158549616026 251.79687707298157 454.12029099999927 310.45269299999677 373.7739552437415 295.5283070095809 384.6698910000123 236.87297500001944 English 0
288.9760873201885 525.2645049310166 233.3314654022979 526.700718323005 231.63152704175445 460.82345808267513 287.2748069999943 459.38726199999974 English 0
379.4153440069931 524.8650439470672 287.5332370807155 520.507163221002 290.5671730647009 456.57406258084154 382.4471269999776 460.9318919999997 English 0
455.78020196007856 515.3252320467597 377.5784575918806 516.110902352553 377.02289500004554 460.74247399999996 455.2230666086689 459.9568115992767 English 0
311.96387858151866 223.4535114282639 274.5295220775006 218.16456687399463 279.44290499995986 183.3902479999992 316.87706597556826 188.67917854684526 Manipuri 0
364.90228349066456 209.50889367695214 361.6996510000172 227.53230099997324 314.2880998963665 219.1077721960896 317.4907859999803 201.0844339999963 Manipuri 0
363.81595445134735 231.031979954086 366.55061799996474 207.77845299999262 419.788710019202 214.03908067236716 417.0541597560077 237.29250415311085 Manipuri 0
316.3287431433855 454.35372501006833 280.27107188223454 452.15707367620803 282.5504329999967 414.7507490000007 318.6076692934148 416.94738705825034 Manipuri 0
332.11789677916386 451.34736781521525 320.11088077117165 450.25090369421144 322.70213823750964 421.8796089400993 334.7090439999738 422.97606799999727 Manipuri 0
360.8411275308754 453.77349743394063 346.4918751456571 451.9464515395671 350.4735349999828 420.6803989999972 364.82264257167117 422.50743558239674 Manipuri 0
415.2892793431238 452.82869011324044 365.08235477602284 449.85247658788745 366.64022119563015 423.5797232514992 416.846716 426.55592400000126 Manipuri 0
381.031682584362 608.8837363786298 355.55920997285284 607.2290015571925 356.94325598160503 585.9309920136109 382.4154879999696 587.5857189999983 English 0
166.6524553621275 276.93313348439733 113.71275924320798 272.25042648223786 118.4201960000064 219.036794999999 171.35936764527287 223.7194784936972 English 0
97.04709266559803 226.11741847266904 121.57203089329414 231.10792400572302 113.78087400000368 269.3944509999972 89.25594104053744 264.40396341259185 English 0
125.02728808598476 323.1530292886921 92.13283499026147 321.13215899412216 93.61612026885268 296.9914383112882 126.51039099997433 299.0123029999992 English 0
146.7986601825396 301.877326148039 145.19301899999846 323.14568500001434 126.21622075210325 321.71310290986725 127.82190488527704 300.4447908631474 English 0
131.17422642237216 271.59649772189505 126.2155100000382 298.29046099996566 96.77282359240053 292.8213822855582 101.73160400001507 266.1275030000352 English 0
78.2901390142797 534.2727345970166 119.11196273162204 539.9458814441596 106.21434699998645 632.7294950000008 65.39254689021618 627.0564634438626 English 0
125.95568889075366 342.3971469780571 103.5852230857563 343.09419219695474 102.83059081579268 318.8753221571962 125.20092400001886 318.17827899999907 English 0
142.53034911947907 344.39903950564235 125.60622067394434 343.80808387133726 126.45006799997645 319.64498899999893 143.3740954426321 320.2359428686353 English 0
167.04621529614087 277.0335611686584 164.77492899997742 303.1947079999917 135.68097975905403 300.66886998737846 137.95233999997436 274.5078050000352 English 0
167.17775921002612 326.04795107424127 166.4084453426767 348.0790590246012 143.07042579828703 347.2641099650088 143.83980165308458 325.23306627044076 English 0
362.9599440023594 631.7336255398345 354.8563283988915 631.1283188208452 356.65927237001597 606.9987636560126 364.7627979999379 607.6040669999977 English 0