235 192 254 192 254 212 235 212 Manipuri 0
256 198 281 198 281 219 256 219 Manipuri 0
285 198 300 198 300 217 285 217 Manipuri 0
338.5172816846898 198.50624325983776 339.39217799998005 219.72849499996818 305.0654715760902 221.1435034744067 304.1906342322909 199.92130830911063 Manipuri 0
214 260 235 260 235 278 214 278 English 0
271.67074295044586 266.9840838337014 270.3176309999981 280.59926599998425 234.8251445369533 277.07204002454824 236.17830000002868 263.45690699997067 English 0
289.6356779553025 268.9782058831919 288.7517449999723 283.77139799999287 271.2924922408274 282.7281915874888 272.1764499999699 267.9350259999735 English 0
290.27324961651175 283.45913744738317 291.6938839999784 270.550724999996 315.01394434853864 273.1170554859261 313.5933441960515 286.02543656499876 English 0
313.40700554726936 286.3185649066886 314.86005813931115 272.5863146823537 332.13215100004163 274.41382000000533 330.67912548809545 288.14604537887703 English 0
363.00274721295864 277.7190554987451 361.3404160000209 292.17977500000137 332.30739026002993 288.84241904009633 333.96976000003633 274.3817440000199 English 0
527.9896490000101 194.24070799999902 560.786587771945 193.21989334275224 561.0705455358402 202.34268303648508 528.2736067967198 203.3634970063284 Manipuri 0
511 194 526 194 526 204 511 204 Manipuri 0
499 194 510 194 510 202 499 202 Manipuri 0
523 229 544 229 544 239 523 239 English 0
503 229 520 229 520 238 503 238 English 0
470 228 502 228 502 238 470 238 English 0
449 226 468 226 468 236 449 236 English 0
297 597 304 597 304 615 297 615 English 0
291 599 295 599 295 606 291 606 English 0
71 317 84 317 84 325 71 325 English 0
73 326 82 326 82 332 73 332 English 0
71 332 84 332 84 341 71 341 English 0