594 441 629 441 629 462 594 462 Manipuri 0
514 474 610 474 610 557 514 557 English 0
493 578 511 578 511 598 493 598 English 0
512 566 575 566 575 594 512 594 English 0
578 554 615 554 615 581 578 581 English 0
371 570 385 570 385 583 371 583 English 0
364 557 390 557 390 571 364 571 English 0
173.8746099999844 419.2870909999907 165.24393570442044 393.6491545600692 239.31601999996928 368.71640399998967 247.946842181409 394.3540466508329 English 0
246.43279700001585 394.69294499999774 238.5155824519461 370.0598739310439 279.64463900003466 356.84209500002396 287.561932722092 381.47501739610107 English 0
186 429 190 429 190 439 186 439 English 0
189 428 193 428 193 437 189 437 English 0
193 423 207 423 207 435 193 435 English 0
208 421 213 421 213 431 208 431 English 0
243 409 250 409 250 419 243 419 English 0
266 402 273 402 273 413 266 413 English 0
236 425 244 425 244 435 236 435 English 0
253.52995799999917 416.8537569999744 251.20689202136418 407.39265088811146 263.65739900000335 404.33595199997336 265.98047733357816 413.79703958870016 English 0
213.23319600000104 430.8457139999908 209.98361231919262 422.2724757696367 225.44785500002035 416.41171400001434 228.69744810937846 424.98492990978 English 0
228.01529099997424 426.32265500002455 224.38038221065653 416.6859727949196 242.1285380000336 409.99231800002053 245.7634588820656 419.628971779942 English 0
222.45918599997822 438.7842030000253 220.06682888197247 429.8739200524167 234.09569499999634 426.1077719999977 236.48806518685888 435.01803413858823 English 0
248.06666700002097 357.61587600000973 244.55030238394102 343.33699992098866 263.9903200000117 338.55006000002663 267.5067092558311 352.82889904099784 English 0
219.14434400001483 369.13972100000393 214.51065147964982 355.6512610107641 244.8573800000304 345.22720600003083 249.49110069814196 358.7156084322846 English 0
180.22436400002334 381.7143610000022 176.26773219446477 370.19695463877787 193.828061000022 364.1649849999927 197.7847073625162 375.682361711053 English 0
197.55914499997743 376.07461099997283 193.2222558171634 364.46118987598453 216.2241240000003 355.8722680000129 220.5610299675027 367.48565027279335 English 0
197 341 203 341 203 352 197 352 Manipuri 0
240.75386702148535 326.14525025611806 244.25409084076819 337.45982673579897 218.37257099999988 345.4656749999797 214.87239206508093 334.15113675808135 Manipuri 0
204.95501199999126 350.26950800002726 202.10585101252946 338.5624903267405 216.51557899996988 335.0558700000287 219.36475482245442 346.76286550179634 Manipuri 0
105 618 142 618 142 640 105 640 English 0
96.28505100001348 624.5462270000123 91.07379693428811 602.9244424063437 137.09374500002014 591.8357030000102 142.30515529066906 613.457255955483 English 0
32 610 51 610 51 634 32 634 English 0
30 588 43 588 43 602 30 602 Manipuri 0