267.6047143136384 213.59223201620108 243.12537348872866 216.59783678657388 237.92568500000925 174.24927200000218 262.4048772331298 171.24367644073214 Manipuri 0
263.1907990000036 176.52049200000195 285.06525761702505 174.96900286775866 287.8822489999584 214.68472100000068 266.00779086278635 216.23620564577024 Manipuri 0
312.48535962426104 172.25892350043324 317.4687063113379 212.8430882302386 289.6866045196657 216.25429481671165 284.70334799996635 175.67021199998808 Manipuri 0
262.182329999996 214.2580170000038 350.3084863200638 203.533901696896 366.1895199999708 334.03105500000146 278.06339053342526 344.7550264331013 English 0
357.7560060000542 211.47868799999546 428.8640549270349 200.54897962393258 448.38135899997724 327.52142299999775 377.2733423410682 338.45099025725943 English 0
572.4300732227857 333.78359817403725 456.9655042180966 354.78721169780266 431.5299629999936 214.95828500000556 546.9912812381517 193.95497349105344 English 0
286.8767359999765 336.6049250000012 316.76245707596536 334.3396937188687 320.1545509999414 379.0882670000025 290.26883146369073 381.3534847702149 English 0
334.6809497381764 379.3049445640125 321.4317293041677 380.6994169153691 316.57074833856313 334.5177716865603 329.81980600001407 333.12330799999916 English 0
326.722649000003 326.33907700000356 342.7546832685766 323.4020377854383 352.8121211904363 378.29640511788034 336.7800928309589 381.2334228310445 English 0
341.52379536782973 374.6733505720448 335.4570385938132 325.2664933892424 363.8791520000086 321.77683200000445 369.9460654583527 371.18350647008407 English 0
393.2200964816002 369.5530106718854 368.57465000000957 373.14302599999877 362.75951858682674 333.22502448591774 387.4047100000462 329.63502799999645 English 0