342.07547429177794 318.6140144473586 340.2990043691534 344.2900099170192 288.49614799997653 340.7059089999973 290.27276852844807 315.0300757234209 Manipuri 0
342.57802331689163 307.5857829376824 405.50495900002716 306.8834519999997 405.833332096081 336.30257756280236 342.9063964585657 337.0049060261274 Manipuri 0
407.5847470000008 332.30923299999455 406.4520175853977 305.15665641064504 450.4230259999895 303.32240500002746 451.5558904170757 330.4748400664246 Manipuri 0
305.7710219999717 355.7004769999994 305.42871035482676 332.68195853377114 371.3284389999899 331.70186400002706 371.67094176329556 354.72018815431625 English 0
380.60982282717305 351.85638933209066 367.96631932222226 351.2721393854602 368.95551008870825 329.8681676412109 381.5989450000052 330.45241599999935 English 0
429.83337847581424 329.1523609868114 429.2187309254223 351.27217060247636 381.450199968167 349.944715564443 382.0649769999727 327.8250390000078 English 0
365.8350046786654 350.67715221484946 365.8506069610303 370.0858436382506 312.6268330000312 370.1283659999683 312.611369219303 350.7198129563267 English 0
249.7672259999672 400.7895030000294 247.48196061264025 375.89280447265133 323.2933149999735 368.93456900003224 325.5788233361818 393.8309962895607 English 0
323.4920889999921 390.5054919999692 323.4986826696695 366.07893529332324 411.71894999999495 366.10236499999525 411.71265957673313 390.52861796790364 English 0
409.12105299998075 384.5873689999718 410.2081273456133 357.9933145991265 475.0744449999911 360.64440700002785 473.98761959360854 387.2382208254478 English 0
384.8423768446082 367.71085404633607 366.57273146585794 365.9009412330809 368.502441906021 346.4243988923837 386.7719930000021 348.2343069999988 English 0
385.70830199998454 361.54918200002646 387.0721922850498 344.7910538105879 419.192258999974 347.4049299999814 417.8284450072533 364.1629869834509 English 0
318.4929689713317 391.59788714586637 318.4953560234135 414.36343722782874 276.12468100000115 414.36767099997235 276.12243841162126 391.60226528989136 English 0
319.8785458720522 384.6123409199893 346.4089530000638 388.3405010000047 343.06880607968196 412.10693613538774 316.5384017110773 408.37878932418016 English 0
345.54351200000383 408.86423400002116 344.892680103585 385.886552944629 395.41047999999137 384.455721999988 396.06147812941344 407.4332318057783 English 0
398.5296360000211 408.2323280000036 398.1237058061379 385.4730655162047 447.4809449999884 384.5927530000253 447.88703784499376 407.35184942483966 English 0