272 259 324 259 324 289 272 289 Manipuri 0
324 236 409 236 409 277 324 277 Manipuri 0
228 289 335 289 335 365 228 365 English 0
332 264 460 264 460 338 332 338 English 0
15 223 121 223 121 262 15 262 Manipuri 0
26 237 188 237 188 319 26 319 English 0
179 301 196 301 196 316 179 316 English 0
156 299 181 299 181 321 156 321 English 0
87 314 106 314 106 330 87 330 English 0
73 333 100 333 100 351 73 351 English 0
67 351 102 351 102 370 67 370 English 0
18 358 66 358 66 381 18 381 English 0
49 338 72 338 72 356 49 356 English 0
15 346 42 346 42 363 15 363 English 0
12 326 47 326 47 347 12 347 English 0
51 317 85 317 85 337 51 337 English 0
108 303 152 303 152 328 108 328 English 0
0 265 29 265 29 327 0 327 English 0
0 240 10 240 10 262 0 262 Manipuri 0
270 633 291 633 291 640 270 640 English 0
545 174 584 174 584 207 545 207 Manipuri 0
582 169 612 169 612 199 582 199 Manipuri 0
509.17799599999853 226.4418070000081 604.751435166545 200.3139675221808 619.2659586234367 253.4048977971405 523.6925702011649 279.53260908145285 English 0
540.0613823204185 297.33598280674204 535.0271380000049 279.9190169999972 574.2557379417849 268.58091692959215 579.2900265239587 285.9978077469349 English 0
582.1313471325266 286.7491929401932 576.7298582783405 269.4903468681044 594.9524440000096 263.78755799997316 600.3539513336 281.04637029977096 English 0
597.4319990000367 263.3503449999928 608.2570915489487 260.5370612767226 613.0974707636051 279.1611160072522 602.2723802648397 281.97439427012887 English 0
610.9708944147133 259.5681146566649 623.6143079999601 255.95119200000636 628.8658575361478 274.3077025551334 616.2224467776105 277.9246183521877 English 0