312 200 352 200 352 229 312 229 Manipuri 0
23 66 52 66 52 91 23 91 Manipuri 0
19 107 104 107 104 168 19 168 English 0
65 88 78 88 78 104 65 104 English 0
77 85 91 85 91 106 77 106 English 0
69 237 87 237 87 248 69 248 English 0
46 273 55 273 55 281 46 281 English 0
263 234 284 234 284 276 263 276 English 0
289 238 303 238 303 278 289 278 English 0
303 240 318 240 318 280 303 280 English 0
319 242 335 242 335 282 319 282 English 0
284 304 345 304 345 325 284 325 English 0
347 312 377 312 377 328 347 328 English 0
333 245 420 245 420 295 333 295 English 0