304 293 319 293 319 310 304 310 Manipuri 0
321.76548499999626 307.205984999992 319.18851680318767 290.7664355586925 360.2838199999678 284.3249410000342 362.8608488786267 300.76441498507893 Manipuri 0
201.8467069221515 276.89210956423744 170.2890346312779 274.4035320869279 174.1587929999514 225.33535399999852 205.71617772475292 227.82392011608636 Manipuri 0
195.28314645474893 271.4535435350212 212.96541102739866 246.67373251594125 278.04171181400307 293.107936158879 260.3596803243272 317.8875380289438 Manipuri 0
283.54122700002335 360.9090560000056 278.8752400343219 325.2985923017797 320.24258600002213 319.87873500003514 324.90873168797407 355.489010503239 English 0
323.5783790000278 354.7792889999789 320.6983023654175 329.03467495162323 367.0507969999744 323.849557000016 369.9310054197849 349.59401918926693 English 0
216 543 256 543 256 555 216 555 English 0
214 558 221 558 221 563 214 563 English 0
251 559 256 559 256 563 251 563 English 0
228 558 236 558 236 563 228 563 English 0
236 558 244 558 244 563 236 563 English 0
220 565 228 565 228 571 220 571 English 0
227 573 230 573 230 577 227 577 English 0
221 573 226 573 226 578 221 578 English 0
214 573 221 573 221 577 214 577 English 0
215 579 222 579 222 584 215 584 English 0
250 574 257 574 257 578 250 578 English 0
239 573 249 573 249 578 239 578 English 0
230 573 238 573 238 578 230 578 English 0
233 580 243 580 243 585 233 585 English 0
243 581 255 581 255 586 243 586 English 0
222 580 232 580 232 585 222 585 English 0
219 587 224 587 224 592 219 592 English 0
228 587 233 587 233 592 228 592 English 0
234 587 241 587 241 593 234 593 English 0
214 594 222 594 222 599 214 599 English 0
223 594 231 594 231 599 223 599 English 0
223 602 236 602 236 608 223 608 English 0
231 594 243 594 243 600 231 600 English 0
241 588 250 588 250 593 241 593 English 0
247 596 257 596 257 601 247 601 English 0
216 608 226 608 226 614 216 614 English 0
226 610 236 610 236 615 226 615 English 0
390.3159859999869 348.0285310000275 385.71131337717816 335.9298869936156 416.8794530000014 324.0684440000208 421.48414672439685 336.16703753214745 English 0
387.66684689144313 335.77711736870157 392.3997503545979 346.69756750919817 374.7967709999648 354.3259559999942 370.0638992256427 343.4055327462923 English 0
504.5753929526836 287.8697604691744 504.962598289203 293.61182538266365 493.41017400001874 294.39078099999 493.02297629532404 288.64872327888963 Manipuri 0
513.8795375555492 285.356268458197 514.8259573974065 290.9529537068017 505.802451999989 292.478759000008 504.8560383587028 286.8820792529083 Manipuri 0
512.4117200000182 300.36091700000406 510.88495694049925 292.80612918605374 529.7423069999786 288.99544199998803 531.269081812643 296.55021387782716 English 0
477 297 486 297 486 307 477 307 English 0
488.03634999996575 305.1865229999783 486.50483752207947 296.57298721424195 510.0809180000215 292.3813480000302 511.6124482554733 300.9948608608771 English 0
481 313 487 313 487 319 481 319 English 0
489 313 496 313 496 318 489 318 English 0
496 311 502 311 502 316 496 316 English 0
503 311 511 311 511 316 503 316 English 0
511 309 518 309 518 315 511 315 English 0
615 406 630 406 630 412 615 412 English 0
625.5389263674442 412.30296381206097 625.9824558531545 418.0592961753493 615.1240220000182 418.89582400001024 614.6805028619565 413.1395013198793 English 0