292.27791358898685 272.7870129371719 301.57156200002646 239.307701000005 355.309128541121 254.22413646402535 346.0156937357533 287.7032652785985 English 0
478.44780194136547 323.7074103944559 474.3877359999897 354.44607500003553 401.63120500299556 344.8364906929226 405.69150700001046 314.0981059999783 English 0
514.6877758111077 329.6418927509053 509.94262300002447 359.838354999982 472.1211926471733 353.8953517717282 476.866463999977 323.69903600000873 English 0
552.3015138483606 338.36774031514324 549.9852090000059 366.573256999985 508.57748544840433 363.17288015198613 510.8939290000126 334.96751599999914 English 0
409.627283405498 308.57839795665683 402.2123009999632 343.62430000002735 289.8987454838061 319.8619034682318 297.31406799997785 284.81646999998344 English 0
293.2904095077538 346.56701394259045 296.6245350000099 327.4850640000292 337.4424869999348 334.61639399261225 334.10847466519044 353.69824372394675 English 0
388.67988684622105 364.4980739670725 371.647214295881 364.1224015159881 372.14873100005207 341.38855000000046 389.18130217687576 341.7642213345949 English 0
415.25278500586865 372.39677728797017 412.1973569999682 393.78110500002526 369.59367150433536 387.6942839864848 372.64920699999493 366.3100860000121 English 0
431.43703845293203 352.5960015302993 429.3379840000125 368.88265599996714 395.19726627884666 364.48284289381195 397.2963840000011 348.1962629999898 English 0
427.93345644822693 370.5568853112829 431.03901499998756 352.339349999975 462.07514821253426 357.6295673239789 458.96967724598653 375.84702495164555 English 0
497.16008972049167 361.42948057396745 495.0780880000093 380.66561099996534 459.1936430201895 376.7819524810552 461.27572799996415 357.5459170000023 English 0
495.31901327842206 383.63878872202 495.96028699997987 365.27961999996717 520.3925156699552 366.132923041347 519.7513065960084 384.492029198951 English 0
517.0012364257855 382.9548739149377 519.2081979999784 364.31259300003313 550.6896630019764 368.03910782443245 548.4827920419775 386.68130611876444 English 0
296.1821027183032 373.6731238338351 298.4416490000149 351.8596249999832 333.6757654439134 355.50896274306115 331.41633320417895 377.32235653522906 English 0
451.309219816103 377.9853954079172 448.06002199999057 397.99822699998657 410.5633082813438 391.9109429106659 413.81259300003876 371.8982199999703 English 0
446.66379884816706 399.653566174486 450.79463599999144 374.96852199997977 496.14673266361933 382.5569096678734 492.0160814264091 407.24178870776285 English 0
521.8004381428182 385.7802368910816 520.4398290000245 410.60600000003086 489.06422248437593 408.88649097489474 490.4249400000117 384.0608430000135 English 0
546.8700361541414 387.7847339078965 546.631256000037 409.14880899999844 520.5613082915806 408.8573765798261 520.8001700000023 387.49338400003205 English 0