321 2 371 2 371 36 321 36 English 0
377 0 459 0 459 26 377 26 English 0
232 182 246 182 246 191 232 191 Manipuri 0
247 179 261 179 261 189 247 189 Manipuri 0
188 248 199 248 199 261 188 261 English 0
201 244 230 244 230 258 201 258 English 0
232 240 256 240 256 255 232 255 English 0
180 271 197 271 197 284 180 284 English 0
199 267 230 267 230 284 199 284 English 0
230 264 239 264 239 280 230 280 English 0
241 263 265 263 265 276 241 276 English 0
235 331 250 331 250 349 235 349 Manipuri 0
251 332 271 332 271 345 251 345 Manipuri 0
272 330 286 330 286 346 272 346 Manipuri 0
194 377 236 377 236 423 194 423 English 0
237 372 291 372 291 418 237 418 English 0
212 489 226 489 226 501 212 501 Manipuri 0
228 486 248 486 248 497 228 497 Manipuri 0
249 484 263 484 263 493 249 493 Manipuri 0
206.77027500001714 549.1068259999857 201.7049368211883 520.9089628963113 269.5599779303302 508.7220361613298 274.62561179745535 536.919517371015 English 0
224 549 239 549 239 561 224 561 English 0
241 546 259 546 259 557 241 557 English 0
151.00665099998878 558.5829669999761 145.8175606137229 530.8022185791461 202.7653029999783 520.1672350000138 207.95463929738617 547.9476603898654 English 0
173.55647284013685 617.4581475942516 173.13104400971497 635.7823808800459 150.50843391669332 635.2572027569945 150.93395700001565 616.9330660000036 English 0
186.0985555334628 616.6259232961258 185.9072900479805 634.4470451706284 175.02657390206878 634.330264792745 175.21788400001242 616.5091880000064 English 0
338 572 358 572 358 640 338 640 English 0
199 504 207 504 207 516 199 516 English 0
207 504 216 504 216 514 207 514 English 0
261 495 272 495 272 503 261 503 English 0