333 285 366 285 366 312 333 312 English 0
366.2506050000229 304.6236539999763 366.43301646137843 280.916159798584 418.77463899996656 281.3187879999925 418.5923639123939 305.0261465803262 English 0
420.1702749999822 300.59041799999756 419.5579334649665 277.8590449706331 467.5721550000162 276.56564899998375 468.1846105080331 299.2969044696541 English 0
366 215 391 215 391 239 366 239 Manipuri 0
392 216 418 216 418 239 392 239 Manipuri 0
422 213 439 213 439 237 422 237 Manipuri 0
440 208 458 208 458 237 440 237 Manipuri 0
457 211 473 211 473 233 457 233 Manipuri 0
162 334 191 334 191 353 162 353 English 0
191 338 208 338 208 348 191 348 English 0
207 334 230 334 230 350 207 350 English 0
231 334 246 334 246 348 231 348 English 0
247 333 265 333 265 349 247 349 English 0
266 331 291 331 291 348 266 348 English 0
202 249 230 249 230 270 202 270 Manipuri 0
231 247 267 247 267 270 231 270 Manipuri 0
183.76762799998687 328.9823160000205 183.23928460660682 297.56439033092335 277.06593700000667 295.98632399998553 277.59461745597946 327.40390603291803 English 0
179.17557799999486 293.5784620000206 178.07476704168948 268.6814370398847 286.03925000003073 263.90765000000977 287.14032674281043 288.80439528682246 English 0
336.82105100000626 283.81301700000677 335.2385397243779 239.65766518110962 472.2434410000278 234.7470909999907 473.8265152762324 278.9018564832947 English 0
400 304 430 304 430 323 400 323 English 0
467.7644190202409 302.92507052736545 469.18653552478645 316.82214596363053 429.1978160000144 320.91385100002947 427.7757699070935 307.01684035496214 English 0