361 124 404 124 404 160 361 160 English 0
364 162 396 162 396 200 364 200 English 0
394 161 429 161 429 195 394 195 English 0
371 202 428 202 428 240 371 240 English 0
379 283 426 283 426 319 379 319 English 0
426 280 437 280 437 308 426 308 English 0
374 240 447 240 447 283 374 283 English 0
445 234 493 234 493 270 445 270 English 0
384 319 439 319 439 360 384 360 English 0
437 313 488 313 488 351 437 351 English 0
160 379 204 379 204 409 160 409 English 0
208 372 248 372 248 402 208 402 English 0
248 358 302 358 302 385 248 385 English 0
284 119 321 119 321 166 284 166 Manipuri 0
636.2421703825385 398.3957119613506 651.6791225855559 460.28366344345784 565.8192180000333 481.6959159999976 550.3833070385008 419.8088662504972 English 0
629.5110541504255 186.14152154565843 651.0440960078995 262.685083271721 539.7633130000031 293.9879309999941 518.2311894628219 217.44515241574425 English 0
639.06100235552 295.2983668301631 654.9701719489531 358.38097867847466 543.3635189999768 386.5240340000132 527.4554108516895 323.4423348080853 English 0
76 108 306 108 306 380 76 380 English 0