251 164 298 164 298 211 251 211 Manipuri 0
299 176 371 176 371 214 299 214 Manipuri 0
373 185 422 185 422 223 373 223 Manipuri 0
180 204 282 204 282 280 180 280 English 0
283 222 396 222 396 294 283 294 English 0
395 235 472 235 472 302 395 302 English 0
175 298 188 298 188 315 175 315 English 0
217 364 273 364 273 403 217 403 English 0
276 371 349 371 349 412 276 412 English 0
351 380 407 380 407 417 351 417 English 0
189 302 199 302 199 317 189 317 English 0
268 463 301 463 301 486 268 486 Manipuri 0
315 466 348 466 348 489 315 489 Manipuri 0
90 439 100 439 100 447 90 447 Manipuri 0
100 441 106 441 106 446 100 446 Manipuri 0
25 441 109 441 109 473 25 473 English 0
112 450 161 450 161 480 112 480 English 0
112 476 139 476 139 490 112 490 English 0
73 471 109 471 109 485 73 485 English 0
61 485 90 485 90 499 61 499 English 0
41 468 69 468 69 484 41 484 English 0
191 597 205 597 205 609 191 609 English 0
204 600 222 600 222 612 204 612 English 0
202 613 218 613 218 622 202 622 English 0
193 612 200 612 200 619 193 619 English 0
194 622 207 622 207 628 194 628 English 0
207 624 214 624 214 629 207 629 English 0
270 485 334 485 334 527 270 527 English 0
234 526 355 526 355 580 234 580 English 0
295 584 338 584 338 606 295 606 English 0
432 349 450 349 450 366 432 366 English 0
430 330 447 330 447 346 430 346 English 0
436 308 454 308 454 325 436 325 English 0
423 328 431 328 431 342 423 342 English 0
424 348 432 348 432 364 424 364 English 0
339 297 365 297 365 315 339 315 English 0
366 302 375 302 375 313 366 313 English 0
363 320 375 320 375 336 363 336 English 0
354 340 365 340 365 357 354 357 English 0
617 379 635 379 635 402 617 402 Manipuri 0
572 452 596 452 596 471 572 471 English 0
551 483 572 483 572 501 551 501 English 0
629.4131792754342 412.8251568427697 628.1666749200667 451.1983226886681 552.505369999999 448.7402110000055 553.7523236907873 410.36751005992846 English 0
625.5945509945013 453.7001092779573 625.3162700231769 469.4724323659906 595.9656910000194 468.95454899996855 596.244049941015 453.18230527184136 English 0
605.4650868237513 546.9774410396323 603.2914294402144 586.8048630213884 510.72624200001883 581.7528649999722 512.9006283462513 541.9262172664877 English 0
600.1353787967673 140.52066132644944 499.3479810000281 132.64834699999892 503.0820943246363 84.84446787475073 603.8690890857833 92.71676638822615 English 0