184.9813870000071 236.27499999997332 171.12490237457678 196.78232213081935 226.1080139999831 177.49142799997216 239.964582925968 216.98392724659544 Manipuri 0
256.56826074970013 223.09241950133605 230.1350872216426 225.21219473894772 225.3633836410154 165.71029388207 251.79632699997455 163.59052800000137 Manipuri 0
296.9743918720633 209.98608008458842 253.14920419594273 217.31401598168972 244.05167104428983 162.90608768933947 287.87652900005924 155.5781799999947 Manipuri 0
331.61085182611714 196.77761278254155 289.12193990225205 204.43652730235567 279.01395833563583 148.36153677429522 321.5025620000233 140.70265099999892 Manipuri 0
150.00869099996635 265.64490799999976 194.70068408634688 261.09585961816026 203.61004300000786 348.61991799999976 158.9180572503392 353.16892064208946 English 0
253.53334316212568 338.7907559093949 199.42452600000252 347.3427059999989 183.33557206940895 245.5498693588391 237.4431999999797 236.99801500000177 English 0
234.01426051997987 222.10652516089468 316.8185029999586 207.54953800000436 335.48225946608 313.709272140212 252.67805793104344 328.2661026786186 English 0
392.45381375643774 298.5659419341173 320.3455248884711 302.6778635318863 314.05746805103263 192.40005489261048 386.164279999939 188.28817600000173 English 0
57.170847440793295 114.05128501692461 -6.0998861596453935 108.41473334648343 0.6761325404659146 32.35536347608661 63.9465989999735 37.99190299999686 English 0
-0.728875968416105 160.94467557109698 0 98.92177399999339 63.749142331507755 99.67093363614259 63.02046124583285 161.6936403100844 English 0
227.68073098653986 639.9996285346674 183.47133317089174 646.8308785374427 157.95404453834635 481.72377322737634 202.1603443393542 474.8927704395005 English 0
273.8283922820847 8.387076143393113 321.11025636266277 -0.24861977795583112 335.8735753822839 80.58292468473584 288.591713284477 89.21860968768634 English 0