199.01525123248575 180.7267263329913 195.89910569717176 236.99351120754704 118.38261700002477 232.7002670000151 121.49907760423957 176.4338168911977 Manipuri 0
243 177 286 177 286 233 243 233 Manipuri 0
375.79724840463314 191.4390592147386 372.9611410386133 243.1259592720424 287.38040800002636 238.42976499999125 290.2168479740794 186.7432182573448 Manipuri 0
436.687758893313 196.15871215037487 434.46074065846915 237.330152451771 380.6713529999979 234.4205100000335 382.8985381931125 193.24924660068191 Manipuri 0
437.8861760000291 238.49168400000832 436.5261856299185 195.59027716078322 491.7809909999778 193.83870800003106 493.14116572633793 236.73992444054701 Manipuri 0
593.2889246949344 198.49839012634772 593.1011204373499 236.66463933537355 492.9794219999894 236.17142399996666 493.1675333765452 198.0054826536738 Manipuri 0
78.85573328814644 244.71836943254334 168.85583100003714 259.6520850000018 150.7681348566257 368.65287266379516 60.76808300000266 353.71934500000486 English 0
228 255 301 255 301 355 228 355 English 0
375.0420760250563 361.27583454785827 293.33187299998826 348.994810000003 308.7053452867258 246.72336612910476 390.4136770000332 259.0042480000029 English 0
425.82045697774447 244.088210057975 498.29395699998713 255.16054899999995 482.6123391674628 357.79734223649496 410.13886799999455 346.7251319999965 English 0
605.3509949277941 255.98415990474513 606.6639850613865 339.7424405681277 490.0964849999582 341.56831999998707 488.7845960127743 257.8111237480852 English 0