52 89 115 89 115 140 52 140 Manipuri 0
81 182 159 182 159 221 81 221 English 0
170 122 241 122 241 176 170 176 English 0
199 248 249 248 249 278 199 278 Manipuri 0
251 260 309 260 309 286 251 286 Manipuri 0
43 270 312 270 312 357 43 357 English 0
192 369 303 369 303 431 192 431 English 0
159 197 202 197 202 227 159 227 English 0
197 545 248 545 248 582 197 582 English 0
257 506 293 506 293 545 257 545 English 0
33 503 124 503 124 565 33 565 English 0
155 535 171 535 171 552 155 552 English 0
171 537 197 537 197 551 171 551 English 0
526.4439928672073 452.1082805287864 533.102926472784 469.5470211738914 491.04995389599935 485.6019683471132 484.3911816726177 468.16336443022794 English 0
538.1068119999691 471.59974499996844 533.4851414105651 449.4886383364544 569.9734699999681 441.86297499998403 574.595242423311 463.97394150691184 English 0
517.2547344180202 592.2449727858843 519.6166031104076 611.5690008488814 493.9735110000038 614.702229000008 491.61176553956466 595.3783129524247 English 0