83 245 126 245 126 272 83 272 Manipuri 0
129 234 169 234 169 259 129 259 Manipuri 0
281.17270001435827 201.11496750526197 286.78204707583063 221.38457772721924 178.73652164824307 251.2830454167925 173.1273972872441 231.01362581986965 Manipuri 0
87.66690647986252 318.5059806794732 56.85717599997588 324.6523610000059 48.773047140057315 284.13144792386004 79.58250099996803 277.98509600000386 English 0
124.50979906876455 307.4509817404249 102.55456699997012 311.32892000000544 96.10782092604495 274.8320657210291 118.06288100000529 270.9541430000023 English 0
259.5644843347691 233.56046101289994 268.9369743390125 269.1257028884137 131.5118110000185 305.3381540000032 122.13990941971133 269.7734173925397 English 0
121.33456832205411 310.2268389618428 125.6857027317892 330.02497273795586 93.3722310000303 337.12600000001225 89.02118708174385 317.32794484667306 English 0
125.44897500003572 326.8961170000242 120.9576431732421 311.0150196640883 156.91557099999045 300.8464639999705 161.40694457564678 316.72749211293643 English 0
166.36017099997844 315.2669939999783 162.20595682098065 298.7609211971501 209.05431500003033 286.9709420000228 213.20858781749848 303.47692541377796 English 0
230.40980905716424 282.1841213749337 234.25208284315886 298.7930210473114 213.5795959999814 303.5750050000099 209.7373664231418 286.96614359796104 English 0
263.985490767227 270.78049928361077 268.41378417731903 286.7327724463296 235.32293100004608 295.91803300000714 230.89470489787345 279.96581747869635 English 0
63.03983999998309 367.6773100000117 59.37228572918684 351.0500356132951 83.77365799999097 345.66821000003506 87.4412513137213 362.2954291967877 English 0
87.93728999997256 359.9889040000261 84.44014869666717 346.1890121035815 100.88699500003713 342.02146399999725 104.38415628297662 355.8213253056342 English 0
103 338 127 338 127 355 103 355 English 0
69 383 117 383 117 409 69 409 English 0
472.6604220000445 59.20032599999974 536.8198534427211 44.19947740547093 541.0498307061061 62.291282277454854 476.8904014241707 77.29212460224886 Manipuri 0
524.4833701761672 137.53923753258084 530.6139832350163 159.33549396339475 462.25875399999495 178.56116700000698 456.1282470799051 156.7650014058825 English 0
557.3340472930431 129.64303326296454 563.3201164371712 152.79051130410596 531.1589790000289 161.10738000002723 525.1729580754181 137.95994339537737 English 0
560.1561670000228 127.65704299999597 583.6270886103011 122.37747544646547 588.3072170215019 143.18325518377432 564.8362972740142 148.4628170630699 English 0
494.23171399997955 130.01831399998412 479.8675652944803 80.46743322664254 561.7920303487335 56.718710951104676 576.1562664404482 106.26944494394372 English 0
606.8035366455297 101.3044871941481 579.3241909999779 107.6913150000013 573.5669208574836 82.92070496976322 601.0462207045202 76.53388268789654 English 0
616 378 640 378 640 408 616 408 English 0