287 243 305 243 305 265 287 265 Manipuri 0
305 246 318 246 318 260 305 260 Manipuri 0
318 240 335 240 335 259 318 259 Manipuri 0
334 235 362 235 362 255 334 255 Manipuri 0
284 335 310 335 310 349 284 349 English 0
242 348 258 348 258 360 242 360 English 0
219 351 242 351 242 365 219 365 English 0
178 356 219 356 219 375 178 375 English 0
220 272 294 272 294 337 220 337 English 0
112 292 193 292 193 362 112 362 English 0
149 364 179 364 179 381 149 381 English 0
69.85154300004069 383.29456800002004 67.44578823898337 369.2623855259186 90.90098048589425 365.2414999738576 93.30677173864387 379.27363596918076 English 0
302.6442879917158 322.3217419969376 295.32782399997814 283.86466099999524 368.55606630881084 269.9337419301029 375.87276916150586 308.39050660851433 English 0