647.524636020753 166.0291520942974 638.8351811997563 288.6953978576259 496.8400939999992 278.63554099997845 505.53087293796125 155.97070606678406 English 0
248.64024629685446 155.1721165798531 259.2744316122844 229.7533066409627 79.72219100003713 255.35228399998618 69.08915337036888 180.7721278430239 English 0
168.34830620085995 310.240742635435 82.88061867955548 303.4387968423373 86.97932320421387 251.94692441131937 172.44608500004688 258.7488330000022 English 0
178.28449900000123 290.855617999977 185.47539532424707 235.66156915219608 250.28762699999788 244.1051249999737 243.0971283807594 299.2988123412934 English 0
98.53355620842194 326.9917360439822 159.76225300000806 343.87376900000515 141.76023114712734 409.158028959838 80.53159600000072 392.27615200000446 English 0
141.36411400002544 389.78189099998696 139.64513921906473 322.82700565154107 236.95931700000074 320.32856800003185 238.67912980393157 387.28259979458215 English 0
237.76007544809545 326.23570492919833 274.4479719999799 326.3170809999999 274.3466675509262 371.9855615887628 237.65877100006037 371.9041860000001 Manipuri 0
311.99866229624604 328.75034975572015 314.8619796388084 363.84468954104113 273.734362000032 367.1997419999759 270.87124528690765 332.10558922990464 Manipuri 0
352.8098926100938 327.6846288001312 352.25159861358406 359.6799145332101 313.07045300003665 358.9961129999763 313.6289041431155 327.0009870780467 Manipuri 0
15 192 56 192 56 234 15 234 English 0
1 249 40 249 40 291 1 291 English 0