294.22503768335446 202.52155102934995 260.99178222451883 198.02155728111933 265.7641023764154 162.7786461759209 298.9971990000049 167.2786289999977 Manipuri 0
341.73994905271684 163.2486474290255 345.20322137206676 196.28211750052282 297.6626260000194 201.26607500001793 294.1994699901261 168.23271146353795 Manipuri 0
331.67220199997246 201.25284899998888 334.85254018400155 160.48926641576145 381.27875099999073 164.11130399999766 378.0985507590958 204.87475761065747 Manipuri 0
374.7953334022168 170.2841849809663 424.46674040424114 170.87590598242 423.9530849831499 213.99306017756192 374.28167800004303 213.40134100000023 Manipuri 0
420.49658665811876 206.4040743835834 424.88113284307474 167.6496112294339 469.79054099996574 172.73038100002665 465.40613080986077 211.48471857473848 Manipuri 0
211.62677482454455 193.03915185758171 294.07909554553044 197.1035802626127 290.4693528869393 270.3292827538184 208.01703400000406 266.26487999999944 English 0
290.7878018102201 257.7340849129597 303.37617225115537 187.70985591290295 390.4463869999745 203.36201399997694 377.85862037511833 273.3857071540588 English 0
385.6276240965235 271.05284611917244 389.95748844092304 198.17045496783234 501.95376299998316 204.82360499999493 497.6246628782246 277.7052680220574 English 0
366.9622274156427 269.8381645208807 361.7815517642157 331.7261834025203 237.35477000001993 321.309785000007 242.53621505980846 259.4226145455376 English 0
356.4384830000199 331.17110200002395 358.2918438269553 267.7192298101658 463.973371999964 270.80562199998997 462.1207830159983 334.25674417349956 English 0
246.8005109999649 358.8046039999804 248.95898458358715 321.558350968268 304.8177130000113 324.795114000004 302.65951858811604 362.0411013705779 English 0
305.5302649999794 366.3065450000104 306.3999859202886 328.78312944453955 360.6660240000201 330.0407419999842 359.7965726890834 367.5638939514255 English 0
364.0707739999925 364.77882299999294 371.4099395003723 308.49653443034845 441.1785570000211 317.59354200003366 433.8399495367048 373.87532195244046 English 0