123 244 157 244 157 336 123 336 English 0
162 244 202 244 202 340 162 340 English 0
206 245 242 245 242 340 206 340 English 0
246 256 376 256 376 355 246 355 English 0
248 347 332 347 332 381 248 381 English 0
332 362 365 362 365 383 332 383 English 0
125 391 200 391 200 417 125 417 English 0
201 398 231 398 231 418 201 418 English 0
232 400 262 400 262 424 232 424 English 0
262 402 300 402 300 425 262 425 English 0
303 409 350 409 350 430 303 430 English 0
306 215 319 215 319 237 306 237 Manipuri 0
322 216 343 216 343 238 322 238 Manipuri 0
344 217 355 217 355 242 344 242 Manipuri 0
357 219 381 219 381 243 357 243 Manipuri 0
213 350 246 350 246 379 213 379 English 0