282.28291318817355 264.86236351774596 308.11879999993835 265.07115199999976 307.9425709220959 286.8768663008191 282.10668411462393 286.6680782854495 Manipuri 0
343.0632976013294 261.6043108372344 343.1215010640881 282.2106554479269 307.3109860000113 282.31169500002073 307.2528573211457 261.70542491091 Manipuri 0
272.1860269999888 313.8786010000314 271.3133957025275 285.0918818500798 352.2209440000006 282.63921400001306 353.0938258355309 311.4256735632426 English 0
286.07921097143844 343.35830941854687 266.31697404278384 341.6781484967097 268.37851345517265 317.43280109138266 288.1406330000027 319.11295699999863 English 0
286.7389430000185 338.6636999999874 289.0698738368519 315.0746424447555 303.407406170154 316.4912906127686 301.076520236893 340.0803067229882 English 0
348.65840262522397 315.6495945882264 347.76654612185666 338.9449467867345 301.75286799996684 337.1832720000262 302.64484930994513 313.88804980961334 English 0
282.8126972229802 351.2770613273884 266.5683161285415 349.2915570632383 268.3661908497015 334.58381951175215 284.6105109999917 336.5693200000007 English 0
282.8111947123398 348.8909609650102 283.14000464342826 335.8215425741223 299.1955070000404 336.22544200002955 298.8667244707176 349.2948336040855 English 0
298.1730519999837 349.246904999981 298.72484272826114 335.08061530702685 317.5587439999799 335.8141449999898 317.0069885286648 349.9804006888226 English 0
317.4107129999902 348.36008300001026 317.4311755767121 335.41029662985204 344.7983789999853 335.4535119999654 344.7779615606123 348.4032533068894 English 0
301.9678611042036 350.9769961136053 301.2980870447791 365.19291637689525 281.52623299996776 364.26142099998805 282.19604257901665 350.04553809002766 English 0
313.3936802337121 366.58466249229366 298.30556900000374 363.6275210000028 301.54728029170656 347.08922411249625 316.63532600003236 350.0463589999995 English 0
315.12473583170504 361.80978893785027 316.08571732278506 350.00161032405015 326.74916900003154 350.8693509999928 325.788205451463 362.67751285893814 English 0
266.991280000002 379.5727400000072 265.5974321060057 366.6944624899344 293.9993610000238 363.6207390000077 295.3932533384068 376.4989655592692 English 0
295.21567178286205 366.2569091679686 304.3937510000251 366.27840800000007 304.3658902170864 378.1712557966432 295.18781099999615 378.14975699999997 English 0
321.73453399998834 378.88857399999245 321.84372931144026 364.6851088080269 340.93871500001114 364.8318889999774 340.8295574830845 379.0353166695542 English 0
315.844523958076 363.69879527520374 323.49843440817494 364.7990814818429 321.1406590000115 381.19877500000257 313.48674908782414 380.09849131816446 English 0
313.9472261170886 382.58147020013433 299.17146881220106 380.2928695828946 302.314664000005 360.00204800000085 317.0903390093008 362.29064212755213 English 0