437 229 455 229 455 247 437 247 Manipuri 0
457 227 469 227 469 245 457 245 Manipuri 0
472 226 482 226 482 249 472 249 Manipuri 0
410.61029500000586 295.0262790000345 409.6301121086435 264.150879723356 482.67904095009726 261.83181031833885 483.65944976059836 292.7069758380169 English 0
404.0080156194017 297.20746755172786 322.94555372791365 301.3369864805761 321.27604259207146 268.5609476357423 402.3379450000357 264.431443 English 0
120.10149356785405 310.07880978115594 121.11680100002559 287.2251099999942 148.99276821299281 288.46345085114274 147.9775347069517 311.3170796186191 Manipuri 0
153.2892072134564 289.93456661123633 170.0910880000447 290.2605500000005 169.75913976879383 307.3687517691725 152.95725899995887 307.0427689999994 Manipuri 0
174.57071226337575 289.7248212238273 207.90019580374064 291.31536832249316 207.03517600006307 309.4404290000014 173.7056926857622 307.84988511689585 Manipuri 0
22 578 37 578 37 585 22 585 English 0
18 590 38 590 38 599 18 599 English 0
21 603 35 603 35 612 21 612 English 0
19 614 40 614 40 624 19 624 English 0
0 584 2 584 2 592 0 592 English 0
0 596 8 596 8 604 0 604 English 0
3 584 11 584 11 593 3 593 English 0
6 620 15 620 15 631 6 631 English 0
0 623 5 623 5 632 0 632 English 0
93 251 123 251 123 272 93 272 English 0
127 253 165 253 165 272 127 272 English 0
168 252 199 252 199 272 168 272 English 0
183 179 195 179 195 196 183 196 English 0
2 183 189 183 189 248 2 248 English 0
288 75 299 75 299 85 288 85 English 0
302 77 333 77 333 88 302 88 English 0
307 1 326 1 326 16 307 16 English 0
563 189 603 189 603 257 563 257 English 0
607 212 620 212 620 250 607 250 English 0
622 216 635 216 635 253 622 253 English 0