190 481 249 481 249 522 190 522 English 0
247 492 271 492 271 525 247 525 English 0
235 281 302 281 302 314 235 314 English 0
301 295 329 295 329 319 301 319 English 0
329 305 356 305 356 325 329 325 English 0
358 309 380 309 380 331 358 331 English 0
379 315 412 315 412 341 379 341 English 0
412 323 434 323 434 344 412 344 English 0
435 326 466 326 466 351 435 351 English 0
466 333 488 333 488 353 466 353 English 0
473 249 553 249 553 330 473 330 English 0
419 239 481 239 481 312 419 312 English 0
350 225 406 225 406 297 350 297 English 0
222 194 357 194 357 290 222 290 English 0
335 173 366 173 366 206 335 206 Manipuri 0
364 182 398 182 398 213 364 213 Manipuri 0
406 195 435 195 435 221 406 221 Manipuri 0
435 197 464 197 464 228 435 228 Manipuri 0