120 288 157 288 157 380 120 380 English 0
158 278 201 278 201 374 158 374 English 0
200 269 239 269 239 364 200 364 English 0
241 257 374 257 374 360 241 360 English 0
260 352 344 352 344 389 260 389 English 0
344 353 377 353 377 375 344 375 English 0
150 426 225 426 225 454 150 454 English 0
225 420 256 420 256 441 225 441 English 0
256 415 287 415 287 440 256 440 English 0
286 408 324 408 324 432 286 432 English 0
326 403 374 403 374 426 326 426 English 0
284 220 297 220 297 242 284 242 Manipuri 0
299 216 320 216 320 239 299 239 Manipuri 0
321 213 333 213 333 238 321 238 Manipuri 0
333 209 358 209 358 234 333 234 Manipuri 0
226 370 260 370 260 400 226 400 English 0