276 79 318 79 318 102 276 102 Manipuri 0
324 75 350 75 350 99 324 99 Manipuri 0
353 69 364 69 364 94 353 94 Manipuri 0
280.2137309999671 138.0846000000196 277.13901816772704 113.38291071821145 318.6254779999581 108.21897399998788 321.70023115279037 132.92061601240835 English 0
322.9073722674366 104.78682666841127 337.75231599996914 104.70537100000003 337.89646660319704 130.97593842618795 323.0515228716831 131.05739400070405 English 0
340.5884152439103 105.0626448322577 362.7278550000483 103.65128999999851 364.3177989970718 128.59195979882142 342.17835939256474 130.00331310247216 English 0
307.8764899636735 177.43677810166866 311.6442216118594 207.51143569304475 262.8256959999999 213.62706600002784 259.0580827923259 183.55251582725884 English 0
312.7767760000279 205.89713899997523 308.94634537886304 177.4304198496337 382.0127659999707 167.5988659999842 385.84331893362105 196.06543966830375 English 0
221.08435800000734 180.10663999997587 217.884249405397 151.31212863931916 269.8547320000216 145.53640899997384 273.0549199791858 174.33082898094176 English 0
217.29613768446143 179.82457700701593 196.2191470000107 182.88079499999836 192.42173854341672 156.6925338160445 213.4986605906306 153.63632087184743 English 0
299.90415620784916 225.55969032296898 301.8918210323318 246.24356943992916 235.10104000000865 252.6614479999978 233.11350869873422 231.97769227523486 English 0
303.8699379999889 221.9323530000008 326.6985737759387 221.02415279718016 327.4541804577166 240.01644232885837 304.62554477322556 240.92464104880423 English 0
314.7044349605858 140.84156931165614 317.3865221392771 169.19149443390546 274.19047299998056 173.2779530000209 271.5084634210507 144.92809959129244 English 0
317.2146997733944 136.86940215466848 345.81532700001844 134.6531869999988 348.20667456442607 165.51343295563467 319.60604779596906 167.72964424827262 English 0
354.3597430000227 162.60812799999752 350.39672194492596 135.11363990533437 381.72107600003073 130.5986539999985 385.6841362074192 158.09309459525144 English 0
431.8504121676233 125.2636111053344 435.3562532014621 152.52619565399027 386.82423699996434 158.76699099999246 383.3184736581461 131.5044767045796 English 0
402.3784670000168 228.97443700002154 398.65866248968814 208.89276316143514 433.0999619999784 202.51327200002595 436.8198096100241 222.5948892287982 English 0
366 211 380 211 380 231 366 231 English 0
11.256061999956728 368.091207000003 87.21570830137352 359.7561240705471 91.98967778916995 403.2578676989129 16.03004022144887 411.59289826758913 Manipuri 0
170.22007361178112 355.3775750955618 169.80594430235215 399.5569807322212 97.32465499997488 398.877017000027 97.73922828295326 354.69805793792597 Manipuri 0
189.84441150685598 561.6508292815581 100.95739999997022 564.3707579999999 95.98560092672415 401.8382112131119 184.86746599999606 399.11836099999954 English 0
77.29787751515687 576.189449338495 3.1347829999867827 577.9001939999998 -0.5916089710808592 416.291267711506 73.56706699996721 414.58057400000035 English 0
497.12773899998865 617.5221130000166 486.8243297700974 563.0046637366031 602.341396999982 541.1774390000305 612.6458535062557 595.6935048534128 English 0
480 336 537 336 537 476 480 476 English 0
552 326 609 326 609 455 552 455 English 0