171.35307999997167 367.1907190000345 169.87980089594203 304.9714563384487 257.25986600002216 302.9024299999843 258.7338063280913 365.1210144800591 Manipuri 0
312.88470765415695 369.6611673910175 258.7050136202015 368.0382132920503 260.62203502384364 304.0619189350346 314.8008600000321 305.6848600000006 Manipuri 0
376.2013625758118 364.5378969864319 306.7766921823204 364.3335944900996 306.95023799999035 305.5478269999998 376.37389271723805 305.75212800306826 Manipuri 0
238.9728228822787 481.7846314027174 141.3499579999916 482.24017000000003 140.83892382288468 372.37367364866293 238.45838199995342 371.91814300000004 English 0
312.88425292012107 369.6598274428134 316.1820425222686 476.2293879160629 242.677862677956 478.5025827934314 239.381343999994 371.93425300000297 English 0
409.7363341872551 472.70856269970125 315.0517870000476 474.6038559999995 312.7744121262367 360.7608229108308 407.4556219999795 358.8655629999997 English 0
293.40024597840966 477.78093484416934 292.4081927299994 534.6618964833353 227.75938778002455 533.5338556460489 228.7521199999901 476.6535859999877 English 0
333.25632430947735 485.5894693672677 332.3569220000354 537.1376180000331 293.1759608227003 536.4537852207244 294.0757398105052 484.90601943658595 English 0
329.687201561901 528.244001566634 328.6744108149287 471.3705151012805 381.5126120000059 470.4297870000314 382.5259511043987 527.3027139536692 English 0
223.42360641501728 545.9046129592602 257.0072930000606 546.4906770000006 256.3247174587741 585.5956852195739 222.74103099996864 585.0096259999997 English 0
313.9592249638372 583.0457996884073 253.06656521337572 574.8220669525961 258.57842817582423 534.023160670828 319.4700600000215 542.2468230000006 English 0
316.4859366911696 533.2177942836121 354.901172999962 528.6408860000026 360.43213795972406 575.053440657327 322.0169095845631 579.6303048151639 English 0
358.1545940000069 571.3708409999725 358.8065848212136 534.0431995197049 382.794737814329 534.4621389949016 382.1429343717318 571.7895959812244 English 0
317.4053516534332 568.880800389771 321.9448244922387 605.547579131367 266.2542609999946 612.439880999977 261.71528564285836 575.773553964229 English 0
353.5674604675296 605.0736612298484 316.9123320197832 607.3745701155334 313.78338187307236 557.53458992905 350.437718999965 555.2337060000023 English 0