301 234 317 234 317 256 301 256 Manipuri 0
321 236 348 236 348 257 321 257 Manipuri 0
31 303 180 303 180 393 31 393 English 0
186 302 320 302 320 389 186 389 English 0
209 400 240 400 240 422 209 422 English 0
242 398 280 398 280 419 242 419 English 0
282 396 310 396 310 417 282 417 English 0
500 134 538 134 538 167 500 167 English 0
542 134 593 134 593 169 542 169 English 0
596 137 630 137 630 173 596 173 English 0
482 231 598 231 598 321 482 321 English 0
603 235 631 235 631 320 603 320 English 0
578 11 640 11 640 93 578 93 English 0
458 369 476 369 476 430 458 430 English 0
455 446 479 446 479 509 455 509 English 0
458 532 478 532 478 592 458 592 English 0