197.0828283600713 350.2911941113269 125.17934208677616 346.70792207816163 129.43063512262597 261.4205062823077 201.33271500002593 265.00374300000095 English 0
201.37552100000903 347.09764299996465 195.04801142735232 255.49784390840887 308.8199419999728 247.63912800002896 315.1485216902074 339.2377587644043 English 0
121.24104117800016 365.2570669441662 40.99686900000961 363.4039960000001 43.058577982665156 274.16949081252915 123.30104300002859 276.02254200000027 English 0
503.2565181430982 282.4957844373858 445.4298713258322 282.81605004995214 445.14338702196255 231.038470014994 502.96945900001447 230.7182059999998 English 0
490.0223939999705 277.768837000004 493.1779273356369 212.02206623084962 583.7010880000162 216.36648499997705 580.5461300825118 282.11270118150884 English 0
638.1858649472997 217.56379214600008 641.9692442826636 267.610074777754 574.7594450000179 272.69038799997236 570.9763938465039 222.6444140721353 English 0
141.95707698796468 283.00841029726155 76.8542970155977 283.5834517179608 76.41289328523271 233.57688468155058 141.51505100002396 233.00184599999972 Manipuri 0
186.37271908897674 270.8331873297992 136.97770915467117 266.5118671825273 141.31637512728048 216.92351148250526 190.71093999998993 221.2448119999969 Manipuri 0
178.6304490436305 261.12642222564557 183.6420999999973 220.62636799996685 236.1433447356103 227.1228002825821 231.131908329844 267.6226592723427 Manipuri 0
477.8962566849805 205.32509349884657 481.7012712381256 242.39788005146576 453.541289982677 245.28792658739803 449.73637100003543 208.21522799999843 Manipuri 0
473.0271000000357 233.4522939999714 470.66423667172785 201.56949812916653 506.55513300000166 198.9096770000142 508.91808116663015 230.7923802608224 Manipuri 0
529.7251355197659 227.70523778738706 500.24753099998634 225.12636299999886 503.19153710901446 191.4772010974579 532.6689859999897 194.05606899999725 Manipuri 0
563.5849170079746 198.54528116314526 560.6410239999968 232.19467700002266 523.1965843679791 228.9187721339194 526.1405678666051 195.2694762775796 Manipuri 0