182.94390925919288 196.5091490429802 186.70844656713598 252.73634729649785 109.24628100001428 257.92196399998744 105.48213407673757 201.69513342189822 Manipuri 0
232 186 269 186 269 239 232 239 Manipuri 0
359.7137086274597 185.5973843763561 363.1979757088993 237.24468450211705 277.6826379999693 243.01310600000133 274.19874457809783 191.36615777886442 Manipuri 0
420.7255320263357 182.86116792938213 423.5327862383565 223.99713386169998 369.7896010000113 227.66442900003545 366.98252600224805 186.528631543114 Manipuri 0
427.07410600000003 224.73252399998722 420.4957103327615 182.31672289697957 475.12536700000055 173.84425899999985 481.7039034055779 216.25988663363108 Manipuri 0
576.4445625571534 166.0986255120005 580.9095041203545 204.00327867039113 481.47392600003514 215.71538100002826 477.0092797157122 177.8109963796092 Manipuri 0
71.47886139362527 274.6668471611109 162.6278760000423 278.5217500000008 157.95872435170168 388.91527935268124 66.809712999966 385.06042899999863 English 0
232 265 295 265 295 359 232 359 English 0
379.66218707828375 354.2608713544861 297.06423199997516 352.02871399999947 299.85926353387185 248.64550135537812 382.45531200002006 250.8776329999998 English 0
415.7805354426091 231.7571303257913 489.0630400000373 233.91528500000103 486.0064645530656 337.698892934225 412.7239610000106 335.54076200000065 English 0
595.422492213911 221.68599317481534 606.9335441108706 304.659950455474 491.45712899997307 320.6780059999975 479.9471596773219 237.70502363978127 English 0