34 247 138 247 138 362 34 362 English 0
142 225 238 225 238 339 142 339 English 0
82 197 145 197 145 244 82 244 Manipuri 0
149 190 192 190 192 231 149 231 Manipuri 0
181 350 223 350 223 389 181 389 English 0
148 356 178 356 178 401 148 401 English 0
106 363 146 363 146 408 106 408 English 0
71 374 103 374 103 416 71 416 English 0
22 384 68 384 68 426 22 426 English 0
2 390 21 390 21 435 2 435 English 0
600 399 629 399 629 463 600 463 English 0
518 218 556 218 556 291 518 291 English 0
572 234 597 234 597 283 572 283 English 0
599 212 629 212 629 275 599 275 English 0