412.201047706767 280.00519576065886 424.680620785075 338.55226094510334 232.73704344581347 379.45961514811006 220.25908212497598 320.91395158288174 English 0
406.18714174554043 337.27460203279395 413.946853124944 373.5659973083333 232.56938933300262 412.3407591096989 224.81075206509558 376.0502980691953 English 0
255 94 288 94 288 124 255 124 English 0
292 83 326 83 326 111 292 111 English 0
332 64 388 64 388 102 332 102 English 0
366.37553245571326 38.637503293844475 370.9905933649861 60.68188485915381 334.6313199999713 68.29377499998971 330.01627768921026 46.249409628754464 Manipuri 0
302.99181900001713 77.16093400002245 298.2221797667444 53.348382804341895 332.38079599999764 46.50644899997643 337.1504493308021 70.31898073485327 Manipuri 0
272.82710600004066 90.15981500001345 265.1218558420078 68.06807934451854 298.42229200003203 56.453453000031914 306.127552364851 78.54516726747781 Manipuri 0
404.15903599998273 479.52823599998317 398.0359153313475 455.38416521219153 434.72974199998134 446.0797779999915 440.852965488084 470.22369118489763 English 0
402.0197423510399 461.0868843714641 407.7290823603107 478.7410235581584 371.37854399996286 490.4946059999762 365.6693442221149 472.8405860981081 English 0
340.4249340000388 502.00651000002597 335.1095121016988 481.68624959546486 369.76846400000795 472.62163199999685 375.08397032215726 492.9417605404833 English 0