122 247 189 247 189 326 122 326 English 0
190 236 278 236 278 315 190 315 English 0
278 218 399 218 399 299 278 299 English 0
526 226 614 226 614 275 526 275 English 0
430 338 455 338 455 360 430 360 English 0
320 189 347 189 347 217 320 217 Manipuri 0
351 187 366 187 366 215 351 215 Manipuri 0
367 183 384 183 384 213 367 213 Manipuri 0
577 315 615 315 615 339 577 339 Manipuri 0
580 171 601 171 601 197 580 197 English 0
75 620 84 620 84 633 75 633 English 0
84 617 109 617 109 630 84 630 English 0
109 612 126 612 126 626 109 626 English 0