6 204 127 204 127 273 6 273 English 0
123 219 315 219 315 305 123 305 English 0
316.84501000003365 296.46111200002406 318.72665309776494 240.44111294817452 507.3345039999549 246.77468899996956 505.4539654604014 302.7936115258268 English 0
139 282 195 282 195 319 139 319 English 0
203 292 267 292 267 331 203 331 English 0
279 300 344 300 344 336 279 336 English 0
116 321 140 321 140 350 116 350 English 0
140 328 177 328 177 356 140 356 English 0
177 331 194 331 194 356 177 356 English 0
195 334 252 334 252 365 195 365 English 0
253 340 271 340 271 364 253 364 English 0
280 344 297 344 297 369 280 369 English 0
298 343 344 343 344 372 298 372 English 0
83 356 112 356 112 382 83 382 English 0
112 360 134 360 134 384 112 384 English 0
138 364 169 364 169 388 138 388 English 0
169 369 204 369 204 393 169 393 English 0
204 371 247 371 247 400 204 400 English 0
298 381 322 381 322 405 298 405 English 0
325 382 351 382 351 408 325 408 English 0
193 207 218 207 218 236 193 236 Manipuri 0
217 215 268 215 268 241 217 241 Manipuri 0
270 216 314 216 314 248 270 248 Manipuri 0
0 372 21 372 21 400 0 400 English 0
18 383 32 383 32 401 18 401 English 0
192 405 239 405 239 435 192 435 English 0
319 420 349 420 349 445 319 445 English 0
351 422 384 422 384 448 351 448 English 0
385 425 414 425 414 450 385 450 English 0
416 423 460 423 460 450 416 450 English 0
458 426 487 426 487 453 458 453 English 0
267 417 318 417 318 442 267 442 English 0
270 378 296 378 296 401 270 401 English 0
445 341 489 341 489 365 445 365 English 0
426 394 453 394 453 418 426 418 English 0
458 389 499 389 499 415 458 415 English 0
409 310 449 310 449 332 409 332 English 0
407 324 447 324 447 346 407 346 English 0
353 382 371 382 371 408 353 408 English 0
248 378 265 378 265 403 248 403 English 0
243 413 256 413 256 433 243 433 English 0