310 238 329 238 329 260 310 260 Manipuri 0
328 247 341 247 341 261 328 261 Manipuri 0
340 246 358 246 358 265 340 265 Manipuri 0
357 248 385 248 385 269 357 269 Manipuri 0
278 326 304 326 304 340 278 340 English 0
235 323 251 323 251 335 235 335 English 0
212 319 235 319 235 333 212 333 English 0
169 314 211 314 211 333 169 333 English 0
228 252 303 252 303 318 228 318 English 0
119 236 201 236 201 307 119 307 English 0
140 310 170 310 170 328 140 328 English 0
62.87329200000386 298.40581899997073 65.16741667699534 284.3549575136919 88.6538181384094 288.1893972312612 86.35973444943374 302.2402222458819 English 0
302.83306278164673 316.5446519699335 308.43651499999396 277.80089099996883 382.2115032377769 288.47002764135686 376.6084130791569 327.21346313558263 English 0