281.3263733670465 265.52898937969866 307.16196900000796 265.2868730000001 307.36632872933114 287.0923447273114 281.53073310553737 287.33446056471234 Manipuri 0
342.040639151237 261.21069553991254 342.458482620641 281.8128863882012 306.6551669999899 282.53888800001573 306.2373995321832 261.9367716341686 Manipuri 0
272.08647599996766 314.71400199997356 270.71154529432533 285.9469052034659 351.5640010000061 282.08257100002123 352.93917712318944 310.84940826261845 English 0
286.49203747372667 343.9467516076013 266.70348895371717 342.61171787558817 268.3415745216189 318.33408426039347 288.1300049999845 319.66911400000004 English 0
287.0697349999682 339.2413429999874 288.98859226188506 315.6151945453274 303.34866416094883 316.78140153947777 301.4298513966787 340.407508428612 English 0
348.5781122152548 315.150100442251 348.0929822062899 338.45747374339334 302.05553599997074 337.4991120000087 302.54079331978573 314.1918687323841 English 0
283.3642218542809 351.9213059121747 267.087664953724 350.2195838752407 268.62858048400085 335.4827092065442 284.90507599999546 337.18442800000287 English 0
283.32109176822996 349.53559536744183 283.42173875382286 336.4624286827882 299.4818490000034 336.5860589999704 299.38122901869065 349.659198850752 English 0
298.6868050000339 349.62338300000823 298.9912543576793 335.4496207655762 317.83511100002215 335.85434200003107 317.53069639846217 350.0280701917975 English 0
317.9060590000154 348.40095299997864 317.7004931664851 335.45278406381567 345.0643029999628 335.01836699997375 345.26991313636245 347.96649090492417 English 0
302.5112299484317 351.2869832476398 302.0896829855337 365.5124277189836 282.30456099998264 364.92613900002607 282.72614428424276 350.7007319584468 English 0
314.20769764867146 366.69288641262256 299.07027799999923 363.9994959999999 302.02286645930144 347.4071196065284 317.1602200000052 350.1005039999959 English 0
315.8551777024695 361.888507164408 316.6099125038454 350.0653543593593 327.2868860000017 350.7468600000005 326.532168932099 362.56999602992465 English 0
268.0390410000109 380.48879600001897 266.42062546961824 367.6368106445792 294.7646079999686 364.06786999997473 296.38306675245985 376.9198044138309 English 0
296.0267415722774 366.6823933202802 305.2037980000023 366.5437260000002 305.38350015303877 378.43526591225753 296.2064437306981 378.5739330040687 English 0
322.7620169999864 378.84933299998863 322.62328525037447 364.64612660738334 341.7179500000202 364.45962999997334 341.8567188658926 378.6627988914348 English 0
316.60780656886345 363.7646624417398 324.27975364662416 364.73121584710583 322.20855200001097 381.1695469999978 314.53660533748916 380.2029958126702 English 0
315.04034610421513 382.6775748521047 300.2269006831193 380.6471700725857 303.01549000003433 360.3046070000029 317.82885255226574 362.33500601910174 English 0