114.93206400002236 326.02915400001785 104.04312093873159 316.72996322709844 165.81001384322008 244.40824946070595 176.69882397371111 253.70734604861423 Manipuri 0
175.14498099997581 260.80192699999304 164.28997741073545 244.48406438199999 190.95147799998813 226.74904000001123 201.80647195171332 243.06685506807395 Manipuri 0
224.72199300071225 212.64869643035036 232.05342605047917 232.24904118862585 196.4432250000391 245.5682850000159 189.11186659213854 225.96800338626974 Manipuri 0
283.0981451280968 198.79434986246042 286.28493498574244 221.8806888108855 231.6965270000219 229.4155280000194 228.50984950055135 206.3292902766869 Manipuri 0
358.3155814350175 223.29832084209275 350.0660817948665 245.71841303453883 279.4638554411358 219.74094858438346 287.7134159999696 197.32099599999944 Manipuri 0
187.8539211091993 315.8726705229081 168.39821114488586 318.541150326726 161.20194968520082 266.07629942320733 180.6574389999878 263.4078350000042 English 0
189.57444400002714 304.46009199999673 172.47927002106735 264.0033549237242 240.30420199997025 235.3451300000088 257.3994752794533 275.80156646194064 English 0
324.77164689327765 237.2477062738487 322.514299312752 284.7793423878913 243.5527538615861 281.0290560920905 245.81044500002463 233.49778200001847 English 0
158.14394384615298 278.66212914298984 184.86040094328928 297.474586768055 105.37884631805355 410.34009269786105 78.66266621946124 391.5279679702505 English 0
332.0954398847243 237.8992286441524 355.34398609124764 240.88669914956057 348.18082402875007 296.62770426621506 324.9322809557634 293.6402504604019 English 0
266 170 274 170 274 187 266 187 Manipuri 0
256 176 263 176 263 192 256 192 Manipuri 0
244 171 256 171 256 189 244 189 Manipuri 0