196.57287397727487 348.1413789556573 124.74289125122596 343.3038415051094 130.48201268378762 258.10359980862125 202.3106050000206 262.941090000001 English 0
200.92066899997008 345.0232329999849 196.19287988032738 253.32692468140849 310.08451599998807 247.45502999999718 314.81339636629855 339.15017317113825 English 0
120.48144456326554 361.78125839277084 40.28185900002427 358.5281100000006 43.90061115977005 269.34325584296073 124.09851399999752 272.596369999999 English 0
503.88314459509274 285.69976334320916 446.059715804804 285.01081394906316 446.67692599105067 233.2361150785026 504.49977399999625 233.92506099999963 English 0
490.73353400002816 280.7425689999729 495.0361031531793 215.06085946795451 585.4695789999823 220.98448800000753 581.1676016494312 286.6656350218384 English 0
639.9251615827961 223.13249215224974 642.8345163379709 273.2371817880476 575.5463099999906 277.1437589999957 572.6372860823903 227.03938476229968 English 0
142.62977758560737 279.9067665652169 77.5268846059771 279.3455732892944 77.95828240610717 229.33891435910058 143.0605619999551 229.9001049999998 Manipuri 0
187.25114346954797 268.5085571234176 137.9390769609745 263.32586458970036 143.14251877709466 213.8207777494424 192.45414700002584 219.0034470000015 Manipuri 0
179.67944192329014 258.66814691353653 185.3971769999771 218.26173000003226 237.7770500297629 225.67344643223723 232.0595293949009 266.0796701074697 Manipuri 0
479.8735612661403 208.0982272826856 483.0309683242376 245.2317766987643 454.8248363768653 247.62992530536818 451.66752500001166 210.49646500003118 Manipuri 0
474.51425899998867 236.1361670000361 472.7082080152468 204.21698373108936 508.64003700000467 202.18395600002313 510.446176052792 234.10304527396823 Manipuri 0
531.3039606144594 231.37948274431454 501.87585100000433 228.28656500000136 505.4066678882373 194.69392664665116 534.8346200000378 197.78683600000306 Manipuri 0
565.6675158355938 202.8149212843665 562.1367869999813 236.40781600001037 524.7552198969788 232.47891700814728 528.2860384236847 198.88612394110564 Manipuri 0