332 285 365 285 365 311 332 311 English 0
365.68580300001486 303.0188980000027 365.0406682621542 279.3194904015062 417.3645140000008 277.89516600001997 418.0097790667787 301.5944391846627 English 0
419.4318689999636 297.1063500000294 418.0265364718798 274.4102078628034 465.9664209999755 271.44191400000636 467.3718610463402 294.1379405005227 English 0
364 213 388 213 388 237 364 237 Manipuri 0
389 214 415 214 415 236 389 236 Manipuri 0
418 209 435 209 435 232 418 232 Manipuri 0
437 204 454 204 454 232 437 232 Manipuri 0
454 206 469 206 469 228 454 228 Manipuri 0
163 339 191 339 191 357 163 357 English 0
192 342 209 342 209 352 192 352 English 0
209 338 231 338 231 353 209 353 English 0
232 336 247 336 247 350 232 350 English 0
248 335 266 335 266 350 248 350 English 0
267 333 291 333 291 349 267 349 English 0
200 253 228 253 228 274 200 274 Manipuri 0
230 250 265 250 265 272 230 272 Manipuri 0
184.16409600002225 333.7312850000152 182.53952403298172 302.35094715731486 276.25402600002417 297.4993300000148 277.8789246414817 328.87932119796903 English 0
178.33926600003906 298.50925900000897 176.37018092078506 273.6658229161821 284.1023429999768 265.12703300000607 286.0716845015122 289.97018691776924 English 0
335.54789699999674 283.24801499997085 332.4252639753104 239.17484847499367 469.1754149999906 229.485805999979 472.29858023812994 273.55839391896984 English 0
400 302 429 302 429 320 400 320 English 0
467.0784991772234 297.77857279415565 468.98477772403567 311.61754916428146 429.16318900002807 317.10234599999836 427.25698101850867 303.2634332235584 English 0