261.0989877361135 205.36992751476572 283.7351408842369 207.68844217434372 277.92171699999017 264.4439239999968 255.2855655975145 262.1254208994194 English 0
375.11884802705026 233.57071664918948 361.99010700001963 291.0680480000312 270.71489128880785 270.22696232014204 283.84398299996974 212.73013199999556 English 0
325 282 331 282 331 304 325 304 English 0
325.6554039428738 301.2080801628986 331.4536319999752 284.1033410000172 364.08731467294274 295.1648912006985 358.2891635928536 312.26956495157094 English 0
268 180 311 180 311 205 268 205 Manipuri 0
313 190 354 190 354 217 313 217 Manipuri 0
248.5358220168564 279.75452760224084 263.2269796740002 281.2216043760228 260.8758320000197 304.76428899999854 246.1846749016695 303.2972159952436 English 0
273.1477232310863 313.11713863664716 261.39468681358267 312.5012281259012 262.9031928598124 283.71801686607125 274.65615450346377 284.3339254179416 English 0
283.4246987663937 288.98463588879065 281.2971948907216 312.0024023701504 272.83765460677387 311.22053567739556 274.965177999984 288.2027909999696 English 0
247.4480554577167 306.02383791008 258.59099026740296 306.4179640380805 257.51043158546963 336.96577306732524 246.36749685188988 336.57164837997937 English 0
264.94457190157846 314.0039488469767 278.1284858933941 314.65507582019063 276.64692909216683 344.65102996521983 263.463015275629 343.9999053868295 English 0
285.06805126067775 321.4796287859949 293.37188189994777 321.95486086808387 291.93861100000504 346.99666299999865 283.63478048609977 346.5214323988102 English 0
283.4656585997436 345.5246495920401 276.6053969517088 345.2938764408293 277.4628929708706 319.80563999164474 284.32311144671985 320.03641241694936 English 0
257.9952729999786 314.28185700000006 263.9669200428034 314.26625439648467 264.0176262737805 333.6717607210942 258.045979231174 333.68736328812696 English 0
250.15487316071813 363.8241509371052 243.96541785718 363.3834314645817 245.77010100001644 338.0411640000019 251.95951543646515 338.4818820124486 English 0
281.5004506560945 374.2045744702881 273.3244510953955 374.0270227890204 273.8641531507892 349.17831748317946 282.040098146972 349.3558685723363 English 0
265.02911160067015 345.47153896836096 274.2958664424077 345.68106053102906 273.73007606067404 370.7025848499513 264.46332124236505 370.4930639858144 English 0
251.754255077758 339.6389909329292 258.9858074572112 339.89131089713084 258.1721066256432 363.21006920438555 250.940554286135 362.95775000956087 English 0
264.0780658712174 367.12373634467565 257.94606839102926 366.99056752210663 258.4623644735984 343.219983971684 264.5943235124287 343.3531523770954 English 0
247.08119719973183 426.8826560980785 241.41019195812987 426.84051847966936 241.5659218309156 405.8871674283837 247.23689020393067 405.92930490963687 English 0
275.8183261031081 426.3001387966199 287.8595329431846 427.14550888818246 286.4699010000186 446.93624700000044 274.4286944434134 446.09087963063524 English 0
241.24994990153937 380.1832219997826 250.80462122503377 380.20431226439456 250.75562225807516 402.4001657271797 241.20095093479904 402.3790755307136 English 0
257.8615257090132 406.37443890664207 250.66781090201403 406.4146322659328 250.56715433449426 388.3979794033064 257.76083087148436 388.35778615086696 English 0
278.6350310994749 400.1214397861724 290.47835916840995 400.9945392401987 288.9384319999954 421.88058800000067 277.09510423839674 421.0074913400553 English 0
273 399 278 399 278 414 273 414 English 0
263 393 273 393 273 412 263 412 English 0
255.8962012403208 414.98237987344737 266.59719157200016 415.4731007358757 265.44056227117835 440.6919547908676 254.7395720743225 440.2012358990004 English 0
254.13328915114107 433.4200493208299 246.4616431248578 433.29790749673924 246.82153482208378 410.6982275620429 254.49312647142506 410.82036895339695 English 0
270.51115909976943 422.8114758301751 276.17917348834453 423.14336971661146 274.97136029087414 443.76730368726726 269.3033459986327 443.43541090551514 English 0
262.85084138595266 408.177894491838 257.4234924830671 407.89349307001714 258.2293929513253 392.5162762311145 263.65671700004896 392.80067700000166 English 0
266.86581082591147 420.69411390806204 270.2590940495429 420.8376108931196 269.43223528694944 440.3877319496516 266.038952091767 440.2442354141454 English 0