370 220 382 220 382 245 370 245 Manipuri 0
381 217 402 217 402 241 381 241 Manipuri 0
402 215 413 215 413 236 402 236 Manipuri 0
413 205 443 205 443 238 413 238 Manipuri 0
402 243 425 243 425 267 402 267 Manipuri 0
384 273 412 273 412 306 384 306 Manipuri 0
410 264 452 264 452 295 410 295 Manipuri 0
445 137 493 137 493 196 445 196 Manipuri 0
477 191 508 191 508 223 477 223 Manipuri 0
491.78620143226 183.8695422647736 487.32303600001615 138.97272499997084 547.5194564447156 132.98871872166453 551.9827638074639 177.88537483068535 Manipuri 0
231.44933999996283 244.5691579999654 217.7088863606332 181.72457616691247 264.32333917844517 171.5330581957353 278.0639580803836 234.37740725070356 English 0
279.8094433865481 235.05077219319506 266.96280199998 174.81061800001504 335.8620776492171 160.11775355256623 348.70894374085765 220.35759480814048 English 0
288 231 332 231 332 258 288 258 English 0
257 239 288 239 288 264 257 264 English 0
344 67 354 67 354 90 344 90 English 0
360 66 370 66 370 88 360 88 English 0
369 61 401 61 401 89 369 89 English 0
349 124 384 124 384 155 349 155 English 0
383 120 422 120 422 150 383 150 English 0
511 187 545 187 545 219 511 219 Manipuri 0
591 304 618 304 618 321 591 321 English 0
616 300 633 300 633 317 616 317 English 0
580 127 609 127 609 156 580 156 English 0
577 100 603 100 603 127 577 127 English 0