86 238 128 238 128 264 86 264 Manipuri 0
131 229 171 229 171 253 131 253 Manipuri 0
285.34538041756605 199.8323368635303 290.24388615594944 220.2853679027922 181.22076128827757 246.3948895522716 176.32247522036778 225.9420482147141 Manipuri 0
87.8605540737044 310.3985006346913 56.855110000033164 315.46597499999757 50.19008382267202 274.6876916355989 81.19525499998417 269.6202400000057 English 0
125.06682540079055 300.6360644914373 102.9896450000524 303.7454659999974 97.82056063842901 267.04590636222486 119.89757100003771 263.936516999998 English 0
262.6179978867003 231.50395409976556 270.7434999637917 267.3746185411995 132.1383240000432 298.76894300001146 124.01340009702835 262.89878000009315 English 0
121.79666828866175 303.29947029108274 125.45414532301947 323.23740323547185 92.91259799996624 329.2063730000016 89.25520881930424 309.268517409891 English 0
125.3268200000457 320.1021830000228 121.39251376174798 304.07400116306525 157.68336599998293 295.16656699999425 161.6177179676015 311.1946803603541 English 0
166.61894299999403 309.90792500001777 163.0433561688551 293.26691659501614 210.2745970000251 283.11911400002305 213.85024745781266 299.76003366141674 English 0
231.78413982343045 279.0805047698691 235.0443936427473 295.8133849798745 214.21764799997618 299.87099199999545 210.95743765705265 283.1381498953578 English 0
265.7373487816949 268.8556034310207 269.6061868272227 284.95270920264085 236.21496300002036 292.97751600001516 232.34619169132202 276.8804678916558 English 0
61.53245900000911 358.6804860000102 58.44748771007289 341.9353311589598 83.02175299999362 337.40839300002403 86.10676576994592 354.15349360266026 English 0
86.68306300001859 351.86567199996796 83.66971376024594 337.9521267832248 100.2519349999784 334.3611159999848 103.26530577629455 348.27463106669165 English 0
102 331 126 331 126 348 102 348 English 0
67 376 115 376 115 400 67 400 English 0
481.6692019999755 64.68697000000662 546.3130706245283 51.93438693614983 549.9090785228327 70.16279432077675 485.26521163345024 82.91537146686454 Manipuri 0
530.7265896182798 144.78673969201935 536.0927933695348 166.783674307535 467.1082380000007 183.6120869999864 461.7421445751097 161.61524763001782 English 0
563.8328313822421 138.0418280599466 569.007420684211 161.38411738539304 536.5756200000033 168.5735149999706 531.4010814546054 145.2312697475223 English 0
566.7225429999962 136.15554299999954 590.3634202441026 131.69831287948804 594.3145865164843 152.6547507999894 570.6737106903165 157.11197581253552 English 0
500.75584199999867 136.2146449999742 488.129762118042 86.19264076750967 570.8331298147823 65.31754062192144 583.4593152716116 115.3393848572759 English 0
614.2611900495103 111.44701021781773 586.5756839999813 116.87093100000679 581.6864058172359 91.91448480425662 609.3718603176239 86.49056920445297 English 0
614 390 639 390 639 419 614 419 English 0