183 246 202 246 202 269 183 269 Manipuri 0
300 305 320 305 320 325 300 325 Manipuri 0
319 310 363 310 363 336 319 336 Manipuri 0
361 316 391 316 391 338 361 338 Manipuri 0
389 323 412 323 412 345 389 345 Manipuri 0
319 278 348 278 348 310 319 310 English 0
348 287 364 287 364 310 348 310 English 0
346 342 406 342 406 384 346 384 English 0
342 378 372 378 372 396 342 396 English 0
80.45701413342613 269.8648754970777 95.06169100000989 242.55467399998145 133.2122802308004 262.95543366147433 118.60773992892064 290.2655178016309 English 0
199.29048256934038 290.1478084001165 187.39451300003566 316.54778899999894 121.70546182140242 286.94950700988875 133.6014879999857 260.549729999978 English 0