296 235 312 235 312 257 296 257 Manipuri 0
316 235 343 235 343 256 316 256 Manipuri 0
34 318 183 318 183 408 34 408 English 0
188 307 322 307 322 394 188 394 English 0
215 407 246 407 246 429 215 429 English 0
248 402 286 402 286 423 248 423 English 0
288 397 316 397 316 418 288 418 English 0
488 120 526 120 526 153 488 153 English 0
529 117 580 117 580 152 529 152 English 0
583 117 617 117 617 153 583 153 English 0
478 216 594 216 594 306 478 306 English 0
599 214 627 214 627 299 599 299 English 0
559 0 625 0 625 73 559 73 English 0
463 359 481 359 481 420 463 420 English 0
465 435 489 435 489 498 465 498 English 0
475 521 495 521 495 581 475 581 English 0