115.42523000003712 304.56069000001827 105.5680172839493 294.174194361742 174.55618826817954 228.70511594166754 184.4133146647073 239.09151321613848 Manipuri 0
182.1263960000215 245.98474700000224 173.03661739555537 228.62157399100977 201.40579899998556 213.770633999989 210.49558320075448 231.13375929125675 Manipuri 0
236.46520192232856 203.27751408688317 241.70759739994537 223.53684204612992 204.90031499997713 233.06082999999236 199.65799191661063 212.80156416470814 Manipuri 0
295.9697371932998 195.60103349071227 296.72581014965544 218.89400265141163 241.64891799999168 220.68153299999358 240.89294741301273 197.38866313659344 Manipuri 0
368.21381335830665 227.83316635974384 357.6658987227711 249.26809261325883 290.16579424052907 216.05296936247325 300.7137330000114 194.61817700002214 Manipuri 0
189.00921400047082 302.0821405396112 169.38116465687926 302.7024514436432 167.70842862279096 249.7728965118352 187.33626399996865 249.15258900000038 English 0
191.91329100001894 290.9120379999724 179.1409070311056 248.88988274947283 249.58962700002303 227.4783989999982 262.36217894569563 269.5002543957494 English 0
333.39547827097704 238.19979995276427 326.1818666146428 285.2350230518387 248.04490840921062 273.2515995410325 255.25880699999107 226.21672999997233 English 0
163.35153503867332 261.96996720871726 187.95523215354478 283.4720836252334 97.11148056812817 387.41120819355814 72.50811973666714 365.90945023477457 English 0
340.6110258269473 239.61329782949562 363.41998170253646 245.01441587712333 350.46952162330854 299.70142489538085 327.66057612214354 294.3003373008214 English 0
281 165 290 165 290 182 281 182 Manipuri 0
270 170 278 170 278 187 270 187 Manipuri 0
258 164 271 164 271 182 258 182 Manipuri 0