279 260 329 260 329 285 279 285 Manipuri 0
332 247 415 247 415 278 332 278 Manipuri 0
230 289 331 289 331 354 230 354 English 0
336 280 459 280 459 340 336 340 English 0
28 200 132 200 132 226 28 226 Manipuri 0
35 220 193 220 193 284 35 284 English 0
182 286 198 286 198 299 182 299 English 0
159 282 182 282 182 302 159 302 English 0
89 288 107 288 107 302 89 302 English 0
74 306 99 306 99 321 74 321 English 0
64 324 98 324 98 339 64 339 English 0
14 327 61 327 61 344 14 344 English 0
49 307 70 307 70 323 49 323 English 0
13 312 39 312 39 326 13 326 English 0
13 292 46 292 46 310 13 310 English 0
52 288 85 288 85 304 52 304 English 0
111 283 153 283 153 303 111 303 English 0
0 229 32 229 32 288 0 288 English 0
0 202 20 202 20 221 0 221 Manipuri 0
232 627 251 627 251 640 232 640 English 0
560 207 596 207 596 236 560 236 Manipuri 0
598 205 625 205 625 232 598 232 Manipuri 0
519.1697680000652 250.19417299999571 617.214868320807 235.90818798353524 625.1511211307661 290.3722174882063 527.1060380223207 304.6581235535765 English 0
541.1830238279072 324.3236690283122 538.309001000016 306.4229909999751 578.6269808265206 299.95020105128407 581.5010716710822 317.85079407339094 English 0
584.2296440514474 318.9428274384657 580.9718137097661 301.1543261600139 599.7535639999842 297.71483100002183 603.0114242339187 315.5032932946397 English 0
602.2679190000053 297.58305899999584 613.3551626849658 296.10994369774886 615.8897676689958 315.18506764179557 604.802524621773 316.6581797145814 English 0
616.1668426482356 295.4790443340345 629.1567990000476 293.4298789999946 632.1321067607641 312.28951596439623 619.1421514502872 314.3386768754652 English 0