320 348 357 348 357 385 320 385 Manipuri 0
268 353 317 353 317 394 268 394 Manipuri 0
196 260 262 260 262 322 196 322 English 0
139 147 245 147 245 257 139 257 English 0
151 281 193 281 193 329 151 329 English 0
473 126 506 126 506 173 473 173 English 0
515 128 539 128 539 175 515 175 English 0
541 129 558 129 558 173 541 173 English 0
560 131 579 131 579 170 560 170 English 0
586 130 605 130 605 172 586 172 English 0
610 127 627 127 627 170 610 170 English 0
526 268 581 268 581 293 526 293 English 0
582 264 626 264 626 283 582 283 English 0
554 61 592 61 592 89 554 89 English 0
573 91 612 91 612 107 573 107 English 0
539 91 572 91 572 109 539 109 English 0
530 113 544 113 544 127 530 127 Manipuri 0
545 115 559 115 559 127 545 127 Manipuri 0
561 111 571 111 571 128 561 128 Manipuri 0
574 114 589 114 589 129 574 129 Manipuri 0
592 113 606 113 606 127 592 127 Manipuri 0
609 111 626 111 626 128 609 128 Manipuri 0