5 276 135 276 135 377 5 377 English 0
42 377 108 377 108 420 42 420 Manipuri 0
0 362 36 362 36 405 0 405 Manipuri 0
265 389 289 389 289 410 265 410 English 0
288 395 331 395 331 422 288 422 English 0
332 408 355 408 355 427 332 427 English 0
287.81128604859987 162.17074825171292 328.96305134265276 165.7767635015475 322.54086700006155 239.0645570000028 281.3891041879833 235.458561500335 English 0
362.63554032193497 200.35225188746347 400.10082485634484 203.8422637319283 394.1193460000068 268.0509720000019 356.65406409803836 264.5609797686184 English 0
349.1576475680631 249.01649636057473 320.78097649718984 246.52928712045306 324.8570599999948 200.02825099999905 353.2335109678388 202.51545053160334 English 0
350 215 362 215 362 251 350 251 English 0
73.17332409424125 132.72562615327703 4.990183785994304 113.72715324774347 28.958268999995198 27.709983999994886 97.14104980441334 46.70840218357472 English 0
89.14629016864637 149.93579308976626 102.31400208911509 153.06413874522374 98.02880399998685 171.1008880000058 84.86109326528094 167.9725458074754 English 0
131.1670496302395 168.89729732929513 125.80721999998786 182.0640469999681 96.12656464116299 169.98207120997162 101.48640400002478 156.81534799998008 English 0
89.62146145480801 152.88267388934705 82.393817469856 168.31973083720948 31.36485155344417 144.4282310974707 38.59250699999393 128.99122199999184 English 0
74.07861282255908 161.41413148405206 69.46578800001589 175.2486139999677 41.59711855965725 165.95652888926202 46.20995600002061 152.12207100001058 English 0
67.592829886853 175.4300358711547 73.45827700002701 160.56854000000274 93.75726390942873 168.57985287261084 87.89184130757349 183.44132795690254 English 0
301.5496451863146 252.2931559755059 306.91532999997435 238.6983990000061 338.7927426989336 251.2794250399461 333.4271093921416 264.8741383479964 English 0
379.43492909442284 266.2678268304816 373.76314100001764 282.5194210000306 329.2418373838882 266.98223150468004 334.91366199996264 250.7307130000072 English 0
520 409 558 409 558 455 520 455 English 0
445 382 475 382 475 431 445 431 English 0
523 459 548 459 548 478 523 478 English 0
58.349563628580654 109.39284057845798 94.47947699998622 63.43601700000452 174.87595263351977 126.64086516120021 138.74626390752383 172.5974815720899 English 0
378 305 397 305 397 323 378 323 Manipuri 0
340 319 347 319 347 331 340 331 English 0
336 318 341 318 341 329 336 329 English 0
324 315 337 315 337 328 324 328 English 0
294 320 304 320 304 331 294 331 English 0
303 322 315 322 315 336 303 336 English 0
314 325 324 325 324 338 314 338 English 0
324 330 333 330 333 340 324 340 English 0
332 331 344 331 344 344 332 344 English 0
274.7070513210201 290.34465198515784 282.2345779999887 272.05646600002876 308.68854705237027 282.94442322919883 301.16108619280567 301.2325534038825 English 0
344.8034306446061 298.78930018884836 337.46266499998455 316.97197000002535 297.89510607784905 300.9985815075065 305.235904000001 282.81599799997485 English 0
295.39916967769386 318.1999173221461 291.8232310000167 328.86868100000135 268.2054593322391 320.9530721302918 271.7814139999973 310.2843400000199 English 0
293.6584245548147 302.61624043215414 288.26996900002996 313.7094939999688 265.92632618470816 302.85695857466294 271.31478800001787 291.76373599999 English 0
298.5547775425948 312.8426887468046 302.41360899999563 304.56606199996946 322.3373817420361 313.8544900380196 318.47857520777325 322.1310955823515 English 0
304.39490188320633 307.11849344475627 300.2107480000268 316.3953610000015 286.54295872889634 310.2311865932055 290.72711699998763 300.95433499999564 English 0
320 312 325 312 325 323 320 323 English 0
241 275 259 275 259 288 241 288 English 0
453 435 472 435 472 457 453 457 English 0