1 237 118 237 118 295 1 295 English 0
120 239 308 239 308 306 120 306 English 0
314.4018099999812 296.91984700002956 310.41710441386385 241.01033780326412 498.65413700004865 227.59403700002454 502.6397920791351 283.5025082790738 English 0
139 300 193 300 193 332 139 332 English 0
203 304 265 304 265 337 203 337 English 0
280 304 343 304 343 334 280 334 English 0
120 342 141 342 141 369 120 369 English 0
145 346 180 346 180 371 145 371 English 0
182 345 197 345 197 369 182 369 English 0
199 347 255 347 255 372 199 372 English 0
258 347 274 347 274 369 258 369 English 0
285 348 300 348 300 372 285 372 English 0
303 345 347 345 347 370 303 370 English 0
91 380 118 380 118 404 91 404 English 0
119 381 139 381 139 403 119 403 English 0
145 382 174 382 174 403 145 403 English 0
177 384 210 384 210 405 177 405 English 0
213 383 254 383 254 408 213 408 English 0
307 382 329 382 329 405 307 405 English 0
334 381 358 381 358 405 334 405 English 0
185 220 208 220 208 247 185 247 Manipuri 0
209 226 259 226 259 248 209 248 Manipuri 0
263 222 304 222 304 250 263 250 Manipuri 0
0 406 29 406 29 431 0 431 English 0
29 414 41 414 41 431 29 431 English 0
204 418 249 418 249 443 204 443 English 0
332 420 361 420 361 442 332 442 English 0
363 418 395 418 395 441 363 441 English 0
397 418 425 418 425 440 397 440 English 0
428 412 471 412 471 435 428 435 English 0
471 410 498 410 498 434 471 434 English 0
280 422 329 422 329 442 280 442 English 0
278 382 302 382 302 403 278 403 English 0
449 328 491 328 491 348 449 348 English 0
435 382 461 382 461 403 435 403 English 0
466 375 506 375 506 397 466 397 English 0
409 300 447 300 447 318 409 318 English 0
408 314 447 314 447 332 408 332 English 0
362 378 378 378 378 403 362 403 English 0
257 385 272 385 272 409 257 409 English 0
255 420 266 420 266 440 255 440 English 0