315 75 360 75 360 105 315 105 Manipuri 0
362 79 392 79 392 108 362 108 Manipuri 0
392 79 407 79 407 106 392 106 Manipuri 0
312.40745199997036 133.93949100002354 313.6689084572572 109.07914762037134 355.42174900001555 111.19771999998946 354.16034213289095 136.0580160264394 English 0
360.2345677831181 108.56128741630718 374.8681380000198 111.05883800000166 370.44827247234934 136.95529558701247 355.81470299999637 134.45774799999964 English 0
377.599103246539 111.903210377423 399.64728200000536 114.35772700000236 396.8821782863233 139.1955357662702 374.83399999997346 136.74102199999783 English 0
332.8165171335422 177.49740214176848 331.3044647416973 207.76938954519005 282.1657679999771 205.3148960000257 283.6779206047504 175.04301447836323 English 0
332.70026700003655 206.3763179999769 333.8713755668141 177.67687708940673 407.5348320000194 180.68258500000684 406.3638815633749 209.38187381783266 English 0
246.8793359999836 165.05541400000095 248.7280535337777 136.14265989936706 300.91183600001386 139.47926900002238 299.0632090908912 168.39193728893383 English 0
243.19763897525263 164.11974659431198 221.91015600001265 163.46962400000086 222.7179867675295 137.0198285446491 244.00540673814248 137.66995017637046 English 0
316.6088448449591 223.50484438751894 314.97445143679215 244.21960658266948 248.0840629999875 238.941921999974 249.71856532632955 218.22727933939032 English 0
321.1442537026596 220.62126441734873 343.7838035110326 223.6908553860863 341.2299588076712 242.5258129451946 318.59041000003344 239.45622700000467 English 0
345.89542176778195 142.64381848324442 343.61376856351853 171.02876454558756 300.3644390000409 167.5522499999805 302.64615677355323 139.1673748656788 English 0
349.0572943841107 139.16799615091452 377.60826999998244 141.9518059999996 374.60448090496357 172.75836884707786 346.05350600002566 169.97456400000132 English 0
381.168553000025 170.9657709999678 382.0401998145826 143.20079896335892 413.67259300001024 144.19383800002257 412.80099924013484 171.95875848166156 English 0
463.9667733939132 147.64468758752497 462.68520192919823 175.10186789976942 413.80684499999916 172.8203900000287 415.08849247169564 145.36328953331994 English 0
416.9333760000154 244.6621909999682 416.75736388759105 224.23963945821475 451.78307599999243 223.93776199996915 451.95914990414167 244.36025106402994 English 0
381 220 398 220 398 243 381 243 English 0
7.5956093862623675 313.7477699148849 83.84872741233266 318.72818540379706 80.99623246213014 362.3979570748489 4.743117000034545 357.4175690000009 Manipuri 0
166.35284466996382 328.8312540582908 158.2726728698617 372.26733331374675 87.01074399999925 359.0115299999741 95.09122264375037 315.57585100138726 Manipuri 0
149.8588792780356 535.3760472425516 61.850612000052934 522.6218690000043 85.17807851632824 361.6970213562977 173.18167400000675 374.450857000003 English 0
60.88722901156871 370.3497735123268 56.65327940507268 520.7814396900609 -4.235420602271915 519.066884161817 0 368.6367240000103 English 0
443.1297849999828 639.9999999999667 443.1318662724516 586.8415636888161 559.6449379999831 586.8453260000116 559.6442703910725 640.0023464205524 English 0
451 363 531 363 531 511 451 511 English 0
525 366 604 366 604 503 525 503 English 0