119.921677349339 289.43786596219036 94.79199605091708 291.1950095869491 92.55986900003336 259.27304999999814 117.68938721863378 257.51591208846423 English 0
133.9143823316408 351.72461884460427 93.27010277331283 355.46407359422074 89.93025148090965 319.1641927656299 130.57416399999056 315.4247549999975 English 0
218.75462834301288 250.36496277931857 218.42336399997293 224.63109200000335 251.1278240257525 224.21010731536722 251.45916172827128 249.94390356036428 Manipuri 0
286.5054435218917 227.0140907372732 287.4214950000169 248.32017499997195 253.77113230133546 249.7668235740561 252.8551470000093 228.46080300001003 Manipuri 0
239.5268008334824 314.14225562529384 173.46451952238567 319.6034423569045 167.96773400004895 253.10895899999736 234.0290890662436 247.6478107792512 English 0
335.66805506394303 249.48911972282752 338.8663639999868 313.33437900000865 244.62110700987978 318.05447503524306 241.42346300002828 254.20984999999672 English 0
224.5970744774968 318.65158631966773 244.94060487224488 317.22914239641517 246.3047280000319 336.7370489999978 225.96119796813582 338.15948953320776 English 0
258.62003111258673 316.2349013742622 261.75826580816647 338.1988590407321 247.74942800002464 340.20026300000484 244.6112354912475 318.23634323120973 English 0
263.3316470209684 335.5544537643976 261.0823199999868 318.77356900001723 289.00620673186495 315.03089789480106 291.25558176543564 331.8117253918513 English 0
307.75257447516196 315.51001721182234 309.17887900002825 335.90469699997124 291.6276359016774 337.13200369925573 290.2013775834348 316.737367287191 English 0
225.02084300002025 353.37337400000075 225.6787503122905 338.3285471748679 241.35953887926007 339.0142035987355 240.7016632115119 354.05900003089516 Manipuri 0
262.9776955828129 351.6102272992266 241.58112408345914 354.95958258510234 238.68347806950624 336.44996027693736 260.07994899999176 333.10061299999523 English 0
290.96217880025506 350.54442662270554 262.96056209474045 351.75916630977906 262.305409492983 336.65697133422947 290.3069179999875 335.44223399999953 English 0
222.3587908098125 353.69258033209013 253.92985366575886 352.2975160943348 254.8303520000627 372.6743169999986 223.25928940597805 374.06937739323547 English 0
250.57624399996712 350.69530700000223 277.7156707063841 347.24645787761506 281.0831156648783 373.74277878039555 253.94369130590349 377.1916154860671 English 0
277.89416321655153 352.06725156080915 292.8325749999931 348.6315160000016 298.0198354787717 371.18332523197694 283.08142729052634 374.6190500989302 English 0
296.04660008444625 375.18995205795807 291.9580385120207 347.9627641207542 305.0742319999699 345.99337699999074 309.16283311315055 373.22051644302167 English 0
321.35660540268873 372.47764157671793 305.9990145984193 374.247811297367 302.942209795292 347.72978540346975 318.2996920000005 345.9596220000004 English 0
392.1750781116134 238.32183364372622 394.9969947237696 252.23857080848362 367.08830099996703 257.8973400000188 364.26642615559103 243.98063938082973 Manipuri 0
415.25713709437696 247.4005438206916 419.0616776155366 262.37453767568 400.2046720000362 267.16539100002575 396.40016381803434 252.19142500079164 English 0
414.7156720000203 262.5864449999836 413.3515102147794 243.07850728795233 424.91937478771433 242.2696262675189 426.2835561873362 261.77754267851424 English 0
439.6599093461555 258.16899513534304 424.9826316508552 259.89597720545703 423.0067591446277 243.10401534323825 437.6839910000126 241.37703599999617 English 0
433.0998616605211 267.53826556221475 437.51732408592943 282.15206351836866 418.3410030018422 287.9483157439767 413.9235760000156 273.33454799997014 English 0
430.61768443534675 272.1671814278402 415.49330862435454 273.58514561698496 413.91632924794976 256.7652908229316 429.0406549999898 255.347329000002 English 0
534.3753228878631 219.78325609913577 535.5782480000198 195.32498699999604 577.8171522526827 197.4023189527372 576.614311025478 221.86050781704213 English 0
615.9575244390726 204.70708104805732 612.5229330000002 230.9332260000134 568.8889508173452 225.21896924564544 572.3236200000247 198.9929159999684 English 0
419.56239999999525 303.23626399999296 416.4113240639563 289.6122970447229 441.0591589999967 283.9118749999994 444.21026092168177 297.53580412816143 English 0
450.67401154185063 341.1582702734507 452.843859032364 357.6545990900303 423.9089989924105 361.46010708785775 421.7392210000253 344.9638409999835 English 0
529.8430699999881 291.0693919999995 541.2401745158422 290.08689562333257 542.8437179858884 308.6870149520237 531.4466137337149 309.66950928157354 English 0
548.984451829383 307.83927561919324 543.0144999999902 308.8606039999988 540.2542785228434 292.7273565141901 546.2242089999927 291.7060300000012 English 0
592.4055654432595 182.5658489215763 588.5376540000289 203.20547700002322 549.960428150298 195.9761352954456 553.828383 175.33656399997892 Manipuri 0
523.7070042934647 235.12829598238102 524.5105750000221 214.8111619999783 559.2010665934504 216.1831508612354 558.3975573340285 236.50022541051305 English 0
575.7535048837599 221.72134840772017 573.7414929999795 238.10038499997137 551.6624216546188 235.388246712802 553.6744599999656 219.00924100000182 English 0
600.7493180692109 225.09514340383907 597.9850750000332 240.8604050000015 570.6484606720187 236.06740918196562 573.4127330000047 220.3021850000347 English 0
616.0531680365239 226.99530742806735 614.6496969999862 244.15039900000363 591.9955260620918 242.2970806302753 593.3990279999853 225.14202300000335 English 0
612.0642360000056 228.29212200000026 628.0809588171542 228.00767148706203 628.3980609999708 245.862199 612.3813381953369 246.14664906498373 English 0
556.223378027862 285.6604347990726 558.0837145177065 312.2621597064075 546.9146912744327 313.0431657570028 545.0543900000048 286.44147399998957 English 0
553.5365839999577 285.8483420000062 562.4843887580209 283.939809490477 569.1995017672889 315.42033076331865 560.2516991789162 317.3288564029263 English 0
582.3271926580492 315.02217952010386 566.962561722903 318.0291718545481 561.4280999999755 289.7518110000062 576.7926340982376 286.74482841997565 English 0
586.6260893966682 319.176878715097 579.3388232430152 287.67001878450463 595.906250320113 283.8383883981827 603.1935579999845 315.3451879999868 English 0
595.8683149999706 289.12563500000834 604.5572025232104 286.82893548476113 613.8479148850456 321.97524232219394 605.1590310057509 324.2719323278428 English 0
640.8703126580804 321.2699929283366 608.9746344544983 323.50020453577196 606.7049950304499 291.040895419362 638.6004390000016 288.81069199999985 English 0