265 187 290 187 290 215 265 215 Manipuri 0
291 184 314 184 314 216 291 216 Manipuri 0
246 337 333 337 333 380 246 380 English 0
172 347 227 347 227 386 172 386 English 0
184.99159744387725 336.3736768712923 179.24797599996964 216.70981299999573 320.5558080031915 209.92754935909693 326.3010653393576 329.5896781482458 English 0
381 204 394 204 394 245 381 245 English 0
394 203 405 203 405 245 394 245 English 0
352 255 398 255 398 298 352 298 English 0
399 251 447 251 447 296 399 296 English 0
395 317 418 317 418 340 395 340 English 0
451 190 472 190 472 215 451 215 English 0
472 190 498 190 498 221 472 221 English 0
500 194 516 194 516 218 500 218 English 0
515 196 534 196 534 222 515 222 English 0
511 267 524 267 524 284 511 284 English 0
524 268 535 268 535 283 524 283 English 0
521 289 538 289 538 306 521 306 English 0
477 341 502 341 502 360 477 360 English 0
503 343 509 343 509 355 503 355 English 0
509 340 515 340 515 354 509 354 English 0
465 346 477 346 477 360 465 360 English 0
0 273 51 273 51 302 0 302 English 0
496.36810391166364 488.50101779403553 499.956577924313 504.68443376817055 454.78245686434093 514.6990868848835 451.194143366738 498.51581032316255 English 0