232.0445978117641 119.47491092819162 298.4525282360846 125.20515907704345 289.8698339999828 224.66817699999737 223.46190760574245 218.93796541893482 Manipuri 0
328.0464188911719 235.50649109293704 294.29304900004354 235.49580699999996 294.32387629000004 138.82749997894538 328.07679199999257 138.83818399999998 Manipuri 0
330.8101919999899 243.88646000003604 334.0371613368188 151.49833325548124 383.59006082107953 153.2291763431316 380.3634417500143 245.61696242325908 Manipuri 0
415.77133108934504 262.86312444508513 384.54313348731375 261.2956186124791 389.8024958026508 156.52644796812996 421.0301839999738 158.0939409999996 Manipuri 0
421.94619599998987 177.693404 476.52690090297256 177.20474416523848 477.31306499998027 265.01220600000016 422.7323601680109 265.5008623147847 Manipuri 0
439.25221556775796 277.9139786905995 415.3839663272083 278.4215997553575 414.7782428756909 249.93866265099658 438.64635899997666 249.43104300000047 Manipuri 0
453.39045484390226 285.5231499751851 434.2884799710009 283.4943733689789 438.09751299995696 247.63301599999795 457.1993526881852 249.66178537399492 Manipuri 0
448.40880099996866 290.68576700001006 447.6687715441949 246.48190135472527 482.0982449265284 245.905557174686 482.838423943831 290.10927036496776 Manipuri 0
638.0917066485563 220.02161570745085 625.228300000017 291.52385600002066 520.294213000816 272.64603254725864 533.1581590000133 201.14448700001515 English 0
387.3339195879089 366.82280609749637 386.77553499997885 382.8131409999896 365.36154547458864 382.0653832579168 365.9199760000047 366.07509600001504 English 0
397.57800073079125 383.78332245056436 385.20418663123564 384.5585671329897 384.2719870000292 369.6807309999977 396.64574954767886 368.90548793769 English 0
327.2078485475504 367.0950032043671 326.51276182717993 377.0476075701687 309.530067689484 375.8616329593648 310.22517600002175 365.9090520000188 English 0
324.8539106507087 377.3401154881213 327.81445400003577 366.5232829999985 341.6813821237156 370.3182388074225 338.7208639846358 381.1350496709724 English 0
395.2440302413015 368.7776807608472 415.7568452731357 369.59878211795797 415.14070700002776 384.9895829999998 394.6278920731129 384.16848341522126 English 0
432.6669611730904 371.96361810090656 432.1499269999913 386.76946500000037 414.9152311756188 386.167637958614 415.4323000000295 371.3618269999746 English 0
430.8345128424844 371.0868871460227 444.69636457601155 371.8311850318096 443.8722019999841 387.17881599999805 430.0103503931314 386.4345197266538 English 0
283.10686899996654 491.8541740000123 280.8435905551596 479.68347613333003 295.8996840000327 476.8841110000152 298.16298806807026 489.0547752572652 English 0
312.6667692830233 486.29420849045755 305.62808499998937 496.1983559999789 290.8116667475406 485.67043594993527 297.8503410000121 475.7663210000197 English 0
401.8284445631434 422.47375093960875 390.66225019007106 422.5023693616246 390.6257946966798 408.27020335915404 401.7919399999664 408.2415849999998 English 0
400.96727069940243 411.1775559146964 410.8772517999023 411.82754260021085 410.0045719999616 425.1310829999983 400.0945910307928 424.4810976614528 English 0
420.95316200000525 409.5036639999656 420.7183328298561 398.8465128989049 431.12919671657437 398.6171390097704 431.36404218566895 409.2742734245969 English 0
432.2411562310299 422.34987625759504 419.9538020520413 423.23343648313266 419.0560542917956 410.7500555118833 431.3433609999629 409.8664970000021 English 0
438.1216968521767 490.74491663642846 426.8618904834875 491.3627117150119 426.2098758747743 479.48086675192934 437.4696340000082 478.8630730000016 English 0
446.5228961427056 494.5960214158455 435.2802348064142 492.7796426369466 437.9098250000243 476.5066290000002 449.15242064584163 478.32300236467734 English 0