194.4726790000277 222.62036600000397 184.82037053901877 181.8955833206968 241.51856600001338 168.45771999996887 251.1709921406873 209.182328464675 Manipuri 0
267.0453179172182 216.99280374645366 240.53537840241916 216.33801929557876 242.00947844816255 156.66334933032948 268.5191950000444 157.31813100000062 Manipuri 0
308.60008937896055 208.18191772316612 264.24902622129594 210.8888374837184 260.8885336120875 155.827992578629 305.23926499998197 153.12108300000017 Manipuri 0
344.42747231340036 198.66630336439346 301.37074535501597 201.84204799538963 297.1795974102861 145.01765375516084 340.23600699998497 141.84192099999862 Manipuri 0
156.62157372717047 248.17373999255693 201.54416037177725 248.32085034336353 201.25604300003033 336.29707199999996 156.33345634931175 336.14996305565114 English 0
251.9331286092347 331.7398390001704 197.22696000004362 334.5893509999993 191.86653418837523 231.67265423760168 246.57152400002815 228.82317299999895 English 0
244.71795988174563 213.65537923871628 328.5902050000004 207.83299700000208 336.05513858427 315.3614346905087 252.18290007294854 321.1837550906486 English 0
394.2972623345122 306.2568396524671 322.1541465349583 302.8091732982458 327.4278461999347 192.4781270259852 399.56945999998425 195.92575699999878 English 0
94.82716435762995 12.771832916366622 89.20758250693325 88.3804425861873 -5.619693434127839 81.33231361638708 0 5.723793999992317 English 0
-6.308216805555276 125.48722960863151 1.2797049999790033 60.63404399998529 88.56342486498761 70.84628605583629 80.97573363505944 135.6992593443478 English 0
195.29140078149794 639.9999240208564 150.61081280939106 642.1735899246426 141.93790483979683 463.8995781151953 186.6151493133657 461.7259948915495 English 0
306.61620790044253 4.774529424962751 354.5767519999936 1.1257640000020381 360.8475475436717 83.55103301327807 312.8870041252958 87.19979344694009 English 0