242.65978220137185 115.14648971797723 308.67682687014167 124.34433506289993 294.90040900003805 223.22193500000114 228.88337517033506 214.02414732229 Manipuri 0
332.4574054894765 236.04336136041172 298.7508869999874 234.26621899999816 303.8409334429889 137.73203657845087 337.54699999997683 139.50916699999826 Manipuri 0
334.77885100001004 244.55653300001276 342.83680131098663 152.46392197519685 392.23120428199763 156.78582132710417 384.17362159445474 248.87808921034798 Manipuri 0
418.63034688096377 267.9537076530094 387.52702013836824 264.7540469225192 398.26242236827966 160.40370495889132 429.36523399999714 163.60333899999844 Manipuri 0
429.2542165087798 183.2238811968822 483.78569985907234 185.5923137234893 479.9753119999514 273.3206939999993 425.44382968888385 270.95227906484774 Manipuri 0
441.2913935932738 284.21283482241233 417.4292834779044 283.4706570193375 418.3150777943956 254.99504930908398 442.17705200004275 255.73722500000056 Manipuri 0
455.01202135266794 292.5515155957593 436.0423931177502 289.52585630481826 441.72305999993114 253.91293799999434 460.69255206799426 256.9385862333611 Manipuri 0
449.76700999999593 297.44633900000645 451.34159157125396 253.26432525739995 485.75403965813166 254.49068745330675 484.17961981023836 298.67254444937964 Manipuri 0
642.8884351703891 236.80622616996087 626.300321000017 307.53729699998706 522.4978358422231 283.1935553056591 539.0864500000316 212.4632099999904 English 0
384.79121185460826 370.28262789447405 383.39663600003405 386.22181899999896 362.05104097898584 384.3543602481584 363.4456599999976 368.41521699999254 English 0
394.13352064962965 387.7560287583908 381.7360915480822 387.8826834429351 381.5838159999839 372.9763809999998 393.9811928029667 372.8497265826997 English 0
324.7332082446519 367.407691107183 323.5181432250829 377.3102705032431 306.6207930906967 375.2371171149093 307.83587799996894 365.33456100001274 English 0
321.8462598941551 377.51555006126796 325.3689039999881 366.86850200002885 339.01826619912754 371.38401385707317 335.49564717002795 382.0310405983716 English 0
392.5880723361479 372.64891292994594 413.029813743924 374.5423296710641 411.60902800002077 389.87979699999977 391.1672871608607 387.98638439318154 English 0
429.7930731125962 377.7889428247188 428.5017859999789 392.54743399998887 411.32212311858893 391.04443384242404 412.6134430000093 376.28597900000443 English 0
428.0089278714149 376.8175735099788 441.81283748977876 378.2862420790306 440.18657200002053 393.5697200000029 426.38266288842715 392.10105466331095 English 0
274.16327699997055 489.6878169999859 272.54017536171887 477.41533016092865 287.7220330000273 475.40779300003265 289.3451630310301 487.6802460766697 English 0
303.97367517318344 485.6825333995322 296.4262720000261 495.2047140000012 282.1811295052612 483.9157743701066 289.7285170000396 474.39362499999277 English 0
396.3532390830369 426.61588410042697 385.2008469026623 426.060146206861 385.90929619291273 411.84557533852546 397.0616390000214 412.4013120000018 English 0
396.0844426263793 415.2900997189703 405.9468347848451 416.45777568652363 404.37908899999456 429.69748000000294 394.51669727081025 428.5298064773007 English 0
416.1305490000086 414.66448199999536 416.45386511336255 404.0096488963325 426.86246545279573 404.3254547515179 426.5391667284712 414.9802709484189 English 0
426.73075434759085 428.0838575462695 414.41399966483004 428.3232177995216 414.17081369203515 415.80995978298256 426.4875200000097 415.57060000000007 English 0
429.0237158450327 496.69292894130416 417.74700718604436 496.72068722979355 417.7177353294974 484.82100122818673 428.9943950000452 484.793243 English 0
437.2118490003777 500.97844010002376 426.0796347010182 498.5762600325979 429.5573090000107 482.4630660000041 440.68945841550885 484.865238815853 English 0