305 292 320 292 320 310 305 310 Manipuri 0
322.4326529999962 307.3159169999895 320.7196523738821 290.76401532917424 362.09570099999837 286.4821240000011 363.80876857059775 303.03394941601067 Manipuri 0
204.2647149341792 270.7675203268502 172.88053674528783 266.630820158582 179.31302799996047 217.8323499999977 210.69693030498456 221.96903179759204 Manipuri 0
197.99480416128063 264.9929097653534 216.94968093230273 241.17248047928413 279.50664519936254 290.94885553812054 260.5519831739366 314.7690869166309 Manipuri 0
281.4501780000137 358.94488699998107 278.6544628322008 323.13899882150406 320.24859999997716 319.89159700003347 323.044487378138 355.6972964799018 English 0
321.7532680000295 354.9189030000056 320.22462705099315 329.0588191365393 366.78484600000957 326.3067300000018 368.3136299599573 352.1666607455908 English 0
204 537 244 537 244 551 204 551 English 0
201 552 208 552 208 557 201 557 English 0
238 555 243 555 243 559 238 559 English 0
215 553 223 553 223 558 215 558 English 0
223 554 231 554 231 559 223 559 English 0
207 559 215 559 215 565 207 565 English 0
214 568 217 568 217 572 214 572 English 0
208 567 213 567 213 572 208 572 English 0
201 567 208 567 208 572 201 572 English 0
202 574 209 574 209 579 202 579 English 0
236 570 243 570 243 575 236 575 English 0
226 568 236 568 236 573 226 573 English 0
217 568 225 568 225 573 217 573 English 0
219 575 229 575 229 581 219 581 English 0
229 576 241 576 241 582 229 582 English 0
208 574 218 574 218 580 208 580 English 0
205 581 210 581 210 586 205 586 English 0
214 582 219 582 219 587 214 587 English 0
220 582 227 582 227 588 220 588 English 0
200 588 208 588 208 593 200 593 English 0
208 588 216 588 216 594 208 594 English 0
208 596 221 596 221 603 208 603 English 0
216 589 228 589 228 596 216 596 English 0
227 584 236 584 236 589 227 589 English 0
233 591 243 591 243 597 233 597 English 0
201 603 211 603 211 609 201 609 English 0
211 604 221 604 221 610 211 610 English 0
388.75271999997494 351.67017300001925 384.787588829131 339.34710140194863 416.5337569999974 329.1331470000105 420.49891582377313 341.4561665220642 English 0
386.74840181505715 339.2969036597043 390.9032570924319 350.45009986902414 372.92519199996605 357.1467549999985 368.7703694105585 345.9935865038419 English 0
506.0040057564038 297.5737237272818 506.0901456042484 303.32818424867344 494.51280399996904 303.5014649999837 494.42667170544155 297.7470119195701 Manipuri 0
515.4269449490675 295.55061691457774 516.0791457625601 301.1891654522015 506.9881670000177 302.24062499996546 506.33597247062426 296.6020821963918 Manipuri 0
513.1758570000238 310.4578830000262 512.0465935234097 302.8335381435297 531.0775149999972 300.01499700002887 532.2067921178677 307.63932519825863 English 0
478 305 488 305 488 316 478 316 English 0
488.5813400000188 314.0011669999742 487.5027497819974 305.3192758650094 511.26586700003827 302.36726499997997 512.344477539591 311.04913230119513 English 0
481 322 487 322 487 328 481 328 English 0
489 321 496 321 496 327 489 327 English 0
496 321 502 321 502 326 496 326 English 0
503 321 511 321 511 326 503 326 English 0
511 319 518 319 518 325 511 325 English 0
610 422 625 422 625 428 610 428 English 0
620.2894324517547 428.1671366583904 620.4310543690372 433.93879424472755 609.5437569999922 434.20588900001314 609.4021453985624 428.4342414866722 English 0