229 230 319 230 319 288 229 288 English 0
320 236 396 236 396 291 320 291 English 0
398 237 460 237 460 291 398 291 English 0
294 211 324 211 324 236 294 236 Manipuri 0
323 212 360 212 360 239 323 239 Manipuri 0
363 213 392 213 392 236 363 236 Manipuri 0
270 289 298 289 298 310 270 310 English 0
298 286 335 286 335 308 298 308 English 0
335 289 363 289 363 306 335 306 English 0
361 285 409 285 409 308 361 308 English 0
409 290 432 290 432 305 409 305 English 0
313 306 342 306 342 329 313 329 English 0
340 306 361 306 361 327 340 327 English 0
33 351 62 351 62 400 33 400 Manipuri 0
77 342 202 342 202 408 77 408 Manipuri 0