286 200 327 200 327 230 286 230 Manipuri 0
0 173 68 173 68 237 0 237 English 0
18 155 31 155 31 171 18 171 English 0
30 149 44 149 44 170 30 170 English 0
57 297 75 297 75 309 57 309 English 0
43 339 52 339 52 348 43 348 English 0
248 247 270 247 270 289 248 289 English 0
274 246 289 246 289 287 274 287 English 0
289 244 305 244 305 284 289 284 English 0
305 242 322 242 322 283 305 283 English 0
283 304 344 304 344 327 283 327 English 0
346 301 376 301 376 318 346 318 English 0
318 231 407 231 407 284 318 284 English 0