238.19051756334375 268.3232453970714 261.9201129999419 270.278842999998 259.10132956247253 304.48046445302856 235.3717350000079 302.5248740000018 Manipuri 0
305.28532189338875 255.53075395690203 313.137822591234 286.5744765665177 261.73579499998596 299.5756230000005 253.88349132459552 268.53207010195 Manipuri 0
306.74527499999385 281.42540999999653 303.1029407139431 257.2891643757882 338.79719500000647 251.9029100000317 342.4395998170803 276.0390687532171 Manipuri 0
249.85748055652948 305.4771140378876 257.1137802765588 339.7011961415336 200.2841150000313 351.749096000006 193.0280936943018 317.52525666275625 English 0
247.1905539999716 343.0936280000231 239.26985662663355 306.48745975322436 323.7227030000213 288.2150070000058 331.64366599005007 324.82080278833996 English 0
321.6176550000091 326.60527499999375 313.86361637938535 284.48085652228593 388.6055789999955 270.72351599999257 396.359890160893 312.84757901224356 English 0
192.00663243806048 360.01147580922515 176.31651800002146 356.3802810000015 186.94303439835494 310.46830765459987 202.6329710000573 314.0994810000078 English 0
261.0815943362104 351.7033362403981 265.29025027579337 371.55562532065494 196.54732481372776 386.12711724457944 192.33888803661102 366.27501913529056 English 0
258.7566320000042 370.7653120000078 255.9916396090557 348.5554390096581 288.20991000000504 344.5448229999821 290.97498420647753 366.75459987919294 English 0
286.31892600002175 368.65702800000327 283.6958693494671 341.6766405826887 317.8088959999877 338.3604369999884 320.43206075199123 365.34070243688 English 0
318.2192280000163 361.99949200000503 314.6866980055347 333.67787968045997 354.8529679999774 328.66839099997213 358.38562356504553 356.98985559749315 English 0
352.4000330000126 352.0065049999723 351.1251900771458 325.13249997189456 382.076304000002 323.6643710000171 383.35124637102126 350.53827082114265 English 0
568.0908026383258 194.72658421558125 576.2360008888936 227.10486220663915 439.6910906541598 261.452325622369 431.5463408752112 229.07443441018376 English 0
566.9290819999878 226.186084000027 560.9481895778299 188.3030271866153 640 175.8227180000095 645.9810774146899 213.70555179554938 English 0
396.28771299998334 294.0543260000183 393.4287551252055 278.8378356557171 429.96998800001165 271.9726360000255 432.82899116093176 287.1890667252271 English 0
429.95017900000676 287.4628290000261 426.87813760094286 269.1625710496113 459.24934399998165 263.7287419999648 462.32143412133155 282.02893819288323 English 0
514.4581118098722 251.05962082118896 517.6487294817343 265.58673375817517 464.1746503927425 277.33055965114835 460.9841225152195 262.8035248644418 English 0
460.242901531019 300.1802565074659 463.8168680241506 314.60603011240397 421.0826171617373 325.1924679522159 417.50873622288054 310.7667681544665 English 0
446.5658506706677 341.04858772074454 450.4666096709843 353.88093493488816 409.97862828327925 366.18712581618973 406.07795292773517 353.354849907572 English 0
462.51502099999925 293.86481600002924 459.1981278193998 279.92483622258294 501.2171800000215 269.92730900003244 504.53411610673356 283.8672256568635 English 0
602.0483083345607 228.68493624733264 605.7086871166393 243.6858995217574 517.9541470498953 265.0974726719377 514.2939121907693 250.0966336399302 English 0
503.9991857489804 265.0200829080465 518.5390040000493 265.78933800000135 517.5756651389383 283.99656066059106 503.0358469999919 283.22730699999994 English 0
553.9927756747056 277.8571784334537 557.6432334999845 294.6846578029145 488.6704673561326 309.6459222857735 485.0201581505826 292.81857200300556 English 0
593.044773057045 270.26000517195433 579.3574249999801 268.6064720000008 582.013238596337 246.62397135020524 595.7005290000234 248.27750100000378 English 0
606.2085900000238 245.21094599999728 602.0454962347139 226.17166027553492 640 217.87289999998947 644.1631391340343 236.91212200462402 English 0
608.9192439999897 262.77569299998345 605.0587191676459 245.7269530564099 630.3441759999987 240.00156000002875 634.2047297322279 257.0502586393726 English 0
595.4478329999984 286.3857740000055 592.339478629001 271.26762313156144 640 261.46889400003056 643.1084092726087 276.58696973657214 English 0
555.2986640000017 293.4872049999652 553.9532022813364 274.13534783034464 594.0801130000182 271.3456019999928 595.4256503341458 290.697376931524 English 0
579.5629900861968 251.34791571926993 583.383033213031 268.76263576399947 522.8194205077307 282.04675170016884 518.9995002627256 264.6321384184594 English 0
459.81678900003317 314.4362070000289 457.65024445070594 296.76620316782885 488.3379469999636 293.0037750000198 490.50454435433494 310.6737170288941 English 0
459.7350369999913 330.5157470000325 456.7406680397107 313.7537372401777 493.276079999996 307.2274980000285 496.2705061120505 323.98943373183727 English 0
493.2908734759985 327.4878917139205 498.57141150307143 344.81305559493944 450.00447091370006 359.6142529166517 444.72406430410047 342.28920086555655 English 0
493.3529080000153 326.89884700002085 489.55701923696324 310.7619861398293 541.3614249999955 298.57676699996546 545.15738214257 314.7135279940324 English 0
570.7819860083691 291.5392956412132 574.7716664370819 311.39907958269714 538.9902520000032 318.5866760000332 535.0006654139725 298.72697420022615 English 0
570.2047190000303 312.3337399999978 565.979487281511 290.64247866136765 618.3197759999894 280.44771800001337 622.5451032738056 302.1388513650005 English 0
554.3299059999845 333.3077870000296 552.2582442927524 312.9470726856619 610.4331770000135 307.02821399998663 612.5049640132056 327.38878606929086 English 0
493.553619000013 345.3915009999689 490.8090387590346 327.24716698826705 530.3999569999723 321.2589400000089 533.1446106445219 339.40318372109493 English 0
639.9999890085019 280.9117720465621 642.8497121791588 296.7148608968477 617.7424819999578 301.2420279999851 614.8928082486964 285.43898279924554 English 0