224 338 231 338 231 352 224 352 English 0
232 333 263 333 263 350 232 350 English 0
264 330 285 330 285 347 264 347 English 0
239.0109250000387 334.34492100001785 236.36930715198105 319.2819231584497 267.7982570000313 313.7705829999861 270.4399200008629 328.83352297036737 Manipuri 0
268.7916189999669 329.24426300002915 268.3983904643537 315.1578037897377 283.88349554137676 314.7255628719526 284.2767494457803 328.81199596649054 Manipuri 0
442 177 469 177 469 196 442 196 Manipuri 0
393 308 412 308 412 323 393 323 English 0
413 309 418 309 418 321 413 321 English 0
420 304 451 304 451 320 420 320 English 0
88 335 124 335 124 359 88 359 English 0
402 224 455 224 455 290 402 290 Manipuri 0