314 200 354 200 354 230 314 230 Manipuri 0
27 61 57 61 57 87 27 87 Manipuri 0
22 102 108 102 108 164 22 164 English 0
69 84 82 84 82 100 69 100 English 0
81 81 95 81 95 102 81 102 English 0
70 232 88 232 88 244 70 244 English 0
47 269 56 269 56 277 47 277 English 0
265 233 286 233 286 275 265 275 English 0
290 238 305 238 305 278 290 278 English 0
304 240 320 240 320 280 304 280 English 0
320 242 336 242 336 283 320 283 English 0
284 303 345 303 345 325 284 325 English 0
347 312 377 312 377 329 347 329 English 0
334 245 422 245 422 297 334 297 English 0