321 347 359 347 359 385 321 385 Manipuri 0
269 353 320 353 320 396 269 396 Manipuri 0
194 262 262 262 262 326 194 326 English 0
133 150 242 150 242 263 133 263 English 0
150 286 194 286 194 335 150 335 English 0
466 119 500 119 500 167 466 167 English 0
508 120 533 120 533 168 508 168 English 0
534 121 553 121 553 165 534 165 English 0
553 122 573 122 573 161 553 161 English 0
580 120 600 120 600 162 580 162 English 0
603 116 622 116 622 160 603 160 English 0
524 259 580 259 580 286 524 286 English 0
580 253 625 253 625 273 580 273 English 0
545 52 584 52 584 81 545 81 English 0
565 81 605 81 605 99 565 99 English 0
531 82 564 82 564 101 531 101 English 0
522 105 536 105 536 120 522 120 Manipuri 0
538 106 552 106 552 119 538 119 Manipuri 0
553 102 564 102 564 120 553 120 Manipuri 0
567 105 582 105 582 120 567 120 Manipuri 0
584 103 599 103 599 117 584 117 Manipuri 0
601 100 619 100 619 118 601 118 Manipuri 0