388 233 398 233 398 257 388 257 Manipuri 0
400 235 419 235 419 257 400 257 Manipuri 0
421 236 430 236 430 256 421 256 Manipuri 0
432 231 459 231 459 261 432 261 Manipuri 0
414 265 435 265 435 287 414 287 Manipuri 0
390 291 416 291 416 322 390 322 Manipuri 0
417 290 456 290 456 317 417 317 Manipuri 0
476 173 519 173 519 228 476 228 Manipuri 0
498 231 526 231 526 260 498 260 Manipuri 0
516.3350513199839 222.56063885979788 521.3043130000005 177.71702100002304 581.4297074182105 184.37948514616716 576.4606704239122 229.2228966652232 Manipuri 0
249.06733800002257 227.80678599996986 248.6937563556421 163.47870345563112 296.40849565963435 163.2016417275469 296.7822994837479 227.5295002462155 English 0
298.3491977032827 228.55103071863482 298.3083620000252 166.95629999996498 368.75685828410496 166.90957703593108 368.7980132012308 228.50398753322406 English 0
305 233 347 233 347 256 305 256 English 0
274 232 303 232 303 254 274 254 English 0
395 79 403 79 403 101 395 101 English 0
411 80 419 80 419 102 411 102 English 0
419 81 449 81 449 106 419 106 English 0
387 139 419 139 419 167 387 167 English 0
420 143 457 143 457 170 420 170 English 0
532 234 563 234 563 264 532 264 Manipuri 0
586 365 612 365 612 379 586 379 English 0
612 365 628 365 628 380 612 380 English 0
612 189 638 189 638 216 612 216 English 0
615 162 639 162 639 187 615 187 English 0