284.61078830187034 143.24986492846588 297.6651390463667 143.70572361282765 296.61040170329215 173.90952487249947 283.55605099997774 173.4536669999997 English 0
293.55814357535564 169.6522017234924 302.0027910452336 183.8398174512576 263.15030701349315 206.9646217723046 254.70571106307034 192.77705084043387 Manipuri 0
316.1669861732662 156.2108653428271 325.21611815573124 170.83476987065072 294.5510360963817 189.8095586797719 285.5019428216474 175.18568799049473 Manipuri 0
244.75708611134905 247.22683876661986 223.91665800001647 246.67614700000024 224.9139407043549 208.93899800614497 245.75423500005854 209.4896880000007 English 0
307.67560634987603 177.85339442453284 320.77148657437647 201.32343270930477 249.6958327896573 240.98088237311532 236.60012430867937 217.51099213219956 English 0
360.4149797616992 149.45456120721343 375.12869738398877 174.55959288762898 314.0791973717569 210.33883006828233 299.3656156546058 185.23391620611267 English 0
272.432228739126 224.65215501763277 278.49540352232 236.3394726341139 252.0306019261625 250.06832325553023 245.96746299765073 238.38103633380877 English 0
272.0575490000192 243.020680000004 263.91611169652606 228.65946434275315 300.5815759149118 207.87442132969153 308.7230144536443 222.2355862558675 English 0
299.2574749999767 227.96077000001276 290.6543196315033 210.73799015024633 325.20456894992094 193.47994347061132 333.8077333365072 210.70267121451712 English 0
229.39737798878923 255.304977311478 246.5595210000174 255.17525300000003 246.76472874823958 282.3222080427006 229.6025857411587 282.45193200195627 English 0
264.40451637310616 271.21518119120566 246.28822600003332 270.5825770000002 247.28097419290862 242.15549153461964 265.39716600003885 242.78809400000006 English 0
281.62297185386706 259.3644641123115 265.1051665220439 258.78767543242054 265.8704059959564 236.87510650319922 282.3881439999968 237.45189400000004 English 0
306.04191753678606 224.6399157936695 314.1297141153336 239.13095996135945 279.54444589566265 258.4329080690442 271.45670909492765 243.9419154387067 English 0
321.65934540062153 243.56764871256541 305.4215100000147 242.40691300000162 307.4934477815259 213.4237861717695 323.73120299998845 214.58451900000026 English 0