100 332 328 332 328 408 100 408 English 0
131 426 164 426 164 456 131 456 English 0
165 427 200 427 200 450 165 450 English 0
203 425 232 425 232 449 203 449 English 0
233 420 274 420 274 451 233 451 English 0
275 418 306 418 306 445 275 445 English 0
159 406 177 406 177 425 159 425 English 0
160 292 194 292 194 339 160 339 English 0
209 293 226 293 226 336 209 336 English 0
241 291 271 291 271 339 241 339 English 0
143 269 172 269 172 293 143 293 Manipuri 0
176 268 199 268 199 290 176 290 Manipuri 0
204 265 235 265 235 293 204 293 Manipuri 0
238 259 286 259 286 288 238 288 Manipuri 0
180 404 193 404 193 423 180 423 English 0