299 76 343 76 343 103 299 103 Manipuri 0
347 77 375 77 375 104 347 104 Manipuri 0
376 74 390 74 390 100 376 100 Manipuri 0
299.4470220000221 134.9223540000177 298.97121471265564 110.03458068209164 340.77015299997583 109.23545600000611 341.2460065924097 134.1231821041602 English 0
345.3873430637759 106.26970732546773 360.15948400003253 107.74040000000278 357.55682768554834 133.8821029481519 342.7846870000212 132.4114120000031 English 0
362.9426984721795 108.39219515516197 385.1083859999926 109.3027479999993 384.0826144677703 134.27295682078213 361.91692699998384 133.3624050000008 English 0
322.8448184012814 176.95049925101807 323.4481701680488 207.25422854637313 274.2579019999539 208.23344600000092 273.6546589651698 177.92982333634382 English 0
324.7433420000016 205.76717399999495 323.9095651944808 177.05597415507427 397.6033099999768 174.9158339999849 398.43723213976773 203.62688423301793 English 0
236.2490660000185 170.53348999999227 236.07639493850002 141.56220880566906 288.3658439999999 141.25053100001895 288.5386024074978 170.22172416250282 English 0
232.51107332951506 169.85695019132922 211.23009099996125 170.6933260000011 210.19090790563496 144.25160256542415 231.47182458160387 143.41522804756755 English 0
309.885943620684 223.97645614728404 309.7005773897399 244.75477828671117 242.6049210000201 244.15597799997505 242.79040744026133 223.37777722136465 English 0
314.20915894843347 220.78352686655765 337.00767712231027 222.2664477839388 335.7739129431866 241.23367449615645 312.9753950000304 239.750756 English 0
333.460600245744 141.26947817291506 333.16457134947996 169.7444448868885 289.7780519999651 169.29331200000047 290.07415141335514 140.8184165127253 English 0
336.372314200853 137.5815216163556 365.04792499996256 138.3669729999993 364.200405746451 169.30806799484765 335.5247949999466 168.52261799999928 English 0
370.6234470000345 167.06190800002793 369.55614476792107 139.3037770174775 401.18079300002137 138.08782399998816 402.2481430676271 165.8459050756663 English 0
451.5931785833527 138.02193358132575 452.2300710581476 165.50162879132645 403.3116049999808 166.63527699998266 402.67479033187556 139.1556577525657 English 0
411.44195100001525 238.08397900001535 409.84170437950525 217.72346883141066 444.761096000002 214.9790420000039 446.3613974150212 235.33949192907278 English 0
375 216 391 216 391 238 375 238 English 0
7.9204939999908675 335.5552289999998 84.33526719985821 335.204831067424 84.53595696795674 378.9672341115387 8.121183789990027 379.3176300055483 Manipuri 0
167.3429692532227 339.5275786048675 162.3126665331074 383.4215608771809 90.29959999999846 375.1690089999888 95.33026820063242 331.27544705085603 Manipuri 0
165.29753632254142 546.7206483901167 76.61363799998071 540.1358830000006 88.65862668695627 377.9751629655748 177.33761499999673 384.5597460000007 English 0
0 388.303196 65.03069 388.303196 65.03069 541.958247 0 541.958247 English 0
465.05788499998744 634.4071459999643 460.5110183294164 579.1108578994981 577.6753630000167 569.4785180000317 582.2235507070582 624.7733484851514 English 0
463 352 534 352 534 497 463 497 English 0
537 351 607 351 607 485 537 485 English 0