315 350 352 350 352 387 315 387 Manipuri 0
263 350 312 350 312 391 263 391 Manipuri 0
199 250 265 250 265 312 199 312 English 0
152 134 258 134 258 244 152 244 English 0
154 266 196 266 196 314 154 314 English 0
490 144 523 144 523 191 490 191 English 0
531 150 555 150 555 197 531 197 English 0
558 153 575 153 575 197 558 197 English 0
576 158 595 158 595 197 576 197 English 0
602 159 621 159 621 201 602 201 English 0
626 159 640 159 640 202 626 202 English 0
529 293 584 293 584 318 529 318 English 0
586 294 630 294 630 313 586 313 English 0
578 89 616 89 616 117 578 117 English 0
595 121 634 121 634 137 595 137 English 0
560 116 593 116 593 134 560 134 English 0
549 137 563 137 563 151 549 151 Manipuri 0
565 140 579 140 579 152 565 152 Manipuri 0
581 138 591 138 591 155 581 155 Manipuri 0
593 143 608 143 608 158 593 158 Manipuri 0
612 143 626 143 626 157 612 157 Manipuri 0
628 143 640 143 640 160 628 160 Manipuri 0