342.30097305218806 321.8840021920313 346.05037256325886 337.20065151382494 325.5742800000007 342.212582000001 321.824926626723 326.8959725010549 Manipuri 0
345.30103999997664 337.136058999985 342.67952690635866 321.47775606795176 367.3107159999927 317.3543169999729 369.93226675112965 333.01257228658756 Manipuri 0
370.60110400001577 331.49927499996664 367.7397559268866 315.12066581629665 396.33857300003 310.12480500000413 399.1999653429957 326.5033573808689 Manipuri 0
429.6380906837294 302.7459972862382 433.35239004853065 317.53776269200335 399.1998379999859 326.1129349999744 395.485609225434 311.3212304177709 Manipuri 0
236 369 260 369 260 408 236 408 English 0
372.2037133593403 342.2171022380442 380.3745094176702 377.41774406641593 273.82250299997395 402.14703699996574 265.6523212479806 366.9469270265919 English 0
379.0210929999739 374.18678299997 370.7383037251566 339.1158941288853 436.3993599999958 323.6098119999909 444.68235891756194 358.6803934203323 English 0
513.0137581608142 306.15053411622245 522.3089733027882 339.8185707021988 446.5122720000363 360.7425600000036 437.21743832204083 327.07484929819725 English 0
461 428 489 428 489 449 461 449 English 0
419 443 433 443 433 465 419 465 English 0
414.63968380267033 447.91441314354324 420.9409440352465 468.4991820821795 374.9948669999867 482.56131400002096 368.69380736665335 461.9767160481046 English 0
368.31475513892656 469.0670993094144 370.777814312969 491.0587983728365 335.2551500000118 495.0364339999761 332.79224470592453 473.044875448472 English 0
282.21007699998154 513.2558920000134 274.5012586143275 491.00582282131984 325.9411440000258 473.1869290000177 333.65007010055706 495.4367758406182 English 0
371.11659124988364 179.96354598050377 375.6636824284942 191.874977904661 351.47360399998433 201.1090589999734 346.9265385898325 189.19764890882146 English 0
373.32510000000184 181.3478549999995 379.57683929147606 180.36329112863424 381.2363409434329 190.9004530411428 374.984601821634 191.88501618557896 English 0
400.15976196853444 173.8344611237108 402.4908429681818 184.99471069165668 383.1037069999729 189.04404999998536 380.77264306703 177.8838153275052 English 0
426.23504195282294 165.5448570934724 428.6842928099213 176.7394872127832 406.1859209999966 181.66172399998533 403.7366892169666 170.46711043809796 English 0