171 264 257 264 257 319 171 319 English 0
258 257 323 257 323 307 258 307 English 0
326 251 371 251 371 298 326 298 English 0
371 241 441 241 441 294 371 294 English 0
242 325 265 325 265 354 242 354 English 0
275 320 307 320 307 349 275 349 English 0
241 351 311 351 311 387 241 387 English 0
264 327 274 327 274 351 264 351 English 0
284 235 300 235 300 257 284 257 Manipuri 0
301 234 318 234 318 254 301 254 Manipuri 0
320 233 324 233 324 246 320 246 Manipuri 0
326 230 338 230 338 252 326 252 Manipuri 0