239 226 328 226 328 281 239 281 English 0
328 243 402 243 402 295 328 295 English 0
406 253 466 253 466 305 406 305 English 0
308 211 337 211 337 235 308 235 Manipuri 0
336 216 372 216 372 242 336 242 Manipuri 0
376 223 405 223 405 245 376 245 Manipuri 0
274 284 301 284 301 304 274 304 English 0
302 286 338 286 338 307 302 307 English 0
338 293 365 293 365 309 338 309 English 0
364 295 412 295 412 316 364 316 English 0
411 305 433 305 433 319 411 319 English 0
313 308 342 308 342 330 313 330 English 0
340 310 360 310 360 330 340 330 English 0
29 313 56 313 56 361 29 361 Manipuri 0
72 319 195 319 195 381 72 381 Manipuri 0