341.6350174291438 325.72789858295107 342.6675434570643 341.4629356278066 321.63241900001594 342.84308599997075 320.59993662609486 327.10809014000336 Manipuri 0
341.94101399996725 341.26920299998056 342.07858953224786 325.39355170370015 367.05137800003286 325.60993099999007 366.91385206591804 341.48553307811915 Manipuri 0
367.8355310000188 340.11136499999463 367.86199807334924 323.484695390861 396.89362800003437 323.5308850000172 396.86722060272587 340.15749497345126 Manipuri 0
430.9685667267331 322.0465635134931 432.0577129359299 337.2585943884088 396.93511400000716 339.7729739999895 395.84603788593085 324.56100895555653 Manipuri 0
223 354 251 354 251 395 223 395 English 0
367.55265765081276 350.9445665510387 369.48624960794405 387.0292143573278 260.2593599999818 392.88040099996533 258.3263405310572 356.7962978137034 English 0
368.71499400003813 383.6124689999857 366.64862543293566 347.63594448504733 434.00415500000236 343.76750800000644 436.0708314810472 379.74370377163297 English 0
512.4863692112558 339.87731720140596 515.7936533255997 374.64796128409427 437.51539500000945 382.0922139999882 434.20850676739065 347.321934375235 English 0
438 452 468 452 468 476 438 476 English 0
394 459 410 459 410 482 394 482 English 0
390.9897861873469 462.4050807667049 393.62031939584995 483.77135852201116 345.93089599999075 489.64140099998394 343.30056274920935 468.27530481386873 English 0
341.6955161696387 475.192190944771 340.30169248231687 497.2774288972016 304.62863300002937 495.02626700000343 306.02258914099366 472.9411710593961 English 0
249.22565699998813 503.7577490000085 245.49832859316666 480.50691212321874 299.25025299999106 471.89134499997283 302.9777654875943 495.1419520978757 English 0
394.6570896866615 190.967311803953 397.06666419930116 203.48738080161024 371.64064399999916 208.38061299999606 369.23109686882526 195.86056805716683 English 0
396.59166384699347 192.71409899719566 402.91939203219954 192.83006681953503 402.7239251827268 203.49531373121204 396.3961969999946 203.3793460000001 English 0
424.32333493787155 189.97463716086207 424.6810023199214 201.37012541399895 404.885282000032 201.99140800002522 404.5276315516094 190.59593617585068 English 0
451.4419704800821 186.33889139150315 451.91004932305077 197.78875866107109 428.8987530000304 198.72942100000597 428.4306937275687 187.27957251900511 English 0