17 137 80 137 80 189 17 189 Manipuri 0
62 222 140 222 140 262 62 262 English 0
139 146 211 146 211 201 139 201 English 0
190 268 240 268 240 298 190 298 Manipuri 0
243 268 301 268 301 295 243 295 Manipuri 0
44 295 314 295 314 387 44 387 English 0
209 381 320 381 320 445 209 445 English 0
141 225 184 225 184 256 141 256 English 0
245 559 297 559 297 597 245 597 English 0
297 511 333 511 333 550 297 550 English 0
77 545 169 545 169 608 77 608 English 0
201 561 217 561 217 578 201 578 English 0
216 559 242 559 242 574 216 574 English 0
547.858512679959 410.2897554801467 557.7226165683533 426.13742452838756 519.5056124661642 449.9214829628535 509.6416388297075 434.0739279267028 English 0
563.0261700000119 427.1976890000059 554.2701083589782 406.37487579563253 588.633306000047 391.9268220000205 597.3894076692523 412.7495168513064 English 0
565.5774067063612 549.6051106036822 571.5837239581742 568.1232366464566 547.0089639999787 576.0920079999859 541.0027644527145 557.5739820755728 English 0