546 515 582 515 582 538 546 538 Manipuri 0
449 530 550 530 550 619 449 619 English 0
411 617 430 617 430 638 411 638 English 0
430 615 494 615 494 640 430 640 English 0
498 619 536 619 536 640 498 640 English 0
298 576 313 576 313 590 298 590 English 0
294 563 321 563 321 578 294 578 English 0
152.16802900002222 375.16326100002016 150.93932614894584 348.13945378602114 229.0135190000001 344.5896939999982 230.24249085014162 371.6132183220269 English 0
228.69449999998324 371.5215980000164 227.87452820011822 345.66041206828277 271.05287899998075 344.2914489999916 271.87299456047185 370.15248625522594 English 0
159 388 164 388 164 398 159 398 English 0
163 388 167 388 167 397 163 397 English 0
168 386 183 386 183 399 168 399 English 0
182 386 188 386 188 397 182 397 English 0
220 386 228 386 228 396 220 396 English 0
243 385 251 385 251 396 243 396 English 0
208 398 217 398 217 408 208 408 English 0
229.4083810000302 394.7801799999745 229.78347042379028 385.0452631474877 242.59387700003572 385.5387939999676 242.21880634228 395.2736927417119 English 0
186.8159420000302 397.12281999997293 186.05566890102637 387.9859537132355 202.5359749999916 386.6147839999744 203.29626806022134 395.75162827851557 English 0
202.27212700003292 396.84947399996827 201.43461098254193 386.5841446253319 220.33990199997788 385.0418840000315 221.17744373579626 395.3071850645932 English 0
193.49638899999263 407.29681199998794 193.65305901505053 398.07227447282014 208.17621599999256 398.3189009999951 208.01956638948468 407.5434184581284 English 0
240.4849020000256 336.33118800000307 241.04090662418457 321.63621175288085 261.04695100002573 322.39310200001046 260.490983706477 337.0880421792668 English 0
209.50657800000045 339.4365449999956 208.77067613262625 325.1933497623968 240.81471699995745 323.5378339999883 241.5506720673875 337.780972843973 English 0
168.62825199998042 340.79626500000165 167.99986127472948 328.63440219661493 186.5422280000348 327.67640900002357 187.17064523196314 339.83824374012613 English 0
186.84603900001093 340.153101999982 185.87857751481351 327.7941206237414 210.356488000034 325.8781289999837 211.32398378387734 338.2370727531705 English 0
195 307 201 307 201 318 195 318 Manipuri 0
242.12986822218227 304.0639973040498 242.37552276528731 315.90505150831683 215.29015400003118 316.4668620000275 215.04453719848243 304.6258447604569 Manipuri 0
201.0682519999682 317.3862229999813 201.5566352699534 305.34738489159463 216.3744299999962 305.9484589999837 215.88606822268048 317.98727637184595 Manipuri 0
26 552 64 552 64 580 26 580 English 0
14 573 68 573 68 600 14 600 English 0
21.00707199999306 551.0844260000185 21.95907750094193 528.8638494332811 69.2511480000394 530.8894529999912 68.29936266665754 553.1098177883624 English 0