226 343 233 343 233 357 226 357 English 0
233 337 264 337 264 355 233 355 English 0
265 332 286 332 286 350 265 350 English 0
239.87267199998314 338.56390199997 236.44627530375146 323.6598175650222 267.54377500001283 316.5111490000272 270.97021186833445 331.41517556246185 Manipuri 0
269.34560599998804 331.91163399998595 268.2156290589046 317.8650661837655 283.6568904109299 316.6229876730985 284.78689122792275 330.66952926379946 Manipuri 0
434 170 462 170 462 190 434 190 Manipuri 0
393 304 412 304 412 319 393 319 English 0
413 304 418 304 418 316 413 316 English 0
419 298 451 298 451 315 419 315 English 0
89 345 126 345 126 370 89 370 English 0
398 218 452 218 452 285 398 285 Manipuri 0