340.96455500257434 312.94770883475314 345.89455797751725 338.208544117955 294.92869900001097 348.154168999974 289.99887904705247 322.8934937186274 Manipuri 0
338.5953512424021 302.1640500665527 399.1966360000515 285.20007599999747 407.1280016725359 313.53182438171734 346.52673996613885 330.4957412814007 Manipuri 0
407.7862330000062 309.2212059999697 399.6640859591571 283.28721138873107 441.6624890000094 270.13471699997456 449.78470328322146 296.068588337606 Manipuri 0
315.49582500003453 358.1667430000305 309.20706469718425 336.0213916062434 372.6081300000078 318.0183549999981 378.8970005648298 340.163522552594 English 0
386.7896458217001 335.08393005976643 374.42567981350294 337.79172145800516 369.84139198524645 316.8610633633851 382.20529599995643 314.153279000002 English 0
428.4597126362496 300.4135772451277 433.5914003755897 321.93862236075773 387.1069809365872 333.0197333592788 381.9754329999705 311.4948090000216 English 0
372.213055655302 337.76891605893786 377.25187871576054 356.51215454449994 325.8522429999721 370.3285999999914 320.8135728576599 351.5854927630129 English 0
273.07021200002055 416.214246999996 264.4184230809333 392.75771812429815 335.8462960000179 366.4147910000108 344.4981997177092 389.8710600418407 English 0
341.6212629999791 387.1992569999969 335.3049749798811 363.6036515950309 420.52587300000596 340.79285400001146 426.84233801657683 364.38817686775667 English 0
422.8007670000079 359.32038199998595 416.9671330466372 333.35143631281403 480.309957999998 319.1232630000219 486.1437414041575 345.0919947644647 English 0
394.9814150103339 349.30270160920173 376.8657899565005 352.28257881732225 373.6888321198785 332.9702518078718 391.80436899994675 329.99038200000535 English 0
394.2230659999768 343.1268680000221 391.20278459988185 326.58686461946775 422.90528300000005 320.79828399999593 425.9256149717112 337.338221574292 English 0
337.07522169759613 389.5483174179428 342.970335367354 411.5373971405773 302.04384700002265 422.5079390000062 296.1488970227947 400.51899974457973 English 0
339.5304110000143 406.2628320000045 336.6053291659773 382.44160631419385 363.1969129999925 379.1767150000139 366.1220745687024 402.9978471758682 English 0
367.67289399998845 399.2251119999653 361.09657573448203 377.1990950905641 409.52329899999313 362.7417779999972 416.0997078454966 384.7676372513839 English 0
418.6900109999988 384.9009189999925 412.40682070245384 363.0224826110248 459.85497199995734 349.39731199996834 466.1382498910825 371.27560043485795 English 0