248 174 275 174 275 203 248 203 Manipuri 0
278 177 315 177 315 211 278 211 Manipuri 0
243 207 273 207 273 239 243 239 English 0
274 209 378 209 378 252 274 252 English 0
236 240 295 240 295 292 236 292 English 0
298 245 378 245 378 300 298 300 English 0
234 289 257 289 257 310 234 310 English 0
256 292 277 292 277 312 256 312 English 0
277 293 297 293 297 313 277 313 English 0
298 296 311 296 311 314 298 314 English 0
312 297 335 297 335 317 312 317 English 0
334 299 356 299 356 318 334 318 English 0
354 302 370 302 370 321 354 321 English 0
170 319 187 319 187 342 170 342 English 0
186 320 212 320 212 345 186 345 English 0
213 321 236 321 236 344 213 344 English 0
235 325 253 325 253 348 235 348 English 0
254 327 280 327 280 347 254 347 English 0
281 329 299 329 299 349 281 349 English 0
300 330 308 330 308 349 300 349 English 0
308 331 323 331 323 350 308 350 English 0
324 331 357 331 357 354 324 354 English 0
185 340 211 340 211 363 185 363 English 0
211 344 242 344 242 368 211 368 English 0
242 346 265 346 265 367 242 367 English 0
264 348 293 348 293 372 264 372 English 0
295 351 313 351 313 370 295 370 English 0
313 352 330 352 330 370 313 370 English 0
329 355 339 355 339 373 329 373 English 0