243 169 288 169 288 213 243 213 Manipuri 0
291 178 361 178 361 211 291 211 Manipuri 0
365 181 412 181 412 216 365 216 Manipuri 0
177 214 275 214 275 283 177 283 English 0
281 225 390 225 390 289 281 289 English 0
394 229 467 229 467 292 394 292 English 0
175 308 187 308 187 324 175 324 English 0
223 371 277 371 277 406 223 406 English 0
282 373 353 373 353 410 282 410 English 0
357 377 411 377 411 411 357 411 English 0
189 311 198 311 198 325 189 325 English 0
280 466 311 466 311 487 280 487 Manipuri 0
326 466 358 466 358 487 326 487 Manipuri 0
99 455 108 455 108 462 99 462 Manipuri 0
109 457 115 457 115 461 109 461 Manipuri 0
36 461 119 461 119 488 36 488 English 0
123 464 171 464 171 491 123 491 English 0
124 490 150 490 150 502 124 502 English 0
85 488 120 488 120 499 85 499 English 0
73 502 102 502 102 514 73 514 English 0
53 487 80 487 80 501 53 501 English 0
211 606 224 606 224 617 211 617 English 0
224 607 241 607 241 618 224 618 English 0
223 620 238 620 238 628 223 628 English 0
214 620 220 620 220 627 214 627 English 0
216 630 228 630 228 636 216 636 English 0
228 631 235 631 235 636 228 636 English 0
284 488 346 488 346 526 284 526 English 0
251 531 369 531 369 578 251 578 English 0
314 585 356 585 356 604 314 604 English 0
435 341 452 341 452 357 435 357 English 0
431 322 447 322 447 337 431 337 English 0
436 300 453 300 453 316 436 316 English 0
424 321 431 321 431 335 424 335 English 0
427 341 434 341 434 356 427 356 English 0
339 296 364 296 364 312 339 312 English 0
365 299 374 299 374 310 365 310 English 0
364 317 375 317 375 332 364 332 English 0
356 337 366 337 366 353 356 353 English 0
622 358 639 358 639 380 622 380 Manipuri 0
581 434 604 434 604 451 581 451 English 0
563 466 583 466 583 483 563 483 English 0
635.1346220054984 391.0155319356775 636.5682351721625 429.3821757090965 560.9194620000198 432.20785099997465 559.4863088907732 393.84165134402855 English 0
634.1765866855712 432.05723380713806 634.9993598691071 447.8105426289398 605.6839970000146 449.34130999998195 604.8613032256981 433.5880768959331 English 0
620.6028557872924 526.5115854326052 621.2133079778141 566.3936402761035 528.5205989999668 567.8108580000358 527.9109101380891 527.9295548192244 English 0
586.9331154134125 121.41666950757735 485.8421069999895 120.59404299999984 486.23246249815566 72.64613161094046 587.3231213071267 73.46875669640676 English 0