117.76686800003517 354.51041900000314 105.68966624472523 346.817223030838 156.7902142166713 266.60298897246724 168.86721629103704 274.2961001254278 Manipuri 0
168.31592100003036 281.53796000000057 155.29546476514952 266.8896994245356 179.22934400005033 245.61663500002342 192.24976643250557 260.2648494332005 Manipuri 0
210.70881913110497 226.95356870829644 220.6968481876538 245.34277861146936 187.2867789999873 263.4884290000035 177.29882378989714 245.09928254666812 Manipuri 0
266.58870586506964 205.10966272800192 272.9575904009107 227.52779742240028 219.94896800002607 242.58655800001424 213.58020355997724 220.168526062919 Manipuri 0
344.4843396750366 218.90689208180243 339.4355052417086 242.25693944432146 265.90507100983814 226.35822546919934 270.9540089999791 203.00832399998643 Manipuri 0
188.5656424688932 334.3041726447421 169.67059725808213 339.6542104060703 155.24257802848297 288.70132677120756 174.1374039999937 283.3513220000075 English 0
188.68099899998924 322.76305400000814 166.12139702425338 285.07944679471217 229.29811499998323 247.26049699999896 251.85770190633775 284.94380853730905 English 0
313.2083174853324 237.38897444332795 317.5883806074853 284.7722240419358 238.87333511804172 292.04768697787256 234.49367000001075 244.66480600000307 English 0
153.966120480909 301.5904987310147 183.04062520684965 316.50165282766716 120.04040106687171 439.3303838396981 90.96608618230675 424.41951360920285 English 0
320.5515350000496 237.01486699999964 343.98959249592735 236.73786592805476 344.65376580417797 292.9331689417373 321.21570833995065 293.21016847802065 English 0
246 177 256 177 256 195 246 195 Manipuri 0
237 186 246 186 246 203 237 203 Manipuri 0
224 182 238 182 238 201 224 201 Manipuri 0