300 241 316 241 316 261 300 261 Manipuri 0
318 246 329 246 329 259 318 259 Manipuri 0
331 244 346 244 346 261 331 261 Manipuri 0
348 243 374 243 374 260 348 260 Manipuri 0
281 333 306 333 306 343 281 343 English 0
238 336 253 336 253 346 238 346 English 0
214 336 236 336 236 347 214 347 English 0
172 337 212 337 212 350 172 350 English 0
227 265 294 265 294 322 227 322 English 0
117 267 191 267 191 328 117 328 English 0
143 338 171 338 171 351 143 351 English 0
62.66087399999378 338.89515800002005 62.72858193893626 324.65840273710654 86.52565769465582 324.7715551509302 86.45799175945285 339.00826860418454 English 0
302.5043107091187 319.2726883025583 301.97748599995975 280.1293590000359 376.51275863405317 279.12612234097065 377.03990368478117 318.26912636835436 English 0