386 135 428 135 428 170 386 170 English 0
384 173 414 173 414 210 384 210 English 0
414 176 448 176 448 209 414 209 English 0
384 215 440 215 440 251 384 251 English 0
382 296 428 296 428 331 382 331 English 0
429 296 439 296 439 324 429 324 English 0
382 255 454 255 454 295 382 295 English 0
454 256 501 256 501 291 454 291 English 0
381 333 435 333 435 372 381 372 English 0
435 334 485 334 485 370 435 370 English 0
152 360 195 360 195 388 152 388 English 0
200 359 239 359 239 387 200 387 English 0
241 352 295 352 295 378 241 378 English 0
310 119 345 119 345 165 310 165 Manipuri 0
622.2539307749685 441.6449979672624 628.9268159048515 505.0790859198455 540.9232000000338 514.3337260000277 534.2513999149378 450.90063370615223 English 0
639.9998369457171 231.214079941592 650.6704870609974 310.0095393990967 541.2447709999833 324.8262210000103 530.5751151850563 246.03165568452837 English 0
639.393692343001 339.9431621172152 646.3684087645379 404.62598164820304 531.9314049999957 416.9628199999877 524.9578260172711 352.2810371658069 English 0
91 93 313 93 313 359 91 359 English 0