36 5 54 5 54 28 36 28 Manipuri 0
55 7 73 7 73 30 55 30 Manipuri 0
74 10 107 10 107 42 74 42 Manipuri 0
195 92 241 92 241 122 195 122 Manipuri 0
137 179 188 179 188 211 137 211 English 0
0 291 22 291 22 314 0 314 English 0
29 295 43 295 43 316 29 316 English 0
45 296 92 296 92 320 45 320 English 0
253.0728258358431 316.41915668141354 250.2145096744789 391.7106057593936 97.90303000001586 385.9266279999688 100.76278296000964 310.63667359009526 English 0
253.29481653308903 307.0650010554466 224.78701 305.59346399999913 226.33262050549092 275.6543817336211 254.84024199999112 277.12591399999826 Manipuri 0
280.53595992183546 219.4350890405649 283.1027709999762 198.3754020000289 325.5117460242036 203.54412451081515 322.94501290532935 224.6037404392199 English 0
331.17661886622955 144.45978002510722 322.34089999998105 198.0952340000056 185.5070068022178 175.5533595016363 194.3430780000199 121.91834599998808 English 0
472.53051565137866 249.72936054886972 468.92306000001554 267.0210800000037 424.89210799743887 257.8355170859495 428.4996169999795 240.5438709999949 Manipuri 0
474.9091967779532 317.82711448778304 482.6714389999688 253.47636900000646 560.0706745551724 262.81199228581806 552.3090284701902 327.1621935120731 English 0
555.6824568795128 326.4770296758636 563.2938920000015 267.49403499997595 646.0689449961501 278.1748674730201 638.4581218376843 337.15731124172095 English 0
613.4485777586815 183.77901666130154 616.0314649999782 174.61035900003145 641.4845530143793 181.7805187021147 638.9016850179178 190.9491598844661 English 0
633 190 640 190 640 200 633 200 English 0
621 188 634 188 634 199 621 199 English 0
504 330 539 330 539 363 504 363 Manipuri 0
543 334 577 334 577 369 543 369 Manipuri 0
580 338 604 338 604 372 580 372 Manipuri 0
604 338 632 338 632 369 604 369 Manipuri 0
398 258 439 258 439 333 398 333 English 0
439 264 476 264 476 331 439 331 English 0