623.0332405175432 121.93677959700679 631.5002523932344 244.61855225046418 489.3622779999714 254.42671300003053 480.8965537255426 131.7461327952131 English 0
226.39507756939565 166.70746901408796 247.30592082290968 239.08297617461773 73.06333500004257 289.42163900003317 52.153793112011044 217.04724501913375 English 0
168.46602634817827 331.44155075757976 82.88333051496011 336.59987677201764 79.77587690322252 285.03875612012274 165.3575550000096 279.8804609999997 English 0
175.60754999998608 310.86223500001273 175.0465257614269 255.20458880941973 240.40353800002777 254.54581599998681 240.96494154291577 310.20307696232896 English 0
101.6620893561776 357.7451728061802 164.64426200000162 365.9422149999977 155.90313908782264 433.0972867933284 92.920981999996 424.9003259999956 English 0
152.81434800002899 413.9640889999766 141.79279089483316 347.900331292097 237.81319100002293 331.8823999999672 248.83545664633857 397.9452742510437 English 0
239.42820478019712 337.6201089954259 275.77044900004694 332.5952199999969 282.025980188846 377.833888311574 245.6837422765966 382.8587468010298 Manipuri 0
313.2943461720424 329.7787751640871 321.01438461089856 364.133021239901 280.75355100001616 373.1793299999821 273.03372562120785 338.82526883093635 Manipuri 0
353.5600844756118 323.0436014325681 357.46046801665216 354.8051867120928 318.565099999978 359.5810119999878 314.66489018413995 327.81958443930466 Manipuri 0
0 231 45 231 45 277 0 277 English 0
0 289 37 289 37 334 0 334 English 0