95 218 135 218 135 240 95 240 Manipuri 0
142 214 180 214 180 234 142 234 Manipuri 0
298.0961633618426 196.86823837271612 300.82983552725636 217.72126504662305 189.6748340743943 232.29174817181246 186.9413679184072 211.43890743923583 Manipuri 0
90.13582473497081 286.18570886393184 58.77057999998215 287.984682000002 56.404583128969534 246.7332987868255 87.76957199996104 244.93433300000063 English 0
128.15874582360266 280.3659391276306 105.87751200000639 281.1507509999997 104.57290993559582 244.11204804019724 126.8539829999645 243.32723900000101 English 0
272.1827011885034 225.99072016286283 276.5139843189536 262.5141793435828 135.38669900000968 279.248356999996 131.0559504644334 242.72538426955435 English 0
124.62812889752968 282.6730725410233 126.18132110837905 302.8840927543394 93.19427800000994 305.4188419999665 91.64116378946346 285.2078946718246 English 0
126.3825789999828 299.7527350000287 124.14535784693726 283.40109027125357 161.1683539999649 278.335899000007 163.4056300267548 294.68747808920983 English 0
168.51409000002604 293.9305240000191 166.6976718333899 277.0069098878344 214.7307870000077 271.85172400002625 216.5472804856836 288.7752520019771 English 0
236.54464730905602 270.08359765079973 238.03786832548212 287.06560792990473 216.90118899998197 288.9239940000096 215.4080082476139 271.94202105451905 English 0
271.38065043647657 263.4637854246715 273.5455920050299 279.87711944875764 239.4985650000308 284.3676269999712 237.33368689616327 267.9543503007391 English 0
58.90515899998718 331.45137500003545 57.58760509379499 314.4754696366943 82.50027299996873 312.5420559999875 83.81787331432861 329.51791048750647 English 0
84.63032799998473 327.3028470000089 83.08799028469366 313.150523846677 99.9545930000022 311.3125169999772 101.49695562096895 325.46481161131817 English 0
102 311 125 311 125 325 102 325 English 0
62 354 108 354 108 374 62 374 English 0
491.35663499997463 8.408591439119172e-13 527.3317597449204 -1.9858868444378008 528.0740586637694 11.461152214790014 492.0989339255175 13.447039004112245 Manipuri 0
507.47104000001855 82.9846349999979 573.0937896066462 77.05902373782207 574.7647137214517 95.56345650643321 509.1419646132272 101.48906412522636 Manipuri 0
547.8869736067281 167.77345268902621 550.924473066334 190.210809999194 480.55878300001496 199.7362319999655 477.5214041132858 177.2989834320019 English 0
581.5168966177589 164.52606964424578 584.2231970625289 188.2813835742092 551.2175730000308 192.04136199997234 548.5113297525822 168.2861002546997 English 0
584.5879499999864 162.95218999999892 608.5652244376979 160.99049544522924 610.3042047638155 182.24513932357036 586.3269306562142 184.20683119175425 English 0
518.9764429999923 156.11557100000348 511.64833395232563 105.04778767134951 596.0806494615827 92.93200917952184 603.4089258220047 143.99959043797418 English 0
634.4489257898385 143.34814821281194 606.3481239999965 145.84844000000203 604.09430045911 120.51763828097509 632.195032736563 118.0173495987117 English 0
605 423 627 423 627 450 605 450 English 0