254.9642330923234 199.90312967636123 303.1476986451162 206.950708694433 292.2568520000641 281.40709500000474 244.0733967088454 274.35956352371386 English 0
401.63534272200195 247.3472218744555 386.1645629999839 307.0802430000091 288.610947214911 281.81457378335386 304.08210800000234 222.08214000000552 English 0
472.24721487982606 269.9783108931851 454.28410200001963 326.8690090000174 376.35510680389416 302.26407508234894 394.3184879999899 245.3738679999858 English 0
264.1917757066403 519.9536201273658 208.78687026895932 514.5989102908677 215.12810112471925 449.00544659530857 270.5317020000075 454.3600930000001 English 0
354.0056082254887 530.5789030455284 263.3392344586173 515.0578213883454 274.1420888778521 451.97089929199717 364.80637799999386 467.4917979999947 English 0
430.9640896734345 530.4151374922403 353.2493001063267 521.6662615986493 359.44566199999826 466.64274400000016 437.1588698019332 475.39152995062403 English 0
323.7898513910477 223.19369390105885 287.2790668194648 213.3821941478057 296.3937530000112 179.4658499999946 332.90435591443384 189.27732401166082 Manipuri 0
378.03313990290917 215.8047076366731 372.65780599998834 233.30345000000824 326.6262790831388 219.16369023689273 332.0016510000278 201.66501599998483 Manipuri 0
374.33171576347377 237.03492789014263 379.8800029999984 214.28802799998962 431.95840439635504 226.99013285502963 426.4102391083725 249.73692724944826 Manipuri 0
299.9824787418038 452.904853489229 264.4611941149924 446.33082282872607 271.2823650000064 409.48053700000344 306.80323399123154 416.0545282323113 Manipuri 0
316.02033777373435 451.8451213638608 304.23641693974787 449.2937364094116 310.2659643202787 421.4497088240399 322.049779999943 424.0010819999941 Manipuri 0
344.2337958767894 457.7536465906767 330.2141098327411 454.19171584962237 337.97653600006015 423.6437320000081 351.99608443719626 427.20564443948655 Manipuri 0
398.39124983504007 463.4514458119136 348.92111936314905 454.3796100334351 353.66922595458163 428.4925218616447 403.1389350000245 437.56431800000206 Manipuri 0
345.37067849938467 614.1683298275334 320.2895922051539 609.422415770565 324.25890260863525 588.4518185620118 349.3397560000449 593.1977100000038 English 0
173.0439805768401 258.565775515518 121.06958356627729 247.4664616996587 132.22706100001233 195.22296099999772 184.20099926115654 206.32222373464805 English 0
110.15035075797641 199.64607788788587 133.88432066400128 207.58817578927614 121.48526500001026 244.63986699999265 97.75130705435004 236.69779469069277 English 0
126.09631278348388 299.36832795271744 93.69331553534721 293.3539056865027 98.10755378872273 269.5738830349793 130.51039000005403 275.58829000000503 English 0
150.2984133501741 280.90450650706816 146.1126409999997 301.8186250000282 127.45185793050041 298.0840320614964 131.63766201483668 277.16995629761203 English 0
138.48070703847043 248.94525833110856 130.30567699999665 274.8358920000173 101.74887877736182 265.8193933325075 109.92394900000363 239.92883400002071 English 0
53.97838401127956 503.218517598557 93.80487030823133 513.8234311651754 69.69573399997898 604.3445389999955 29.869325921317795 593.7398299410403 English 0
124.67252747745079 318.5821476982154 102.38385190074041 316.54791690056993 104.58638480740774 292.417596759885 126.87493899997207 294.4518219999995 English 0
140.8796766577143 322.58906117210387 124.15370583403273 319.94011505639224 127.93602500001725 296.05983200000276 144.66190446190012 298.70877074129146 English 0
173.42274742644804 258.71348631883967 167.9800029999751 284.4027939999833 139.4106014935096 278.3501009702453 144.8533999999927 252.66086799999866 English 0
167.57997101580258 307.3785521606075 164.13128799998958 329.1516559999798 141.06654135975987 325.49860036505106 144.51527247401827 303.72555621258164 English 0
324.64893903626944 634.645507394877 316.67944464417815 633.0573992554736 321.4096162408532 609.3274227529378 329.37902400000894 610.9155220000061 English 0