218 180 266 180 266 228 218 228 Manipuri 0
266 176 338 176 338 215 266 215 Manipuri 0
340 168 389 168 389 207 340 207 Manipuri 0
162 230 265 230 265 307 162 307 English 0
266 219 380 219 380 292 266 292 English 0
378 207 456 207 456 275 378 275 English 0
176 334 190 334 190 351 176 351 English 0
235 381 292 381 292 420 235 420 English 0
294 370 367 370 367 412 294 412 English 0
369 362 425 362 425 400 369 400 English 0
190 335 200 335 200 350 190 350 English 0
309 467 342 467 342 490 309 490 Manipuri 0
355 458 388 458 388 481 355 481 Manipuri 0
129 493 139 493 139 501 129 501 Manipuri 0
139 493 145 493 145 498 139 498 Manipuri 0
69 501 153 501 153 535 69 535 English 0
155 492 205 492 205 523 155 523 English 0
161 521 188 521 188 535 161 535 English 0
121 525 157 525 157 539 121 539 English 0
113 542 142 542 142 557 113 557 English 0
91 531 119 531 119 548 91 548 English 0
268 619 282 619 282 631 268 631 English 0
281 617 299 617 299 630 281 630 English 0
282 630 298 630 298 640 282 640 English 0
273 633 280 633 280 640 273 640 English 0
319 483 384 483 384 526 319 526 English 0
295 524 416 524 416 580 295 580 English 0
366 575 409 575 409 598 366 598 English 0
438 316 456 316 456 334 438 334 English 0
431 299 448 299 448 315 431 315 English 0
430 276 448 276 448 294 430 294 English 0
423 300 431 300 431 314 423 314 English 0
429 319 438 319 438 335 429 335 English 0
334 289 360 289 360 307 334 307 English 0
361 289 370 289 370 301 361 301 English 0
363 307 375 307 375 323 363 323 English 0
359 329 371 329 371 346 359 346 English 0
624 297 640 297 640 320 624 320 Manipuri 0
599 379 623 379 623 398 599 398 English 0
587 415 608 415 608 433 587 433 English 0
639.9998312765092 330.25632827067454 648.728249614287 367.644411239565 577.9033599999821 384.1766769999879 569.1753580411023 346.78895411421104 English 0
639.999985825998 372.4886851113413 643.8137300293602 387.79549000057773 625.1146629999857 392.45386900003166 621.3009674046771 377.14710601095015 English 0
639.9997593359876 468.4062158145824 648.2097989799513 507.4387839273037 571.9740289999754 523.4702689999708 563.7646313902223 484.4382606620223 English 0
544.1372625029908 74.13201793391416 444.7466700000223 92.61352699999848 435.9808827789675 45.47208389060758 535.3712690355314 26.990594462401635 English 0