16 26 33 26 33 48 16 48 Manipuri 0
35 26 52 26 52 48 35 48 Manipuri 0
55 28 87 28 87 58 55 58 Manipuri 0
181 101 225 101 225 128 181 128 Manipuri 0
129 192 178 192 178 220 129 220 English 0
0 313 21 313 21 335 0 335 English 0
30 315 43 315 43 335 30 335 English 0
46 315 92 315 92 336 46 336 English 0
252.98606826123432 321.0964405921456 255.38728050727514 396.4040018171309 103.04285600002913 401.25873599999125 100.64323028884246 325.95271232109377 English 0
252.5550175441458 311.749752829127 224.0139949999866 312.2702800000005 223.46738963766256 282.2961934439617 252.00822300001164 281.7756679999994 Manipuri 0
273.6170871383365 222.43293515489145 274.7085479999805 201.24549399999196 317.37471812200965 203.44331752211002 316.28333245564136 224.6306866338085 English 0
318.90425088429765 144.1077168527558 313.8315510000393 198.22889499996663 175.75858336953388 185.28696743255952 180.8316940000077 131.16624699998118 English 0
467.25706676857953 239.26054642997002 464.8646690000169 256.7617869999668 420.3002803736308 250.67004090941896 422.6927379999688 233.16887199997038 Manipuri 0
474.3806274156668 307.02650723670155 477.63472600003297 242.29103100002558 555.4963011296059 246.2047036560369 552.2427464967768 310.939657945465 English 0
555.5605349075631 310.0209007840368 559.0386089999811 250.6506130000363 642.3567403024936 255.53113579883978 638.879211890162 314.90091790171 English 0
603.2314830437826 163.6409123099905 605.1684789999854 154.31440900002804 631.0597049749049 159.6915724625855 629.1227259882726 169.0180609461424 English 0
631 159 638 159 638 168 631 168 English 0
624 169 633 169 633 179 624 179 English 0
611 167 623 167 623 177 611 177 English 0
506 317 540 317 540 348 506 348 Manipuri 0
546 318 578 318 578 351 546 351 Manipuri 0
583 320 605 320 605 352 583 352 Manipuri 0
607 318 633 318 633 347 607 347 Manipuri 0
399 252 435 252 435 325 399 325 English 0
439 256 472 256 472 321 439 321 English 0