249 173 277 173 277 202 249 202 Manipuri 0
280 176 317 176 317 210 280 210 Manipuri 0
244 206 274 206 274 239 244 239 English 0
275 209 379 209 379 253 275 253 English 0
237 239 297 239 297 292 237 292 English 0
298 245 378 245 378 301 298 301 English 0
234 287 258 287 258 309 234 309 English 0
257 291 278 291 278 311 257 311 English 0
277 292 298 292 298 313 277 313 English 0
298 296 311 296 311 314 298 314 English 0
312 297 335 297 335 318 312 318 English 0
334 299 356 299 356 318 334 318 English 0
354 303 370 303 370 322 354 322 English 0
170 316 188 316 188 339 170 339 English 0
186 317 212 317 212 342 186 342 English 0
213 319 236 319 236 342 213 342 English 0
235 324 253 324 253 347 235 347 English 0
254 326 280 326 280 347 254 347 English 0
280 329 299 329 299 349 280 349 English 0
300 330 308 330 308 349 300 349 English 0
308 331 324 331 324 350 308 350 English 0
324 331 357 331 357 355 324 355 English 0
185 338 211 338 211 361 185 361 English 0
210 341 241 341 241 366 210 366 English 0
241 345 264 345 264 366 241 366 English 0
264 348 293 348 293 372 264 372 English 0
294 351 312 351 312 370 294 370 English 0
312 352 329 352 329 371 312 371 English 0
328 354 339 354 339 373 328 373 English 0