281.5314644846512 143.8944067637146 294.5917828452366 144.12237096592176 294.06433335054317 174.33998579482795 281.0040149999986 174.1120219999995 English 0
290.93824072966527 170.136575107631 299.62921283244214 184.17464780331392 261.18622631001926 207.9740000765493 252.4953050887416 193.9359718841064 Manipuri 0
313.3090558587719 156.30270613075993 322.6120342968352 170.76645299414645 292.28277610091027 190.27353254714774 282.97983576318074 175.80981920661299 Manipuri 0
243.49848069388827 248.55110619145634 222.65161400006036 248.36420000000027 222.99014010248356 210.61538141415295 243.83687200002896 210.8022870000001 English 0
305.19668397733767 178.09013750317152 318.700182099783 201.32804010572076 248.32746538464562 242.21988935342839 234.82413706915395 218.98213386212672 English 0
357.4323974305298 148.7752002718226 372.58201676355384 173.61961579063617 312.1662469990406 210.45886134636982 297.016761183404 185.61456225661885 English 0
270.7754251966253 225.4968497082099 277.04165324481437 237.07656663529175 250.82047823583707 251.26520158299851 244.55428572793608 239.68551519962796 English 0
270.72137700000894 243.86911500000477 262.33053482174 229.65217900877732 298.6276704917691 208.2303964350149 307.01851125653775 222.4472820722984 English 0
297.6543279999896 228.33679500000977 288.75189625570783 211.2667874431473 322.99569512877497 193.40837967824115 331.8981333448028 210.47833555654802 English 0
228.28209401595814 256.89604731782816 245.43935900001088 256.4668389999997 246.11831408226863 283.6060968752258 228.96104914252646 284.03530402145003 English 0
263.56157213725965 272.19290246943206 245.43699999994715 271.8765519999995 245.9334759737976 243.43645539737997 264.05794899998 243.75280499999985 English 0
280.5705817628768 260.043471571854 264.0452247110079 259.7550328374457 264.42792057292536 237.8324458591522 280.95321000000695 238.12088400000022 English 0
304.3797810019896 224.89804283063845 312.7192538862437 239.24572462982357 278.47611295466777 259.1483298209967 270.13669908956217 244.80069914941276 English 0
320.3251646656281 243.55034150173447 304.0695440000127 242.67316099999988 305.63534077351505 213.65827767896178 321.89088099999935 214.53545599999853 English 0