341.8096671652165 316.3140981295287 342.7270115123247 342.0351388721985 290.8330859999842 343.88552900000803 289.9159106490697 318.16465094110396 Manipuri 0
341.1566430248786 305.2932468940388 403.66550099999586 298.0176039999982 407.0671960560139 327.2412593310867 344.55834248423344 334.51687704119536 Manipuri 0
408.3916129999852 323.0867029999936 404.4266695600527 296.20133593890915 447.96527099999366 289.7808480000028 451.9303250363737 316.66607991879266 Manipuri 0
309.58068499996443 356.9922389999644 306.83394518295245 334.1356601554233 372.27043400002003 326.27247700003403 375.017338214966 349.1288640775631 English 0
383.60770131963363 345.34642498882073 370.9723778816988 346.0868723805489 369.71881786797894 324.69675941416233 382.3540739999589 323.9563140000016 English 0
430.18838306459656 317.6215255820603 431.8894278526568 339.68437908596127 384.24382454366423 343.35734034368494 382.54291800003557 321.29461599996597 English 0
368.79055312827404 345.7180481491192 370.83501408174925 365.0187809841703 317.9070650000358 370.62446399998527 315.86275301779096 351.3238679089283 English 0
258.59677100001136 407.6882540000314 253.7213216523378 383.1669184849105 328.39032900003076 368.32225499999316 333.2659785361466 392.8433211843901 English 0
330.84278900001664 389.75423300001273 328.29580335317587 365.46089163300815 416.0355139999592 356.2625699999817 418.58276080180076 380.5556134188445 English 0
415.38405699997384 374.9178659999936 413.6850476604741 348.35594332228845 478.4734279999975 344.2120589999999 480.1726521454111 370.77374977542365 English 0
389.4743106934766 360.67161472740986 371.1155595038872 360.78113606703516 370.99884061084595 341.2095830597863 389.3574979999539 341.10006200000015 English 0
389.69141699999454 354.45318300003527 389.2959674416488 337.6443108950215 421.51346899998316 336.88638900002445 421.9089865068963 353.69519146134246 English 0
325.9852420265088 391.3632011478493 328.3675422590022 414.00377703934623 286.22914200001105 418.43693499997136 283.84699890972115 395.7965033543587 English 0
326.63306066002406 384.2707537790715 353.4078089999821 385.20563699999997 352.5702241788531 409.19101711099404 325.79547601191734 408.2561372039003 English 0
354.69242300001497 405.70740299998755 351.64305835802224 382.92369797538123 401.7348309999943 376.2200849999772 404.78433619835414 399.003622663771 English 0
407.3222320000059 399.5404000000329 404.5392665104009 376.9483172599402 453.5343719999946 370.9135200000218 456.3174739725946 393.5054425067273 English 0