294 235 311 235 311 257 294 257 Manipuri 0
314 235 342 235 342 256 314 256 Manipuri 0
33 320 184 320 184 412 33 412 English 0
187 307 323 307 323 396 187 396 English 0
216 408 248 408 248 431 216 431 English 0
250 403 288 403 288 424 250 424 English 0
289 398 318 398 318 419 289 419 English 0
485 117 523 117 523 150 485 150 English 0
526 113 577 113 577 149 526 149 English 0
580 112 614 112 614 148 580 148 English 0
476 211 594 211 594 303 476 303 English 0
598 209 627 209 627 294 598 294 English 0
553 0 620 0 620 69 553 69 English 0
463 356 482 356 482 417 463 417 English 0
467 433 492 433 492 496 467 496 English 0
478 518 499 518 499 578 478 578 English 0