229 354 238 354 238 368 229 368 English 0
236 344 269 344 269 365 236 365 English 0
267 336 290 336 290 356 267 356 English 0
242.73229999998875 348.1905939999724 237.51495228199929 333.815236192996 267.5095919999876 322.92995999997 272.7269656941644 337.3052606268937 Manipuri 0
271.1748390000139 337.9960639999937 268.3413030140946 324.19193806652544 283.5160974987957 321.0772974019306 286.34965269840905 334.88139714574413 Manipuri 0
415 154 445 154 445 177 415 177 Manipuri 0
390 293 411 293 411 310 390 310 English 0
410 292 416 292 416 304 410 304 English 0
416 282 449 282 449 302 416 302 English 0
94 369 133 369 133 398 94 398 English 0
385 203 447 203 447 275 385 275 Manipuri 0