282 260 331 260 331 282 282 282 Manipuri 0
336 252 418 252 418 279 336 279 Manipuri 0
232 290 330 290 330 350 232 350 English 0
338 287 458 287 458 341 338 341 English 0
34 190 138 190 138 211 34 211 Manipuri 0
40 214 195 214 195 270 40 270 English 0
184 279 200 279 200 291 184 291 English 0
161 275 183 275 183 293 161 293 English 0
91 277 108 277 108 290 91 290 English 0
75 294 99 294 99 308 75 308 English 0
64 312 98 312 98 325 64 325 English 0
14 313 60 313 60 328 14 328 English 0
50 294 70 294 70 309 50 309 English 0
14 297 40 297 40 309 14 309 English 0
15 278 47 278 47 294 15 294 English 0
54 276 86 276 86 290 54 290 English 0
113 274 154 274 154 292 113 292 English 0
3 214 34 214 34 271 3 271 English 0
0 187 26 187 26 205 0 205 Manipuri 0
217 623 235 623 235 639 217 639 English 0
566 221 600 221 600 248 566 248 Manipuri 0
603 221 629 221 629 247 603 247 Manipuri 0
522.5501670000085 260.7135799999977 621.2085181748262 251.57821025478455 626.2834960949112 306.3829230561172 527.6251523388783 315.5182398390747 English 0
540.6535539300967 335.89357564544906 538.7203820000286 317.8670080000027 579.3218762875767 313.5131837884931 581.2551260792679 331.53966238957344 English 0
583.9228036245186 332.77299340153144 581.6004693591094 314.8383559672521 600.5364869999903 312.3865419999855 602.8588560064964 330.3211383158442 English 0
603.0542930000229 312.38654199999996 614.2034340216924 311.4956733416101 615.7362523200572 330.6773056673742 604.5871115435148 331.5681722761899 English 0
617.0442878813628 311.0128605244064 630.1236829999834 309.6463089999992 632.1078746754938 328.63577699261697 619.0284800468362 330.0023254130287 English 0