279.0143681121117 208.69834581112852 254.35495956488012 209.12876658308605 253.61039600000367 166.46860799999962 278.2696581505297 166.0381885039501 Manipuri 0
278.4996963191952 171.36830990906395 300.41649530874565 172.11175792303294 299.0666380000039 211.90443000000027 277.1498391167552 211.16098409211082 Manipuri 0
327.9696734495519 172.2827671908883 328.68341310706455 213.1655147638871 300.69693327466666 213.65402556379505 299.9832769999921 172.7713600000159 Manipuri 0
273.5521080000035 208.79368999999957 362.3162625519035 207.33943559815714 364.4698440000502 338.78231099999965 275.70569004295976 340.23654592637166 English 0
368.89274100001785 216.0197559999985 440.75349571307015 212.58230008203856 446.89187000003585 340.8997259999992 375.03111866630206 344.3371360687149 English 0
569.6064157864021 360.0942199512962 452.5786036699719 368.91397029975025 441.89883899998676 227.19177000000133 558.9230503833096 218.37215549787518 English 0
285.3224956974009 333.05163784587353 315.28127560690336 333.9224237840158 313.97729899996193 378.78072999999995 284.0185193142679 377.9099492274298 English 0
328.40144130670524 380.51452876198266 315.0790375916404 380.51656832596797 315.0720144971274 334.07990555129686 328.39425300000585 334.077866 English 0
326.023206999962 327.0070590000012 342.27439997666806 325.76175690077326 346.5387692006334 381.40678633047054 330.2875773247797 382.65207926819363 English 0
363.4530446593999 326.3535266887905 364.3221244541928 376.1239089544712 335.6907573369972 376.62367359474615 334.82186699999147 326.853478000021 English 0
387.6392607551679 376.9349166683963 362.75359400002344 377.929337 361.14292400445265 337.62237202427593 386.0283250000066 336.62795700000055 English 0