342.1152271741448 323.43504766227824 344.7869812803401 338.9759419779802 324.0112300000328 342.547315000033 321.3395216430217 327.0064612042354 Manipuri 0
344.04405599998427 338.85922800002083 342.52128277454176 323.05618725266095 367.38002300000517 320.66099099998445 368.9028392981709 336.4639832929813 Manipuri 0
369.6756930000265 335.0010180000282 367.96391486575885 318.4626911742876 396.84147500003746 315.47397000000285 398.55330427744775 332.01223868002944 Manipuri 0
430.5745953389851 310.4359871089792 433.2479691719345 325.450825375191 398.5804939999798 331.622746000003 395.9071915342065 316.60797077039973 Manipuri 0
232 364 256 364 256 403 232 403 English 0
370.52675428945804 345.8044897685733 376.22196948672354 381.4893502714149 268.2047020000027 398.7257519999739 262.51009260369756 363.0414307095867 English 0
375.0974419999693 378.17188999997376 369.28146370082686 342.60857187405065 435.86400899999717 331.72062699997275 441.6802397646825 367.28362795940683 English 0
513.5096670972416 319.6481855977657 520.4335769687168 353.88262315377347 443.36203699996986 369.4683629999845 436.43851979461033 335.23426788678955 English 0
453 439 481 439 481 460 453 460 English 0
410 450 424 450 424 472 410 472 English 0
405.48628498807375 454.2045363182734 410.3361018612486 475.17874707416576 363.52119900002435 486.001570999988 358.67158526998537 465.0275362783089 English 0
357.7986669220263 472.0742405575731 358.7214090798807 494.18418560867326 323.0080650000309 495.67419999997844 322.0854704537487 473.564396752144 English 0
268.8212819999899 510.14903799999337 262.6835849580675 487.4153336576386 315.2408920000016 473.22820699999903 321.3787304661673 495.96168488411934 English 0
380.76052317323047 183.8703790586521 384.46562555312994 196.06998753311555 359.69034900001134 203.5941590000079 355.9852732843865 191.39457326384763 English 0
382.8670879999845 185.4053750000007 389.17227733043546 184.85929903035125 390.0927005961421 195.4865545018397 383.7875113192422 196.0326300589573 English 0
410.1604897654761 179.78217407888513 411.70737797663605 191.07784772597537 392.0850149999751 193.76494399998595 390.53814401384443 182.46928587238446 English 0
436.7505122003058 173.33168009352636 438.4128875676106 184.6698934536691 415.6259670000145 188.0107349999738 413.9636111469008 176.67253909453723 English 0