310 0 361 0 361 36 310 36 English 0
366 0 449 0 449 25 366 25 English 0
228 184 242 184 242 194 228 194 Manipuri 0
242 181 257 181 257 192 242 192 Manipuri 0
185 252 196 252 196 266 185 266 English 0
198 248 228 248 228 262 198 262 English 0
229 242 254 242 254 258 229 258 English 0
179 275 197 275 197 289 179 289 English 0
197 270 228 270 228 288 197 288 English 0
228 267 238 267 238 283 228 283 English 0
239 265 264 265 264 279 239 279 English 0
235 334 251 334 251 352 235 352 Manipuri 0
251 334 272 334 272 348 251 348 Manipuri 0
272 331 287 331 287 348 272 348 Manipuri 0
195 380 239 380 239 427 195 427 English 0
238 373 294 373 294 421 238 421 English 0
218 491 233 491 233 504 218 504 Manipuri 0
234 488 255 488 255 500 234 500 Manipuri 0
255 486 269 486 269 496 255 496 Manipuri 0
214.8349639999651 552.9189209999761 208.78840934790787 524.9150589808064 276.17680547635246 510.3674297363326 282.223633624817 538.370910554702 English 0
232 552 248 552 248 564 232 564 English 0
248 547 267 547 267 559 248 559 English 0
159.43602300001658 564.335411000015 153.28033925354248 536.7527442062947 209.82245400002284 524.1367299999702 215.97836543289304 551.7190731676138 English 0
184.02682196960086 622.3877415284675 184.23204809732852 639.9217007481282 161.60489382273227 640.1863677539903 161.39976200000092 622.6525019999965 English 0
196.53222080793057 621.1183207198504 196.9632005589665 638.9352562883208 186.08503626172023 639.1982761593941 185.65410299997893 621.3813860000332 English 0
346 570 369 570 369 639 346 639 English 0
205 508 214 508 214 520 205 520 English 0
213 507 223 507 223 517 213 517 English 0
268 496 279 496 279 505 268 505 English 0