36 236 138 236 138 349 36 349 English 0
145 219 239 219 239 332 145 332 English 0
88 187 150 187 150 233 88 233 Manipuri 0
155 182 198 182 198 223 155 223 Manipuri 0
179 345 220 345 220 383 179 383 English 0
146 348 175 348 175 392 146 392 English 0
103 352 142 352 142 397 103 397 English 0
68 363 99 363 99 404 68 404 English 0
18 370 63 370 63 411 18 411 English 0
0 373 16 373 16 417 0 417 English 0
595 414 623 414 623 478 595 478 English 0
522 230 559 230 559 302 522 302 English 0
575 249 599 249 599 297 575 297 English 0
603 228 632 228 632 290 603 290 English 0