429 218 448 218 448 237 429 237 Manipuri 0
448 215 461 215 461 234 448 234 Manipuri 0
463 212 475 212 475 236 463 236 Manipuri 0
408.0888920000143 287.22410400000103 404.42131535630324 256.55169840891205 476.99016049802594 247.8747617832865 480.6579288057401 278.5469442305169 English 0
401.7018430009193 289.9724183716844 321.3077055828762 301.1509117720552 316.7879086393805 268.6451282003993 397.18150499997137 257.46667300000286 English 0
119.99761965511425 327.5388598763934 119.01709199999459 304.6836410000158 146.89476612213184 303.4877211730561 147.87536519586865 326.3428651789603 Manipuri 0
151.30321042626747 304.5786720528725 168.06957299995702 303.4391400000003 169.22997026900703 320.5112793547516 152.4636079267657 321.65080914090714 Manipuri 0
172.48545274582284 302.5148262976021 205.82674319019134 301.1946698340805 206.5447139999742 319.3261440000005 173.20342372309824 320.6462976933988 Manipuri 0
46 602 61 602 61 610 46 610 English 0
43 614 63 614 63 624 43 624 English 0
47 627 61 627 61 636 47 636 English 0
46 637 67 637 67 640 46 640 English 0
21 612 27 612 27 620 21 620 English 0
23 622 34 622 34 631 23 631 English 0
27 610 36 610 36 619 27 619 English 0
88 269 119 269 119 291 88 291 English 0
122 267 161 267 161 288 122 288 English 0
163 264 195 264 195 286 163 286 English 0
172 191 185 191 185 208 172 208 English 0
0 197 181 197 181 272 0 272 English 0
267 77 279 77 279 88 267 88 English 0
281 78 313 78 313 90 281 90 English 0
279 2 299 2 299 18 279 18 English 0
551 165 595 165 595 235 551 235 English 0
597 187 612 187 612 225 597 225 English 0
612 190 627 190 627 227 612 227 English 0