215 194 242 194 242 222 215 222 Manipuri 0
247 188 283 188 283 221 247 221 Manipuri 0
220 227 249 227 249 259 220 259 English 0
250 212 354 212 354 253 250 253 English 0
224 257 283 257 283 308 224 308 English 0
285 242 364 242 364 296 285 296 English 0
231 309 254 309 254 330 231 330 English 0
254 306 274 306 274 326 254 326 English 0
274 303 294 303 294 323 274 323 English 0
295 300 308 300 308 318 295 318 English 0
308 297 331 297 331 317 308 317 English 0
330 294 351 294 351 312 330 312 English 0
350 291 366 291 366 310 350 310 English 0
178 355 195 355 195 378 178 378 English 0
194 350 220 350 220 375 194 375 English 0
220 345 243 345 243 368 220 368 English 0
243 344 260 344 260 367 243 367 English 0
260 340 286 340 286 360 260 360 English 0
287 336 305 336 305 356 287 356 English 0
305 334 313 334 313 353 305 353 English 0
314 331 329 331 329 350 314 350 English 0
329 325 362 325 362 348 329 348 English 0
197 371 223 371 223 394 197 394 English 0
223 367 254 367 254 391 223 391 English 0
254 362 277 362 277 383 254 383 English 0
276 358 305 358 305 382 276 382 English 0
306 354 324 354 324 373 306 373 English 0
324 351 340 351 340 369 324 369 English 0
340 350 350 350 350 368 340 368 English 0