293.106091301961 272.31037889204407 302.98264299999573 238.99836999997456 356.45172579519567 254.8503937802887 346.5753874359507 288.1622204109077 English 0
478.35901209728036 326.47214208643175 473.76305500001763 357.1352659999746 401.185271024151 346.2573709392982 405.7814579999831 315.59452800000213 English 0
514.4898991679656 333.0381997561995 509.2184190000262 363.14724399998 471.5064205069939 356.5450669019819 476.7780160000257 326.4361699999723 English 0
551.9456176648237 342.41916380379223 549.1373649999878 370.5799590000293 507.7952458438085 366.4574363103091 510.60363500000676 338.2967950000141 English 0
409.81301253174024 310.14435653801394 401.7874789999769 345.05550499997526 289.90570103094797 319.3365849314552 297.93155999999726 284.4259039999859 English 0
292.8307934179611 346.0968155419226 296.49746299997787 327.0759660000182 337.18476598463894 334.91858767230406 333.5182100175007 353.93933735044953 English 0
387.89282694684516 365.68992569746024 370.86930311292235 365.0170760604623 371.7675070000405 342.2954130000008 388.7909292944096 342.96826063130754 English 0
414.32386803142435 374.05119293693593 410.89565700000094 395.3789329999794 368.40465075751126 388.54949825217005 371.83296600000176 367.22188800000674 English 0
430.851214444192 354.5358840918137 428.4682109999994 370.7834210000125 394.40945402078796 365.78843917560727 396.79251900000963 349.5409770000202 English 0
427.03464551967045 372.43287806128734 430.4577040000004 354.27232299998434 461.3968158954958 360.10339721927664 457.9738459235523 378.26387437676823 English 0
496.4100982023956 364.5150435408033 493.99266100001114 383.71190500003127 458.181425362709 379.2025659991325 460.5989440000121 360.0057999999873 English 0
494.18162550689885 386.6888333658618 495.14324900002975 368.34365399999297 519.5569002271077 369.62323162899514 518.5953428545326 387.96834793196786 English 0
515.8724782896752 386.38342559257774 518.4044960000028 367.7825059999992 549.8161698945478 372.0578897479023 547.2842444180424 390.6587260870817 English 0
295.24896953131247 373.2492657264174 297.8889060000074 351.4785280000038 333.0540034378646 355.7422358094807 330.41418199696636 377.5128687298595 English 0
450.2772756527702 380.26823102885703 446.6792610000266 400.221302999997 409.29445720066724 393.4805340713061 412.89255600000615 373.52757100003225 English 0
445.25430656001845 401.85201225066214 449.81538200001523 377.2428310000356 495.0281913265644 385.6215822700766 490.46730393805774 410.23059778624975 English 0
520.6217306126928 389.29212211695386 518.8280079999822 414.0903569999793 487.48713867411425 411.8235299407173 489.28096800002095 387.0254110000264 English 0
545.6525192304252 391.73383744289623 545.0408779999998 413.0904919999812 518.9799430232961 412.3441223023672 519.5916649999708 390.9875509999972 English 0