305 292 321 292 321 310 305 310 Manipuri 0
322.8738390000217 307.40854199997824 321.7395738085179 290.80693277621305 363.23981500005175 287.9716610000239 364.37415090178547 304.5731935419662 Manipuri 0
206.05340037713177 266.7584072955845 174.83270994482154 261.52897428679194 182.96432999995886 212.98468299999413 214.18475311576913 218.21409320819097 Manipuri 0
199.98885705368593 260.7685091456508 219.76348312666232 237.62410542341587 280.5451845848438 289.55334533224715 260.77076073350327 312.6975587569281 Manipuri 0
280.11450400001195 357.5757929999969 278.57021251482365 321.694133718803 320.25223199998436 319.9003389999736 321.7967035185575 355.7818095537897 English 0
320.53354800002126 354.95882000003235 319.9084229991422 329.06113050904247 366.5362440000172 327.9356559999882 367.16151861568505 353.8331917791869 English 0
196 533 237 533 237 549 196 549 English 0
193 548 200 548 200 553 193 553 English 0
230 551 235 551 235 556 230 556 English 0
207 549 215 549 215 554 207 554 English 0
215 550 223 550 223 555 215 555 English 0
198 555 206 555 206 561 198 561 English 0
205 564 208 564 208 568 205 568 English 0
199 563 205 563 205 569 199 569 English 0
192 562 199 562 199 567 192 567 English 0
193 570 200 570 200 575 193 575 English 0
228 567 235 567 235 572 228 572 English 0
217 565 227 565 227 571 217 571 English 0
208 564 216 564 216 569 208 569 English 0
210 571 220 571 220 577 210 577 English 0
220 573 232 573 232 579 220 579 English 0
200 570 210 570 210 576 200 576 English 0
196 577 202 577 202 583 196 583 English 0
205 578 211 578 211 583 205 583 English 0
211 579 218 579 218 585 211 585 English 0
190 584 198 584 198 589 190 589 English 0
198 584 207 584 207 590 198 590 English 0
198 592 211 592 211 599 198 599 English 0
207 586 219 586 219 593 207 593 English 0
218 580 227 580 227 586 218 586 English 0
223 588 233 588 233 594 223 594 English 0
191 598 202 598 202 605 191 605 English 0
201 600 211 600 211 606 201 606 English 0
387.6055649999762 354.0503160000311 384.0729462008312 341.5963572939396 416.15620900003705 332.49656300002823 419.68885966125526 344.95046863341065 English 0
386.03428752066975 341.6146335562768 389.79734832078975 352.90604515405096 371.5965490000235 358.97118900002863 367.8335214055551 347.67980562645596 English 0
506.6733623336768 304.07883026795236 506.5586086714029 309.83279190283787 494.9822860000131 309.60192500003484 495.0970471061737 303.847970961635 Manipuri 0
516.1611672412255 302.3858125649417 516.6161774472857 308.04368724868226 507.4940520000382 308.7772359999947 507.0390480936476 303.11936719868123 Manipuri 0
513.3911939999962 317.2054360000218 512.5287201086758 309.54632087117466 531.6463990000193 307.3936699999737 532.5088877528469 315.05276800787703 English 0
478 311 488 311 488 322 478 322 English 0
488.68800099997316 319.8882260000249 487.91308103136544 311.173976749443 511.7647269999725 309.05308900002757 512.5396689156332 317.7673138400997 English 0
481 328 488 328 488 334 481 334 English 0
488 327 496 327 496 333 488 333 English 0
495 327 502 327 502 332 495 332 English 0
503 327 511 327 511 332 503 332 English 0
511 325 518 325 518 331 511 331 English 0
606 431 621 431 621 438 606 438 English 0
616.3315252392931 438.5811939454714 616.2716054657358 444.35427660698275 605.3816469999583 444.24124899997287 605.441576984158 438.4681766527919 English 0