176 31 268 31 268 131 176 131 English 0
270 39 435 39 435 152 270 152 English 0
75 22 109 22 109 119 75 119 English 0
120 24 145 24 145 128 120 128 English 0
67 181 118 181 118 222 67 222 English 0
124 185 192 185 192 221 124 221 English 0
196 189 242 189 242 220 196 220 English 0
246 189 299 189 299 228 246 228 English 0
303 192 347 192 347 225 303 225 English 0
350 192 421 192 421 229 350 229 English 0
23 293 178 293 178 387 23 387 English 0
191 289 485 289 485 388 191 388 English 0
189 447 220 447 220 609 189 609 English 0
584 173 640 173 640 221 584 221 English 0
587 338 640 338 640 413 587 413 English 0
554 502 590 502 590 640 554 640 English 0
517.6960124470497 77.26467065901004 503.1494292028219 76.39290335836696 505.4549209113611 37.923062429288315 520.0014799999917 38.794828999999204 Manipuri 0
481.97453799999494 96.07598700002046 471.5001389914687 85.92382627467883 503.0024668308033 53.421737408657116 513.4768520649959 63.573885338594295 Manipuri 0
480.3659543571848 106.4946119583091 469.80975400001626 106.05470900000002 471.0925987974042 75.27119850669487 481.64877700000943 75.71110099999989 Manipuri 0
462.18168752435304 90.0339182544451 469.6665718090662 90.57589571197039 467.9015462309326 114.95128995231669 460.4166619999887 114.4093129999975 Manipuri 0
458.14673046654207 123.04024102701453 451.17721161281224 122.54010423562548 452.75149588320346 100.60240566831332 459.7210020000057 101.10254199999909 Manipuri 0
537.9174964129197 212.50649538878932 500.3108329317911 210.53565255213996 504.5529947325849 129.5945715972973 542.1592650000093 131.56540400000057 English 0
462.7523450244189 155.50323785762305 501.83580479599186 157.58388352200015 497.77007288452296 233.95380211630322 458.686613999962 231.87316799999846 English 0
476 532 494 532 494 542 476 542 English 0
477 558 493 558 493 567 477 567 English 0
474 584 494 584 494 594 474 594 English 0
431 387 456 387 456 411 431 411 English 0
360 386 378 386 378 412 360 412 English 0
381 388 399 388 399 411 381 411 English 0