323 306 404 306 404 355 323 355 English 0
408 304 468 304 468 345 408 345 English 0
101.6663934195094 252.04901262246383 109.97618200002762 215.39352299999908 185.22914576722542 232.45253640443167 176.91965113262995 269.107770257466 English 0
177.4234147532843 265.9314596279882 176.85588400003326 231.83834299996957 233.2162128969503 230.90013567945653 233.78391847181774 264.9930734935891 English 0
284 265 303 265 303 288 284 288 Manipuri 0
304 267 330 267 330 288 304 288 Manipuri 0
144 355 161 355 161 367 144 367 English 0
161 353 176 353 176 368 161 368 English 0
175 356 189 356 189 368 175 368 English 0
189 357 198 357 198 366 189 366 English 0
199 354 218 354 218 368 199 368 English 0
219 358 223 358 223 366 219 366 English 0
223 357 227 357 227 365 223 365 English 0
97.55310509965057 342.1350465050903 98.77164699995774 331.2076509999964 119.52778460057743 333.52201467345446 118.30927404211252 344.44938149362974 English 0
118.79328600000008 333.3444820000004 127.37128335909802 333.1053923661002 127.68956599997182 344.5236900000002 119.11156865535304 344.762779289823 English 0
145.0489291021222 333.95531766466314 144.85368699999526 343.64228599999086 128.74255165086652 343.3175656812353 128.93781300001137 333.63061699997843 English 0
460 267 471 267 471 278 460 278 English 0
470 268 475 268 475 277 470 277 English 0
254 340 260 340 260 348 254 348 English 0
227 338 237 338 237 347 227 347 English 0
238 339 254 339 254 349 238 349 English 0