198.83666316702147 356.68266918483744 126.84412172719021 356.86719932972557 126.6259688235732 271.47420827829757 198.61706200004846 271.28967999999986 English 0
202.95627300001797 353.26883199999315 191.84310681892384 262.1258424156575 305.0481890000083 248.32341500001604 316.16235262103146 339.465228798633 English 0
123.88209842705692 375.5975924223585 43.65082299998903 377.9464079999996 41.03950729680946 288.7260285655491 121.26901000003272 286.3772389999997 English 0
501.04255647427635 272.9562764537013 443.31190878241614 276.30238609371736 440.31596503817127 224.6107754654861 498.0460579999635 221.26468200000008 English 0
487.5791759999993 268.9284279999812 487.28925619281654 203.10670131664168 577.9159359999903 202.70746300001298 578.2063799013122 268.5286596447714 English 0
632.3887092430232 201.05164707987183 638.7861647819227 250.83133355339587 571.9343120000121 259.4221450000075 565.5371737691894 209.642746886351 English 0
140.26511403004406 292.37715071901187 75.28161660193291 296.35844779181355 72.2236747383431 246.44353228793588 137.20652600000903 242.4622549999995 Manipuri 0
183.9826770829677 277.8940806152823 134.42918608117907 276.1637121307837 136.16665178873518 226.41625863993363 185.71967900003074 228.14661900000007 Manipuri 0
175.74306837806944 268.6058223514884 178.62815899999987 227.89897700002308 231.3974397991842 231.63879866237434 228.51256254514738 272.3454430007571 Manipuri 0
471.6782453734777 197.21860617021485 477.41832918640284 234.04143464564666 449.4481982549769 238.40129201390658 443.7082090000331 201.57854799997693 Manipuri 0
468.2878250000067 225.56208499997862 464.2595287596487 193.84666552982057 499.9620870000217 189.3120859999981 503.9904581715382 221.0274170787925 Manipuri 0
524.6073789439833 216.85561069745373 495.03520500002196 215.82295699999972 496.21410941443173 182.06578492807728 525.786134000009 183.0984360000009 Manipuri 0
556.8945911337505 185.96348985993376 555.7158579999668 219.72083299999824 518.1512941340043 218.40909754468314 519.3301190392958 184.65184926565706 Manipuri 0