131.92462197155692 245.21333723117849 107.04373504035175 241.27273957211642 112.04973700005212 209.66658000000547 136.93049214685743 213.6071670460116 English 0
131.54719843892963 309.05135455019854 91.10340507431829 303.55262536591795 96.01486011248198 267.43176927518823 136.45834200004174 272.9304770000032 English 0
237.01381474696973 229.37440650043044 242.48010299997986 204.22561999996873 274.4412624867982 211.17238555322962 268.9750517324137 236.3211044401187 Manipuri 0
308.28136857984646 221.86271110968408 304.3809319999855 242.8287549999952 271.2674215088191 236.66862458543966 275.1679039999726 215.7026410000236 Manipuri 0
242.9069997719489 296.1891349214848 177.3093755352602 286.65033347596267 186.9115210000018 220.62355299999848 252.508315828818 230.1622930975205 English 0
351.1287504077336 254.82095104071445 339.88225900000543 317.74922700001684 246.989971080111 301.14783595552103 258.2369379999727 238.22017200003194 English 0
227.34551939698576 297.2254518993247 247.48767919722013 300.4154286881925 244.4285160000436 319.73025000000314 224.28635785698134 316.5402803647277 English 0
261.0405028335663 302.52393914018364 259.15711743044085 324.6308689295571 245.05713500002457 323.42968899999005 246.94055330124684 301.3227955867976 English 0
261.2847656498343 322.40816049277805 262.8682629999821 305.55140800001357 290.918675567882 308.18621219954275 289.3352384309401 325.04290893138324 English 0
309.0768445385038 312.87007516506765 305.8784449999803 333.06283799998766 288.5008768316038 330.31051913408766 291.69931052965694 310.11779861652064 English 0
219.9477769999794 331.15235500003496 223.97341140094795 316.64118468247153 239.09806808267604 320.8366836744761 235.0724659003754 335.34782638274584 Manipuri 0
257.32840810131165 337.9728301629336 235.7267608030088 336.42356669946184 237.06715087209886 317.7365060675726 258.6687000000529 319.2857660000014 English 0
284.83540669192735 343.2294844808251 257.27812609417015 338.1146079721293 260.03702321053424 323.2520941011892 287.5942030000442 328.3669610000036 English 0
217.28202805446927 330.8651333997044 248.3578670634597 336.60713957574865 244.6515019999788 356.6642959999974 213.57566702841723 350.9223047965437 English 0
245.45061855846143 334.29164004820655 272.6703505228943 337.0356372850832 269.99113754034624 363.61035072014914 242.7714069999638 360.8663629999993 English 0
271.75977010083443 341.77395116957587 287.0881850000296 341.786351 287.0694637973065 364.92700205136316 271.74104889803857 364.91460225864125 English 0
284.24490858073113 368.3870445064697 286.38653506466653 340.9379983180071 299.6095410000271 341.9696009999868 297.46796593834006 369.4185990372963 English 0
309.51691345755535 371.4378107801583 294.15471527368936 369.708231590629 297.1415356575744 343.18221893547417 312.5036260000343 344.91179200000295 English 0
408.698824439125 256.6510891580499 408.3176944607112 270.84592496401933 379.8514900000009 270.08159000003275 380.2326584589173 255.88679375642482 Manipuri 0
429.14702726171527 270.68945130727906 429.48549079039367 286.1354965295879 410.03423200003454 286.5616649999954 409.6958002538304 271.11565090717 English 0
436.65673552466615 287.1783782718755 425.1710529245611 285.59928406288316 427.83530111351865 266.2219379842326 439.32093800001894 267.8010290000014 English 0
450.50197933283926 286.6713422406579 435.81237797370704 285.05256224435965 437.6645254954201 268.24649783407057 452.3540760000469 269.8652750000026 English 0
442.00244202875183 294.32477949981075 443.0191365489736 309.5577593425634 423.0304211263865 310.8917335344184 422.0137629999954 295.6587880000284 English 0
438.5425988687348 298.2766980689123 423.48686477904266 296.2562691773478 425.73395696155785 279.5127577902926 440.78963699997985 281.53318299999574 English 0
551.4244477710599 270.5756665236876 558.0987679999816 247.01495299998942 598.7880839758145 258.5408849569888 592.113878259479 282.1015004566563 English 0
634.3077654988883 274.2380565869178 625.0612539999565 299.0193430000135 583.8306924232165 283.6359578143456 593.0772530000104 258.85478399996686 English 0
420.78164200000174 326.0625849999817 420.7762620450376 312.07894118623295 446.07448199996725 312.0691969999725 446.07990395605157 326.0527986510203 English 0
442.5652715747128 370.0112238511517 440.96829117690504 386.5728430482648 411.91896833028295 383.7719166635133 413.5160090000136 367.2103649999689 English 0
530.9727696250047 339.0153000958976 542.298814199894 340.6215658303944 539.6771517577872 359.10567983944253 528.3511080000608 357.49941800000306 English 0
545.851162487088 359.66115042483375 539.8044720000325 359.31345300000004 540.7441913113871 342.9728803188342 546.7908560000069 343.32057699999973 English 0
616.3400196136354 247.36625383472744 607.9281030000129 266.60674099998926 571.9656310267601 250.8846364496498 580.3775689999748 231.6442190000083 Manipuri 0
537.5777100593405 283.12758015318025 542.931322000004 263.51201400000053 576.4243303454714 272.6526226476907 571.0708005561173 292.26811823493045 English 0
591.306670533013 281.77230990039186 585.6615199999942 297.27888299999086 564.7582089144998 289.66948053824177 570.4033760000311 274.16294400000913 English 0
614.902915856801 290.682479227516 608.6628700000438 305.42178399997283 583.1048482826009 294.6021543738017 589.3449089999922 279.86289399997924 English 0
629.3871052224858 295.97654579049265 624.160292000015 312.376180000031 602.5033953485399 305.4742186192741 607.7302310000232 289.0746260000179 English 0
625.2084243785794 296.3427453825684 640.8786797364155 299.668326793041 637.171215000053 317.1368150000052 621.5009617371106 313.8112403639674 English 0
557.8937108487298 339.67924407525527 553.7218117203156 366.0175876093584 542.6633558425237 364.26610492420184 546.8352859999868 337.92779999997595 English 0
555.2335063174542 339.25794697184824 564.3813049186429 339.4110056428898 563.8427552737994 371.5953379118565 554.6949566866533 371.4422798917569 English 0
576.7235209746286 374.1605397139586 561.0762273600267 373.63441873495793 562.0446749999974 344.8365759999995 577.6918480946915 345.3626949502453 English 0
579.9776420000126 379.17579299997317 579.9651790474309 346.8371755977375 596.9698927590798 346.83064362523874 596.9824300025357 379.16918652695705 English 0
595.7430480000039 351.9738109999994 604.7258671779855 351.69042070721935 605.8722962524189 388.02596191868565 596.8894771457417 388.30935079166795 English 0
637.4511306966451 361.27942289027567 632.305841999987 393.7635489999963 600.7257180276065 388.76183012163733 605.8711230000335 356.2778479999703 English 0