169 266 257 266 257 324 169 324 English 0
256 257 323 257 323 309 256 309 English 0
324 250 370 250 370 298 324 298 English 0
369 237 440 237 440 292 369 292 English 0
243 327 267 327 267 356 243 356 English 0
275 320 308 320 308 350 275 350 English 0
243 352 314 352 314 390 243 390 English 0
265 329 276 329 276 353 265 353 English 0
281 236 298 236 298 259 281 259 Manipuri 0
298 235 315 235 315 255 298 255 Manipuri 0
317 233 321 233 321 246 317 246 Manipuri 0
324 229 336 229 336 251 324 251 Manipuri 0