243.89208699998562 215.99536100000105 266.6122662116686 214.74441170851247 269.74888500000816 271.7104049999984 247.0287063313299 272.9613478162728 English 0
360.91932255003485 226.0123183529313 356.94718500002637 284.8555490000205 263.53580374205194 278.54956607612377 267.50841900000523 219.70684899998506 English 0
320 281 327 281 327 303 320 303 English 0
322.6462360157893 300.55476872622324 325.6971440000052 282.7535449999983 359.65928598896426 288.57383736848703 356.60845383004926 306.3749938445553 English 0
248 186 292 186 292 213 248 213 Manipuri 0
294 188 336 188 336 217 294 217 Manipuri 0
243.1198900000163 291.4294760000006 257.8596863048733 290.58043816679293 259.22035799994774 314.20092400000135 244.48056189234194 315.04995957290976 English 0
272.64784976003284 320.5311871907572 260.94314015899727 321.7613174698938 257.9303879870713 293.0966160825269 269.63502149505075 291.86648982642225 English 0
279.0231288324867 295.0881250425094 280.5228270583757 318.1553036594511 272.04512656062434 318.7064212741555 270.54545200000575 295.6392650000147 English 0
246.1549389999709 317.5455320000024 257.2223604689498 316.19180662950475 260.93380737729603 346.53242167739444 249.86638683833007 347.88614193730075 English 0
264.68440999997256 322.6903370000018 277.80788745658356 321.27119944387925 281.03694548066414 351.129459867339 267.91346888836415 352.54859208330373 English 0
285.7295900000463 326.92597199999653 294.00554807034496 326.09645807960504 296.50730200002727 351.05405799999915 288.23134432459483 351.8835692984083 English 0
287.908403754991 350.9256273082647 281.0964829535078 351.77078941963947 277.9561818953516 326.4622982652189 284.7680595148995 325.6171388605356 English 0
257.86413999994693 324.05193300000326 263.75983865691524 323.10242712659084 266.8455928110052 342.2610215852507 260.94989469893335 343.21052517541966 English 0
257.87040346316644 374.21078671907253 251.6881976620789 374.74364729893125 249.50625400000717 349.43116200000156 255.68841779007926 348.89830324016225 English 0
290.4539196751284 379.55988055016184 282.3507798657374 380.66340018931066 278.9966451404325 356.0363066438128 287.0997306978825 354.9327907466351 English 0
269.690522000019 353.7572829999958 278.8759866888722 352.5147273426591 282.23136151187646 377.316569436896 273.0458976729278 378.5591208653813 English 0
255.6666910000058 350.07318900000337 262.84869582843385 349.19124722839024 265.6928473446169 372.350102196686 258.51084302179515 373.2320412040823 English 0
272.1383458733908 375.2916813402833 266.0609904266312 376.1193180679121 262.85239124328655 352.5607072441361 268.9297081759287 351.7330731730276 English 0
264.6990862103121 436.9737661039462 259.0912868493615 437.8191711981658 255.96728450036608 417.0995460843387 261.5750470999046 416.25414381194855 English 0
292.9912840000179 431.9029440000005 305.0165154707065 430.8545164965253 306.7399160000059 450.61871400000086 294.714684977007 451.6671380911656 English 0
251.63422399993578 391.7614880000056 261.0745934086299 390.28781429935515 264.49835833707766 412.2178919594013 255.05799005732115 413.6915607683452 English 0
272.13849873100116 415.03162426989206 265.0396128214925 416.19653474904163 262.12178373090865 398.41757096960924 269.2206317556702 397.25266366008265 English 0
291.67805999997654 405.6059180000025 303.5121819663618 404.61579842605175 305.2584869999555 425.48536900000164 293.4243654351303 426.47548537026705 English 0
287 405 293 405 293 420 287 420 English 0
276 399 287 399 287 419 276 419 English 0
271.5439460000198 423.8410319999982 282.1899822250998 422.6519401139731 284.992656330287 447.74102180126863 274.3466209159669 448.9301088233984 English 0
272.68703237350564 442.3274828265136 265.0907011626259 443.4067944008472 261.91080164593586 421.02919179199887 269.5070786022552 419.94988412840553 English 0
287.2037100000307 429.2874559999972 292.85387275609537 428.72871722888505 294.88720450252004 449.2875678427854 289.23704202548834 449.84630472834033 English 0
271.9436623300862 416.60045135076086 270.3339151207183 401.2864923337173 275.73893200002203 400.7184110000265 277.3486903229059 416.0323573655385 English 0
283.2720129999507 427.76642100000373 286.6459750648937 427.3773998289354 288.8875922295847 446.81610532630026 285.5136303773179 447.20512525950744 English 0