324 313 402 313 402 355 324 355 English 0
409 317 466 317 466 353 409 353 English 0
108.4195054716838 233.2785495611207 119.8924409999745 197.48680000000854 193.37233293714235 221.0396209821782 181.89967206693836 256.83113640344703 English 0
182.67822064291977 253.71082954711403 185.0843850000092 219.6979929999656 241.31214940251084 223.6754978363969 238.90616643118847 257.6881629543168 English 0
288 263 306 263 306 285 288 285 Manipuri 0
308 268 333 268 333 287 308 287 Manipuri 0
142 340 158 340 158 351 142 351 English 0
159 340 173 340 173 353 159 353 English 0
173 344 186 344 186 355 173 355 English 0
186 346 195 346 195 355 186 355 English 0
197 345 215 345 215 358 197 358 English 0
216 349 219 349 219 357 216 357 English 0
220 348 224 348 224 356 220 356 English 0
96.47033204928448 322.6632810320215 98.63667700003134 311.88368099996603 119.11217867709638 315.99826426799984 116.94586425721354 326.777837552228 English 0
118.395889315143 315.7573809592751 126.9620856824622 316.26676264691446 126.2839850000455 327.6694110000011 117.71778869442642 327.1600300081465 English 0
144.49844813920208 318.6542314698309 143.4596099999908 328.2873130000221 127.4380215711426 326.5596439101915 128.47687599998608 316.92658099999966 English 0
464 281 474 281 474 291 464 291 English 0
474 281 478 281 478 290 474 290 English 0
252 335 258 335 258 342 252 342 English 0
225 330 235 330 235 338 225 338 English 0
236 332 251 332 251 341 236 341 English 0