249.4395720000466 212.15471499999992 272.1940704532608 212.09450721639917 272.34503500003484 269.14664399999987 249.59053654849413 269.2068514760583 English 0
365.7823134658247 228.2826833196846 358.735869000011 286.83737900000426 265.7824102783343 275.65128528519017 272.8292949999741 217.09710000002588 English 0
322 281 328 281 328 303 322 303 English 0
323.660238052762 300.71989803828393 327.63866499997675 283.1027559999721 361.24971072364133 290.6925294823699 357.271360677405 308.30960470826903 English 0
255 184 298 184 298 209 255 209 Manipuri 0
301 189 342 189 342 216 301 216 Manipuri 0
244.72051699995063 287.4450370000001 259.4845459031785 287.3685309257701 259.60715499997605 311.0279100000002 244.8431260984944 311.1044158729731 English 0
272.6849400215724 318.0522398502937 260.9318967242143 318.6681497126044 259.4234694327315 289.88501445632187 271.1764365610725 289.26910658949646 English 0
280.38307376868033 292.97770258070886 280.6733911698393 316.09175657058654 272.17846489686053 316.1984317693767 271.8881700000202 293.08440000003577 English 0
246.3845980000042 313.6841439999976 257.5076956630801 312.9114493910168 259.6261589502683 343.40477328864677 248.50306158754393 344.17746501124145 English 0
264.6194169999944 319.79165500000005 277.7991755767289 319.0612339214298 279.4611538859317 349.047626452084 266.28139553758956 349.778044802497 English 0
285.41407899996557 325.12290600000136 293.7221031483932 324.72762176467666 294.9142539999593 349.78198700000036 286.6062299415353 350.1772699916074 English 0
286.3338577934337 349.2037011633846 279.487045075075 349.69122624869266 277.6755942460295 324.2530399938198 284.5223634788272 323.76551646077326 English 0
257.7372330000071 320.7944399999998 263.6745416797203 320.1547663096777 265.75338899579947 339.4486238625908 259.8160805617954 340.08829602875664 English 0
255.1183720476547 370.884881258361 248.9167514102155 371.09349104543924 248.0625549999968 345.7014699999992 254.264133707984 345.4928609185048 English 0
287.3772841236496 377.9319335772653 279.22750204954355 378.60989699029403 277.1668477446656 353.84097497351695 285.3165750642802 353.16301384751785 English 0
267.9927499999758 351.078026000001 277.23065074707847 350.317854825577 279.2834072280675 375.2613593429627 270.0455067976145 376.02152794701675 English 0
254.1809479999938 346.6650300000009 261.3992643359961 346.1601366235829 263.02748356254597 369.4361394159356 255.80916739119857 369.9410312237631 English 0
269.31019128198386 372.7110200632346 263.19785554529517 373.21948877468503 261.22661885019625 349.52521206396597 267.33891581483476 349.0167449719819 English 0
258.65293827751884 433.9192313139941 253.00858421484008 434.470028135822 250.97324278183805 413.6152621504233 256.61755976347195 413.06446715306856 English 0
287.1717509999871 430.3360580000006 299.2353679029475 429.9183280482507 299.9220339999738 449.7457270000009 287.8584171686816 450.16345559597374 English 0
247.9722110000148 388.08515400000135 257.4767612459982 387.1075109810726 259.7481108667125 409.1867787341062 250.24356111396628 410.1644185348823 English 0
267.2305178156239 412.39650969479527 260.080400458246 413.18834138508134 258.0970479638927 395.28099267783546 265.2471270179376 394.48916312676306 English 0
287.23660600000585 404.00634199999894 299.10632399834867 403.6368496067977 299.75801200002024 424.56929300000024 287.8882940577023 424.93878420128135 English 0
282 403 287 403 287 418 282 418 English 0
272 398 282 398 282 417 272 417 English 0
266.17573399998946 421.1627270000002 276.86940606989083 420.53235634426005 278.3551860267471 445.73381187167564 267.6615141839284 446.3641799628206 English 0
266.3497434101009 439.6836676489745 258.70734300406184 440.3639928109871 256.70295581126993 417.85058931448896 264.3453015029809 417.17026660098077 English 0
281.528993000029 427.4212559999984 287.2006520364812 427.15894688613054 288.1552350185666 447.7960776314512 282.48357604359626 448.0583858635098 English 0
266.9537547371874 413.95299456667686 266.14778240400483 398.5757700901353 271.5751150000142 398.29134400001817 272.3810992444487 413.66855585112353 English 0
277.68228799999633 425.69653600000186 281.0719843026891 425.4846020684669 282.2931912793865 445.01400860940606 278.90349503955804 445.2259418695575 English 0