14 338 147 338 147 445 14 445 English 0
70 436 137 436 137 482 70 482 Manipuri 0
16 438 64 438 64 483 16 483 Manipuri 0
286 397 311 397 311 419 286 419 English 0
311 394 355 394 355 423 311 423 English 0
356 398 379 398 379 418 356 418 English 0
248.05889299997943 175.87969799999811 288.7418572422757 168.71230945005743 301.5066549999756 241.16474099999834 260.82370160977007 248.3320886984563 English 0
330.2156759999343 193.3942560000055 367.30775064075715 187.06898978324048 378.14839199993 250.6375940000055 341.0563259830815 256.9628264878342 English 0
329.7922718776681 243.88864123014756 301.7387348907505 248.83033951971666 293.64058600003773 202.85908999999788 321.6939102941251 197.91741088391967 English 0
325 209 338 209 338 245 325 245 English 0
33.11361718369881 202.9902913846095 -0.7846528370282613 202.65306897060853 0 123.79663700000016 33.89794236609305 124.13385777468201 English 0
52.99658799995086 215.479927000001 66.5252968022105 215.09369579665417 67.05436299998837 233.62487499999963 53.52565422435873 234.01110560508556 English 0
98.49306691758102 222.9195286722816 96.7237269999896 237.02488999999045 64.92740549496375 233.03653415032218 66.69677799996862 218.93121100002745 English 0
-1.540914310971857 225.83178667157682 0 208.55668999997135 53.55193443101598 213.33322990357883 52.01110211179184 230.60824934237172 English 0
41.413072341892985 230.46692465768345 40.53811899997527 245.02392300002987 11.214132485329174 243.26141079213932 12.089121000026353 228.7044499999796 English 0
38.77596439939225 245.6839231675666 40.59508400001505 229.81072899999737 62.2758351599623 232.29530635321163 60.45674928769586 248.1684696671665 English 0
284.6546548326296 259.37553196310785 286.3187769999786 244.8552460000298 320.3660398822103 248.75707699392592 318.7019692195463 263.2773158898305 English 0
363.5026012168237 252.71580665317205 362.2305190000043 269.8816159999643 315.2051261480665 266.3967985439301 316.47728000003553 249.23106700000528 English 0
540 348 580 348 580 396 540 396 English 0
462 343 494 343 494 393 462 393 English 0
554 397 579 397 579 417 554 417 English 0
12.755552578964853 184.28902279965467 35.76025700000173 130.547229000012 129.77598973971908 170.79068821490478 106.77171350442222 224.53211849479908 English 0
373 287 393 287 393 306 373 306 Manipuri 0
340 313 347 313 347 325 340 325 English 0
336 313 341 313 341 324 336 324 English 0
323 312 337 312 337 325 323 325 English 0
295 324 306 324 306 336 295 336 English 0
305 324 317 324 317 338 305 338 English 0
316 325 327 325 327 338 316 338 English 0
327 328 336 328 336 338 327 338 English 0
336 326 348 326 348 339 336 339 English 0
268.575256827462 303.07784601484235 271.1127039999701 283.4645130000322 299.4830129159527 287.134635989596 296.94563377466693 306.74790739048365 English 0
338.4682376796991 293.0924032386047 336.0839269999997 312.5554770000195 293.7306610482483 307.3672222637358 296.1150510000152 287.9042410000063 English 0
295.7713232780952 324.62840351707314 295.07871499998146 335.85917300002194 270.2171837698552 334.32601624895915 270.909823999973 323.095281000029 English 0
290.0565769971581 310.02624478038797 287.7230399999826 322.13617399997406 263.3320495863154 317.43641815621555 265.6656130000192 305.3265240000351 English 0
297.43319020446506 318.6370246580655 299.01825299995835 309.6436540000209 320.66702165036986 313.45890792587693 319.0819851222477 322.4522553498246 English 0
301.59250283839356 311.5962923300704 299.95210100001714 321.6400220000344 285.1547700844094 319.22339201517514 286.79518600001757 309.1796799999684 English 0
319 312 324 312 324 323 319 323 English 0
233 294 251 294 251 308 233 308 English 0
480 394 500 394 500 416 480 416 English 0