587 456 621 456 621 476 587 476 Manipuri 0
505 488 598 488 598 567 505 567 English 0
479 588 496 588 496 607 479 607 English 0
498 579 561 579 561 604 498 604 English 0
565 569 601 569 601 594 565 594 English 0
358 573 372 573 372 586 358 586 English 0
351 561 377 561 377 573 351 573 English 0
168.878584999984 411.5034090000323 161.60168757647625 385.448851551102 236.8769749999774 364.42696699998004 244.1540512872598 390.4812304511609 English 0
242.62449200003175 390.7403710000312 236.0074561725196 365.72665813239473 277.7717780000239 354.67956800001036 284.3889088842843 379.6931311239263 English 0
181 422 184 422 184 432 181 432 English 0
184 421 187 421 187 430 184 430 English 0
188 417 202 417 202 428 188 428 English 0
202 415 207 415 207 425 202 425 English 0
238 405 245 405 245 415 238 415 English 0
261 399 268 399 268 410 261 410 English 0
230 421 238 421 238 430 230 430 English 0
248.55211800000689 413.2422490000243 246.7274538345373 403.6725146564281 259.3208120000054 401.2716280000083 261.14549021171115 410.84134376007603 English 0
207.57830000002286 425.1060610000279 204.78191543079447 416.3744829220576 220.53163600001426 411.33110799998263 223.32803257864725 420.06266363479654 English 0
222.57685500000662 421.3628360000158 219.45133433415322 411.5491018951344 237.52542399997765 405.7935090000144 240.65096006263047 415.6072144742809 English 0
216.37617799999134 433.5165209999761 214.45349333211198 424.49322724007095 228.66017200001806 421.4664709999696 230.5828716854012 430.4897439278809 English 0
246.1965870000131 353.7996249999944 243.4324080312217 339.3562710036781 263.0962449999788 335.59331799998836 265.86045194977487 350.03663489584244 English 0
216.71078899998975 363.7940000000254 212.7894448456209 350.0814936476752 243.6400699999649 341.2599720000037 247.56144856102765 354.97242060413873 English 0
177.18604100002267 374.3144920000035 173.83767159772106 362.6057758713369 191.68955799999821 357.50113000000033 195.03794506417762 369.2098165537684 English 0
194.7922280000057 369.5897029999913 191.06914299140044 357.76520042917133 214.48893599997973 350.39189600000077 218.2120421622676 362.21635965978317 English 0
197 335 202 335 202 346 197 346 Manipuri 0
240.54085410221887 321.9894053490537 243.44407350006804 333.4716734882025 217.17907799997192 340.112005999983 214.27590301413147 328.6297761140827 Manipuri 0
203.52849299997615 344.207035999965 201.29599074811267 332.36693662076505 215.8694380000088 329.61928000002285 218.1019569531054 341.4593573319662 Manipuri 0
90 609 126 609 126 633 90 633 English 0
81 631 134 631 134 640 81 640 English 0
80.65292699997372 612.4205210000324 76.58074420964113 590.5555585885095 123.11762999997882 581.8905879999721 127.18998815420491 603.7553204128188 English 0
19 624 54 624 54 640 19 640 English 0
17 595 35 595 35 618 17 618 English 0
16 573 28 573 28 587 16 587 Manipuri 0