119 254 190 254 190 336 119 336 English 0
186 239 278 239 278 322 186 322 English 0
273 214 397 214 397 301 273 301 English 0
521 210 611 210 611 264 521 264 English 0
430 331 456 331 456 354 430 354 English 0
313 188 341 188 341 217 313 217 Manipuri 0
343 185 360 185 360 214 343 214 Manipuri 0
360 179 378 179 378 210 360 210 Manipuri 0
576 299 615 299 615 325 576 325 Manipuri 0
572 156 594 156 594 183 572 183 English 0
90 632 99 632 99 640 90 640 English 0
99 627 125 627 125 640 99 640 English 0
125 622 142 622 142 637 125 637 English 0