102 332 332 332 332 420 102 420 English 0
137 434 171 434 171 466 137 466 English 0
171 434 207 434 207 458 171 458 English 0
208 429 238 429 238 454 208 454 English 0
239 423 281 423 281 456 239 456 English 0
281 418 313 418 313 447 281 447 English 0
164 413 183 413 183 432 164 432 English 0
159 299 195 299 195 347 159 347 English 0
207 298 226 298 226 342 207 342 English 0
240 294 272 294 272 343 240 343 English 0
140 277 170 277 170 303 140 303 Manipuri 0
174 275 198 275 198 298 174 298 Manipuri 0
201 270 233 270 233 299 201 299 Manipuri 0
235 261 284 261 284 292 235 292 Manipuri 0
185 411 199 411 199 430 185 430 English 0