284.50091076942044 278.31820308483657 287.839460000032 243.73366299997127 343.3505330764456 249.0919917176235 340.01218870602315 283.6763425203573 English 0
476.6840217248682 296.1370012407659 478.0237379999744 327.1136130000175 404.70424794082646 330.28394245972805 403.3648070000345 299.30759500003467 English 0
513.4039125534036 295.6882716005705 513.974825999976 326.2499309999918 475.6964165667159 326.9647883183108 475.1256409999769 296.4032640000145 English 0
551.961500415855 297.7500336042457 554.5785780000006 325.92919199998494 513.2098331765883 329.77076510392897 510.592902999997 301.59174299998836 English 0
406.2818666486419 293.18834367694825 405.0656280000112 328.9893779999842 290.3324678650097 325.0909202160814 291.54916200001026 289.2903569999901 English 0
298.3097909688513 350.80147348074235 298.2794289999583 331.430455999965 339.7153106148471 331.3654597395651 339.74577423323353 350.7363753242001 English 0
395.36350218018924 351.8959101357447 378.52432552477694 354.4833860938254 375.0705569999991 332.0080780000041 391.90963823151833 329.42060949068065 English 0
422.9039058346825 355.0603126684696 423.60862599998654 376.6503010000036 380.59559869769146 378.0539550162637 379.8910089999845 356.464093000004 English 0
435.40404042447335 332.7499814242309 436.1652779999713 349.15367700001764 401.77947075550037 350.7491459714589 401.01830799998424 334.3455219999969 English 0
435.0731379187346 351.046365597905 434.9677520000114 332.56632000001514 466.45068990896107 332.38677220787815 466.5561493529822 350.8667438520681 English 0
501.6624832082016 330.03658985497395 502.9527309999685 349.34197299999903 466.9393662753282 351.7485321592755 465.64921199998935 332.4432369999787 English 0
503.7065844226163 352.2281037769478 501.1497789999703 334.0365369999952 525.3587051289651 330.63428124728495 527.9155574373726 348.82579157112224 English 0
524.9406825294864 347.7895252817876 523.8765789999889 329.0472440000223 555.5265385168605 327.2504267331532 556.5907120506745 345.9926333395167 English 0
305.86457566416357 376.9936153483075 304.30153499997687 355.1191740000044 339.6336788030749 352.59473238297915 341.1968163120764 374.46906831720804 English 0
459.38302869864856 354.3028851197648 459.6587520000321 374.5758690000215 421.67501851443376 375.0922635842574 421.39940100001695 354.81938399998216 English 0
458.57169633229205 376.44851015012733 458.35275500001444 351.4211770000221 504.3330528102524 351.01891192778896 504.552148438961 376.0460893672758 English 0
530.1568411849439 349.7386847377593 533.1282639999699 374.42348000002596 501.931158534353 378.17832442082766 498.959851000036 353.49363400000357 English 0
555.1937406482466 347.35943783784046 558.6687459999666 368.44033300001826 532.9445896019752 372.68024558248123 529.4696670000121 351.5994240000274 English 0