383 134 425 134 425 168 383 168 English 0
382 171 412 171 412 208 382 208 English 0
412 174 445 174 445 206 412 206 English 0
383 214 439 214 439 249 383 249 English 0
382 295 427 295 427 329 382 329 English 0
430 294 439 294 439 322 430 322 English 0
381 254 453 254 453 293 381 293 English 0
454 254 500 254 500 288 454 288 English 0
382 332 435 332 435 370 382 370 English 0
436 332 485 332 485 368 436 368 English 0
153 363 195 363 195 390 153 390 English 0
202 361 240 361 240 389 202 389 English 0
243 353 296 353 296 378 243 378 English 0
306 119 341 119 341 165 306 165 Manipuri 0
624.3308963195886 436.3514353265054 632.1099706905807 499.65939687659863 544.2811439999787 510.4484860000076 536.5031536442257 447.1415085437346 English 0
639.9998160421092 225.3979545300226 652.0440468535526 303.9951913204015 541.2953040000139 320.9642319999898 529.252070911607 242.36788376549862 English 0
639.6931069512357 334.36596977359955 647.7956938010902 398.9172110161011 533.5913609999989 413.2493389999666 525.4899070718238 348.6991195090946 English 0
92 98 310 98 310 360 92 360 English 0