229.6152350000193 217.6110639999991 278.1491850878956 213.6395993724584 284.28639300000214 288.6370789999992 235.75244634776027 292.6085154497697 English 0
383.1990570378548 230.84540261675085 381.56245600002876 292.52758799996707 280.82617238564126 289.85410381444575 282.4633570000151 228.17251500003155 English 0
457.09195980576624 237.0122415396818 452.38760000000184 296.4856060000118 370.9216901061882 290.04140118571854 375.62648300001456 230.56850900001945 English 0
310.60211034768145 527.382914433879 255.41223847503716 534.6267037301952 246.8354727424594 469.28809907681875 302.02401599999575 462.04439800000097 English 0
400.50415977064404 517.5321727902227 308.6697061295854 522.8008099048152 305.00411457338487 458.9009254051256 396.836428999959 453.63235000000066 English 0
475.4536043696862 500.063551594915 397.7622907753539 509.0179104809323 391.4221120000002 454.0109559999973 469.1119133949542 445.05668515839494 English 0
301.91605258296477 224.8225045837442 264.1339171706204 223.47537370823304 265.38547399999516 188.37798100000057 303.1674062075763 189.72510825463772 Manipuri 0
353.1067757211713 205.42060751755685 351.8057100000442 223.6800480000112 303.7733402203594 220.2575209441835 305.07447000003594 201.99814999996732 Manipuri 0
354.2763323712279 226.93934409315494 354.56526300004043 203.52734999998086 408.16602847327886 204.18876106019985 407.87719975211076 227.60065421319766 Manipuri 0
330.3926673447131 454.0014702855752 294.30288648960413 455.5853858108702 292.6597359999869 418.14624000000026 328.7490794074256 416.5623340797933 Manipuri 0
345.7810657960363 449.3611682389414 333.7252008364885 449.52561033699783 333.33664305042475 421.0388823415132 345.39239700003236 420.8744409999995 Manipuri 0
374.6005504710047 448.77161248056467 360.1389299600851 448.4542708656734 360.8305660000042 416.9435089999994 375.29204031692643 417.26084901385997 Manipuri 0
428.65166107840196 442.14059834470106 378.4086381101224 444.4280131772512 377.2117066298233 418.1363661944787 427.45430700000725 415.8489610000007 Manipuri 0
410.8939269903203 600.9216530996899 385.3880034435133 601.9378868609855 384.5382081518619 580.6118910031128 410.04389299996546 579.5956620000005 English 0
162.99082916011685 293.1982413690418 109.85162038232374 294.07463197718016 108.97094300002209 240.66070899999949 162.10958243675123 239.78432312012615 English 0
88.45505786208378 249.93664211977455 113.36728099086031 252.3363467709515 109.62084400001913 291.2274420000001 84.70862218448019 288.8277467771251 English 0
126.42496384774859 343.51595466847704 93.4994475311396 344.9443054277691 92.45121553227364 320.78079351375175 125.37653600003978 319.3524469999988 English 0
145.8529751401511 320.08107818719594 146.47944299998926 341.40075699998556 127.45688401679217 341.95962994742877 126.83046745427419 320.6400009513734 English 0
127.14894331664254 291.5993065053745 125.00781700000516 318.66538300001895 95.15488221892156 316.30386680400596 97.29609199996048 289.23788200000496 English 0
102.01199524271942 558.3644914045572 142.7717095495609 559.7261644905464 140.04665989654313 641.2752647083084 99.28694660382462 639.9136165405479 English 0
129.35983513430983 362.5576045923357 107.18473984823504 365.58897026150373 103.90267488102836 341.5816621190729 126.07763199994224 338.55030600000316 English 0
146.05295017245226 362.81600835207416 129.1597460016783 363.9971893879791 127.47324600000866 339.8784100000005 144.36634378231247 338.69723269829115 English 0
163.39272200857522 293.25695868251483 163.86863699997775 319.5122069999853 134.6702131087659 320.0413391119414 134.19438700002502 293.7861780000089 English 0
170.18493878327718 363.9799250507999 146.88952411066566 365.6087507434047 145.35184461688914 343.618005988535 168.6471249999886 341.98918499999996 English 0
395.3096558716061 625.5353785570475 387.18715289876855 625.7802079660219 386.4579806783149 601.594383056684 394.5803939999314 601.349555000001 English 0