129 224 196 224 196 303 129 303 English 0
197 225 285 225 285 304 197 304 English 0
286 221 407 221 407 302 286 302 English 0
533 261 621 261 621 310 533 310 English 0
424 354 449 354 449 376 424 376 English 0
336 191 363 191 363 219 336 219 Manipuri 0
367 194 382 194 382 222 367 222 Manipuri 0
384 192 401 192 401 222 384 222 Manipuri 0
573 353 611 353 611 377 573 377 Manipuri 0
597 210 618 210 618 236 597 236 English 0
34 584 43 584 43 597 34 597 English 0
44 583 69 583 69 596 44 596 English 0
69 581 86 581 86 595 69 595 English 0
37 611 46 611 46 621 37 621 English 0
48 607 58 607 58 622 48 622 English 0
59 607 82 607 82 621 59 621 English 0