176 267 193 267 193 289 176 289 Manipuri 0
300 308 319 308 319 327 300 327 Manipuri 0
319 309 362 309 362 331 319 331 Manipuri 0
363 309 391 309 391 328 363 328 Manipuri 0
391 311 412 311 412 332 391 332 Manipuri 0
316 277 342 277 342 307 316 307 English 0
345 282 359 282 359 304 345 304 English 0
353 335 411 335 411 372 353 372 English 0
353 373 381 373 381 388 353 388 English 0
75.56332364663831 307.95490146746795 85.7159369999863 278.6962589999988 126.58815821916505 292.8777984224275 116.4357116784231 322.13629914769456 English 0
196.10654241056181 309.3983606075717 188.4870619999856 337.33435999999506 118.97666571749141 318.37657792864536 126.59629199995834 290.44081300000335 English 0