253 180 275 180 275 202 253 202 Manipuri 0
272 189 300 189 300 213 272 213 Manipuri 0
302 194 319 194 319 214 302 214 Manipuri 0
357.295218702493 202.89878164482656 354.83934800002316 223.99660899996542 320.71387851261534 220.02432700914952 323.1697983597405 198.92655633965944 Manipuri 0
223 245 246 245 246 265 223 265 English 0
280.55936983138963 260.07646567373376 277.0929359999718 273.3123200000234 242.58910876320442 264.27625127797205 246.05557200004114 251.04044299998327 English 0
297.9911963501945 264.85636758078135 294.8038649999944 279.3291289999794 277.7226446255372 275.56751699119167 280.90999400003057 261.0947810000106 English 0
296.3553843754926 279.25869904954146 299.7779499999888 266.73147599996634 322.40954315413546 272.914305112674 318.9870127202448 285.44149796596196 English 0
335.530668420397 290.20877868065566 318.75703766883817 285.70190903212347 322.34044920201995 272.366084866464 339.11403399994015 276.872947999992 English 0
369.08763822990295 284.9667478312176 365.18348899997363 298.98935399998845 337.0298609646852 291.1512953334164 340.93403699997 277.12873300000274 English 0
545.1020369309117 228.32576286462412 577.6549087605963 232.44788539115447 576.508254214059 241.5027752387162 543.9553829999932 237.38065600000013 Manipuri 0
527 225 543 225 543 237 527 237 Manipuri 0
516 224 527 224 527 233 516 233 Manipuri 0
534 262 556 262 556 274 534 274 English 0
514 259 532 259 532 270 514 270 English 0
481 253 514 253 514 267 481 267 English 0
461 248 481 248 481 260 461 260 English 0
251 590 260 590 260 608 251 608 English 0
247 592 252 592 252 599 247 599 English 0
74 279 87 279 87 288 74 288 English 0
74 287 84 287 84 294 74 294 English 0
71 294 85 294 85 304 71 304 English 0