276.7260638560401 269.10676530962945 302.44225800001004 266.61398099999917 304.5463086600648 288.31867867948563 278.8301153469365 290.8114573561074 Manipuri 0
336.83294331858633 259.5134420183321 339.04488876294636 280.0008143291928 303.4409969999979 283.8445179999924 301.229132329463 263.3572196974146 Manipuri 0
271.8080960000225 318.91005599998584 267.9310085192992 290.37231706761776 348.1391689999873 279.4758749999975 352.0164716878935 308.0133557724858 English 0
288.70664970294456 346.77603779205833 268.8770380542701 347.1706315457058 268.392949321933 322.84261856056105 288.2224409999617 322.4480260000007 English 0
288.87203799997224 342.03818599997055 288.72426752350293 318.33470346499547 303.1313358868647 318.2449042112753 303.27914803601743 341.9483447720181 English 0
348.0466677410004 312.67781472220656 349.5949087427289 335.93877951946695 303.6489689999871 338.9964849999796 302.1008654189791 315.7356497600292 English 0
286.285759861712 354.9928545220163 269.92282594612334 354.71608060466 270.1734729619784 339.900986615893 286.53634399997827 340.17776 English 0
286.0349473293172 352.6199738026876 284.9957079689193 339.58779420783696 301.00549700000556 338.311219000023 302.04476085986244 351.34337165744597 English 0
301.34975699998904 351.3682249999854 300.41761226610106 337.22187578128614 319.22514600002614 335.9826939999879 320.1573223435844 350.12900914948824 English 0
320.3893329999846 348.4753780000028 319.0559439068602 335.5944128079711 346.2778629999957 332.7767190000142 347.61129141748825 345.65763953870317 English 0
305.3046202762198 352.69217447869175 306.12462377990596 366.90022451208455 286.36357399998815 368.0405560000132 285.5436101498344 353.832543589211 English 0
318.2992859222577 367.02015836153436 302.9847310000332 365.656210000001 304.4799713201792 348.8695206939065 319.79445800003305 350.23346600000264 English 0
319.5218637211656 362.09035228451296 319.24317155368044 350.2464150275388 329.9389220000012 349.9947650000066 330.2176305397006 361.8386854649807 English 0
273.5087139999814 384.7873139999766 270.77621808341064 372.1253195224869 298.7014040000213 366.0995869999647 301.4339360635495 378.761530854827 English 0
300.18659696805116 368.59407672094443 309.31665500000236 367.65618700000175 310.53209600206173 379.4868990145387 301.4020382091985 380.42478718396245 English 0
327.8805640000064 378.38466799998935 326.5043418821733 364.2476167698124 345.51021899998887 362.39760299999614 346.8864741572179 376.5346170295486 English 0
320.43505965470104 363.8937739487635 328.16204995149747 364.1880641795219 327.5314249999792 380.74429099999946 319.8044347416726 380.450001444307 English 0
320.52193389048625 382.8713306115568 305.58790108858375 382.1395985680536 306.5928990000248 361.63153400000175 321.5268470621231 362.3632639636407 English 0