443.22405709375744 302.4114173499879 421.16644196605193 322.9688323807789 358.3893011809414 255.61416219514905 380.4466859999957 235.0569430000162 Manipuri 0
227.721995406755 547.7510328034548 214.64322166633792 545.7931046870812 217.32547699997667 527.8800990000001 230.40415739786113 529.8380200039113 Manipuri 0
227.63659391268448 553.4898123405228 234.54942783821025 543.6483243979715 255.57054045311816 558.4105580863097 248.6577649492392 568.2519937475523 Manipuri 0
202.11162558101933 414.6158306968266 214.72568750665232 398.14652399205113 250.34965320090123 425.427880458088 237.73571757250465 441.89707172984265 Manipuri 0
273.05519070832815 450.79271641822095 259.5358986261999 465.15969462903956 228.2208126574551 435.6964691371427 241.7400169999746 421.3295930000247 Manipuri 0
257.2502998686832 459.42326285968693 267.2876338237256 446.24799439154856 296.5290124308376 468.5214782752986 286.49177007726394 481.6966631551734 Manipuri 0
279.3576852282422 478.67883856773034 291.2242623908969 463.41246003543813 319.8800698123523 485.682874460278 308.0136009963462 500.9491536107734 Manipuri 0
262 565 272 565 272 579 262 579 Manipuri 0
250 555 262 555 262 573 250 573 Manipuri 0
313.40359575311595 561.3257594512204 303.56280414045614 574.2602659527083 260.14066601615923 541.231249820151 269.98139600000286 528.296888000019 English 0
424.31952409635414 273.03529557829245 368.9692500086676 321.4616290226456 162.87898153888818 85.90967931234997 218.22790999998688 37.48434300000244 English 0
339.06023792675114 579.7564312021547 329.0060511160118 594.14894051186 299.6944498732046 573.6776600386036 309.74860599999374 559.2852609999964 English 0
185.07489597548556 234.61456270047452 179.6928395472787 239.8853960938433 155.82259839582548 215.51235833786626 161.20463900006143 210.2415399999782 English 0