79.23900304012932 260.7441126802488 83.61563500002376 151.06270899999495 342.8183329057356 161.4039775585094 338.4440291291685 271.0831217843342 English 0
91.75073559061275 327.5259557543958 91.79805400002806 283.6808459999966 156.56178075674688 283.75066511761224 156.51478563202545 327.5954513382248 English 0
87.63681990196346 644.086756204696 84.07149413920706 595.6985836641754 234.01777799997944 584.6520149999945 237.58463443635264 633.0384969687218 English 0
339.8212314534612 563.8369278738387 347.7604498889559 606.4229795856278 242.7824619999592 625.9868279999862 234.84438516148657 583.4017807975569 English 0
415.2764194696647 548.2967016947783 419.79248823387024 591.462429274891 344.7071750000032 599.3150450000145 340.19186153607734 556.1500096581817 English 0
419.9965610000072 574.2935500000248 417.4611845811887 537.6612802835514 464.629197999966 534.397414999976 467.1649045548111 571.0293263996894 English 0
470.1649410000391 533.9931449999984 499.2682679210702 532.0034047146987 501.2319264191319 560.7189451391621 472.1286006976152 562.7086737727176 English 0
555.1388293757191 519.5034523476381 559.2234180876403 554.7998071489515 508.1247699999949 560.7113199999746 504.04058041887765 525.4153287992144 English 0
454.22286499997426 291.26711000000114 512.4139662132802 288.71401917328245 513.8245213101618 320.8618077597851 455.6334207162581 323.41488923181777 English 0
536.6135889988072 322.6858923509371 516.4106687367894 323.61909284998194 514.8989509999956 290.8925230000009 535.1017207403493 289.9593259790395 English 0
387.5000829741475 324.61340756081233 386.416384999975 289.0280800000275 439.76012560633535 287.4036345084489 440.8440328754659 322.988745721795 English 0
418.6440358567779 269.3549104443388 423.1529910000245 187.76252299998964 535.3715929952887 193.96358260987657 530.8634682084084 275.5551782809828 English 0
342.1980349999649 173.43165600000066 414.9855553571979 170.4993620720086 418.9656680000189 269.2933929999997 346.17814916382486 272.22566302407716 English 0
310 286 377 286 377 327 310 327 English 0
247 288 298 288 298 326 247 326 English 0
171 286 243 286 243 332 171 332 English 0
267 107 319 107 319 158 267 158 Manipuri 0
329 118 408 118 408 170 329 170 Manipuri 0