128 50 228 50 228 157 128 157 English 0
223 30 395 30 395 156 223 156 English 0
27 69 70 69 70 168 27 168 English 0
73 64 107 64 107 169 73 169 English 0
47 225 101 225 101 270 47 270 English 0
103 215 173 215 173 257 103 257 English 0
175 209 223 209 223 243 175 243 English 0
224 198 280 198 280 241 224 241 English 0
280 192 326 192 326 229 280 229 English 0
327 180 400 180 400 222 327 222 English 0
28 328 189 328 189 435 28 435 English 0
191 273 490 273 490 397 191 397 English 0
223 465 268 465 268 628 223 628 English 0
553 116 621 116 621 169 553 169 English 0
588 278 640 278 640 357 588 357 English 0
592 450 640 450 640 598 592 598 English 0
467.7476922790811 44.002227408992105 453.30203978221107 45.9220917115975 448.22477127330785 7.7191415687285945 462.6704130000144 5.799277999999585 Manipuri 0
436.2718930000119 69.2839030000198 424.05282788131444 61.31686490537461 448.774663100412 23.401011534952076 460.99371407071885 31.368043397802694 Manipuri 0
436.680833887076 79.81804742250372 426.2346410000464 81.40043799999762 421.6201366925816 50.93772436750993 432.06631399996695 49.355335000000224 Manipuri 0
415.68981491691375 67.12948881330345 423.1405970896594 66.23333439699587 426.05904116142483 90.49767733407276 418.60825910480344 91.39383110766792 Manipuri 0
418.0268951962353 100.29931606436531 411.0899966179568 101.13820589369759 408.44944053744257 79.30317020953241 415.3863289999572 78.4642810000009 Manipuri 0
513.4030513040489 172.90092934016312 476.1113212983764 178.14187872300113 464.8311340480723 97.87841927580295 502.12255799997365 92.63749200000251 English 0
428.74214890740404 131.28688293295033 467.5045862618572 125.87201524909675 478.08556948963087 201.61481288740111 439.3231375074538 207.0296548626652 English 0
513 496 532 496 532 508 513 508 English 0
520 521 537 521 537 532 520 532 English 0
522 547 542 547 542 558 522 558 English 0
443 361 469 361 469 387 443 387 English 0
373 375 393 375 393 403 373 403 English 0
395 372 414 372 414 397 395 397 English 0