419 208 440 208 440 228 419 228 Manipuri 0
439 203 453 203 453 223 439 223 Manipuri 0
454 199 467 199 467 223 454 223 Manipuri 0
404.89708000000974 279.6713729999701 398.5700576191448 249.43541549617552 470.1065230104723 234.46664818555007 476.4336989392177 264.7023943410663 English 0
398.7738699302281 282.96589711820536 319.65985089969763 301.10834802291373 312.3241614148719 269.1202096361225 391.43766699999105 250.97782000000151 English 0
121.41591183841228 344.94150567290876 118.44698400003836 322.25873900001494 146.11417472995527 318.63768979306735 149.08316845692752 341.32037832985196 Manipuri 0
150.60107715442427 319.34012709873804 167.2043400000257 316.7437689999954 169.8482708089432 333.6499340450183 153.24500921327854 336.2462867485341 Manipuri 0
171.52282914117677 315.43787573473946 204.62222195943468 311.2170911645311 206.91771499994502 329.2169880000041 173.81832393090008 333.43776338812074 Manipuri 0
71 624 87 624 87 633 71 633 English 0
69 635 90 635 90 640 69 640 English 0
47 636 54 636 54 640 47 640 English 0
53 633 62 633 62 640 53 640 English 0
85 287 117 287 117 311 85 311 English 0
118 281 158 281 158 305 118 305 English 0
159 275 192 275 192 299 159 299 English 0
161 204 175 204 175 222 161 222 English 0
0 211 176 211 176 301 0 301 English 0
247 82 259 82 259 94 247 94 English 0
261 79 293 79 293 94 261 94 English 0
252 5 273 5 273 23 252 23 English 0
538 143 587 143 587 215 538 215 English 0
585 162 603 162 603 201 585 201 English 0
600 163 618 163 618 201 600 201 English 0