415.876539515084 289.86176474178296 422.16759654009365 349.39275262511336 226.9998393444257 370.0127273221707 220.71034026856069 310.4831651893011 English 0
403.90929750647047 346.188836431539 407.8327313374757 383.0927037490859 223.39608150541608 402.6961579093643 219.47368448636553 365.793239364139 English 0
277 89 311 89 311 121 277 121 English 0
315 82 351 82 351 112 315 112 English 0
355 67 414 67 414 109 355 109 English 0
395.53187138270005 45.026396340989194 397.81738468198455 67.43242270048626 360.86163300002227 71.20203799998949 358.5761392049608 48.79602953638579 Manipuri 0
328.46858600001724 76.71339299997868 326.21417363523506 52.532721847468835 360.90083299997787 49.29882100000167 363.1552630231454 73.4794720465449 Manipuri 0
297.11036499997135 86.48799299999126 291.7565520075732 63.71185309546548 326.088613000029 55.64170300003311 331.442440541432 78.41782151875812 Manipuri 0
387.0227629999863 487.45133900001406 383.45730466731766 462.79940498124324 420.9223149999889 457.38162399997907 424.48790855727566 482.03339375643503 English 0
386.82283199705125 468.88738155853326 390.65528972387256 487.0416404973713 353.2755480000196 494.93113900002083 349.4432326740207 476.77700431079614 English 0
321.28818400000455 503.1444470000274 318.12628549501824 482.3798105946902 353.5425219999888 476.98777499999176 356.70453080114385 497.7522758876702 English 0