175 241 266 241 266 305 175 305 English 0
263 250 333 250 333 306 263 306 English 0
331 255 380 255 380 306 331 306 English 0
377 254 451 254 451 313 377 313 English 0
239 312 265 312 265 343 239 343 English 0
271 313 306 313 306 345 271 345 English 0
233 339 305 339 305 382 233 382 English 0
261 317 273 317 273 342 261 342 English 0
296 231 314 231 314 254 296 254 Manipuri 0
313 233 331 233 331 254 313 254 Manipuri 0
333 235 338 235 338 248 333 248 Manipuri 0
339 233 353 233 353 256 339 256 Manipuri 0