3 225 121 225 121 287 3 287 English 0
120 232 310 232 310 305 120 305 English 0
315.210705999998 296.7385329999874 313.1797624135652 240.72392283965002 501.77022700001544 233.8852680000325 503.8021756533999 289.8988263550005 English 0
138 294 193 294 193 327 138 327 English 0
203 300 266 300 266 335 203 335 English 0
279 303 343 303 343 335 279 335 English 0
118 335 140 335 140 363 118 363 English 0
143 340 178 340 178 366 143 366 English 0
180 341 195 341 195 365 180 365 English 0
198 343 254 343 254 370 198 370 English 0
256 345 272 345 272 368 256 368 English 0
283 347 299 347 299 371 283 371 English 0
302 344 346 344 346 371 302 371 English 0
88 371 115 371 115 396 88 396 English 0
116 374 137 374 137 397 116 397 English 0
142 376 172 376 172 398 142 398 English 0
174 379 208 379 208 401 174 401 English 0
210 379 251 379 251 405 210 405 English 0
304 382 326 382 326 405 304 405 English 0
331 382 356 382 356 406 331 406 English 0
187 215 211 215 211 243 187 243 Manipuri 0
211 222 261 222 261 245 211 245 Manipuri 0
265 220 307 220 307 249 265 249 Manipuri 0
0 395 26 395 26 421 0 421 English 0
25 404 38 404 38 421 25 421 English 0
200 414 245 414 245 441 200 441 English 0
328 420 357 420 357 443 328 443 English 0
359 419 391 419 391 443 359 443 English 0
393 420 421 420 421 443 393 443 English 0
424 416 467 416 467 440 424 440 English 0
466 416 494 416 494 441 466 441 English 0
276 420 326 420 326 442 276 442 English 0
275 381 300 381 300 402 275 402 English 0
448 332 491 332 491 354 448 354 English 0
433 386 459 386 459 408 433 408 English 0
464 379 504 379 504 403 464 403 English 0
409 304 448 304 448 323 409 323 English 0
408 318 447 318 447 337 408 337 English 0
359 380 376 380 376 405 359 405 English 0
254 383 270 383 270 407 254 407 English 0
251 418 263 418 263 438 251 438 English 0