243 502 302 502 302 543 243 543 English 0
302 502 326 502 326 535 302 535 English 0
231 296 298 296 298 329 231 329 English 0
298 297 326 297 326 321 298 321 English 0
326 299 353 299 353 319 326 319 English 0
356 295 378 295 378 317 356 317 English 0
379 294 412 294 412 320 379 320 English 0
412 294 434 294 434 315 412 315 English 0
435 289 466 289 466 314 435 314 English 0
466 289 488 289 488 309 466 309 English 0
457 197 537 197 537 278 457 278 English 0
401 205 463 205 463 278 401 278 English 0
331 212 387 212 387 284 331 284 English 0
202 205 337 205 337 301 202 301 English 0
298 170 329 170 329 203 298 203 Manipuri 0
328 169 362 169 362 200 328 200 Manipuri 0
372 172 401 172 401 198 372 198 Manipuri 0
400 165 429 165 429 196 400 196 Manipuri 0