81.4536188942293 252.37777115849315 89.6554610000021 142.91592599998393 348.339468000122 162.29690782015587 340.13997286121594 271.75653730699185 English 0
91.62702991721744 319.55558322089985 93.2045890000154 275.7388369999699 157.92653251664888 278.0688407512837 156.34929973028193 321.88527086008895 English 0
76.16678200000024 635.7926199999954 74.29341277631465 587.3065399353628 224.83393399998022 581.4900599999735 226.70889248372987 629.9744746886344 English 0
331.29936755976814 564.3801148811151 337.7471661347954 607.2173170055095 232.15071400001762 623.1055760000181 225.70404301950475 580.2693822617242 English 0
407.25093790468236 551.4827109245754 410.2574577146879 594.7797515635607 334.9441690000094 600.0071619999912 331.9383911973273 556.7108180760569 English 0
411.06092900001386 577.6284700000131 409.8058469411626 540.9299989420284 457.05873099999735 539.3142960000167 458.31416085900855 576.0124054307306 English 0
462.6052119999804 539.1034669999997 491.7602426557278 538.1304061442883 492.7205537257396 566.8969790893293 463.5655233615398 567.8700341881851 English 0
548.0330171591049 527.5881316239285 550.8830647369905 563.0055465952553 499.6094659999653 567.1301450000315 496.75981507083634 531.7130997833661 English 0
455.14386300004844 295.96892399999973 513.3886104586418 295.44808297842064 513.6763703198812 327.62550793246066 455.43162288835447 328.1463470099405 English 0
536.3878947126796 330.2439611366168 516.1647099041147 330.47156842078834 515.7960599999933 297.71212999999995 536.0190903660259 297.48452358407286 English 0
387.29786297888495 326.966316247784 387.4568300000101 291.36484600002564 440.82485942002677 291.60307524997097 440.66611196671147 327.2043267375635 English 0
420.3512684526504 272.8283717708508 427.70517500001006 191.4430660000142 539.6391516355652 201.5568074236359 532.2861153636768 282.9413046757895 English 0
347.29967399995076 174.29564200000004 420.14516222508973 173.9052810922335 420.67501500001526 272.778134 347.8295268115471 273.16849169462864 English 0
310 287 377 287 377 328 310 328 English 0
247 286 298 286 298 324 247 324 English 0
172 282 244 282 244 328 172 328 English 0
274 106 326 106 326 157 274 157 Manipuri 0
335 120 414 120 414 172 335 172 Manipuri 0