274.2167187631276 208.78208753275518 240.70691793007427 210.12121287487975 239.2868603119132 174.58502893241297 272.7964910000446 173.2459069999985 Manipuri 0
314.19008618351654 161.85495948094965 323.33706115270616 193.7851722332866 277.3840509999718 206.94875500001345 268.2371981172764 175.0186464948413 Manipuri 0
310.87464900003397 201.0300290000178 306.927956774889 160.33353361604682 353.27800099999877 155.83866000002632 357.2248051549832 196.53502971422012 Manipuri 0
347.96499199997925 163.04359399999947 396.98456688653096 155.00119968742473 403.9659034377837 197.55253219492332 354.9463343661773 205.59490322121553 Manipuri 0
399.2442338499677 190.6787948063952 396.83232878865965 151.75179151618022 441.94178500001726 148.9568830000137 444.353794162962 187.88377301993836 Manipuri 0
191.22671099998115 213.78678299999984 273.1322421102959 203.4724420356969 282.2927584606805 276.2126105267688 200.38724041281966 286.5268826296702 English 0
280.41970479076554 263.75269179253826 280.65672317643475 192.6064631325611 369.1221740000037 192.90111999998518 368.8856935307558 264.04680944842704 English 0
376.1316092967172 260.4002775144899 367.7391929134319 187.87362874393972 479.1893059999711 174.97745399999337 487.5822923765372 247.5034392479505 English 0
357.5382604019251 262.4453957932803 363.1836765470507 324.29291296432257 238.83777800001553 335.6410799999975 233.1932881683315 273.79442085109685 English 0
357.8247420000116 324.6739119999746 348.63086896679306 261.86456779261175 453.24357899997267 246.55228100002628 462.43803198864043 309.3609210198807 English 0
254.65092500002356 370.92603300002304 250.30826877613435 333.8709476781616 305.88102900001104 327.35864199996865 310.22391748047085 364.41345732979823 English 0
313.7911399999575 368.1156879999785 308.13117489284195 331.01147935831995 361.79177199999685 322.82661999997794 367.45194750343217 359.9305700340384 English 0
371.17700100003276 356.44572200002756 368.6304439677042 299.7442481343489 438.9197050000075 296.5876660000298 441.4667248806654 353.28864903972493 English 0