240.04383613166283 265.49966282797715 263.69073699999717 268.2821729999984 259.68006011164107 302.36453508679995 236.03316100001393 299.5820350000032 Manipuri 0
307.5442294151435 255.05648970085036 314.3084824264224 286.3553550170867 262.4840889999905 297.5546740000271 255.72003161287284 266.2559790212314 Manipuri 0
308.0995830000029 280.98632599997876 305.30185580624675 256.7376572818548 341.1622989999887 252.60040500003387 343.96010139680584 276.8489863987894 Manipuri 0
250.40705105740926 303.03802002444166 256.46443386620376 337.4945019164764 199.24901500002306 347.5517320000067 193.19190578680718 313.0954920445312 English 0
246.42895099997986 340.5385469999805 239.7907154315908 303.6782121759678 324.8297150000144 288.36429000001874 331.4682382504543 325.2242512054955 English 0
321.3861490000272 326.6577069999855 315.1070557680214 284.28829918038895 390.283511000016 273.14783400000516 396.56289858212403 315.51688278505486 English 0
190.68822077781078 355.52016528329233 175.13439299997117 351.34363799999744 187.3567367855867 305.8305220700582 202.91039299998374 310.00702500000114 English 0
260.01105582785385 349.6277996573124 263.52424562108354 369.6148878407847 194.3147172141471 381.7784081849576 190.8017430977634 361.79151058522285 English 0
257.022255999982 368.5970240000159 255.03413873586396 346.30417178293396 287.37267399999837 343.420413000008 289.36087746711564 365.71316918740416 English 0
284.64133800000127 367.45193499999124 282.9615726596239 340.39642743159175 317.1694600000046 338.2727840000033 318.84933884924976 365.3281694739526 English 0
316.75455199998396 361.91175900003367 314.2126742351684 333.48409987959514 354.5292139999947 329.87946199999493 357.0712249098142 358.3069726016639 English 0
351.26328500002273 353.1177519999898 350.9271916628495 326.2156187822212 381.91060500001186 325.8285699999699 382.2468024000409 352.73059739547415 English 0
572.311639084437 203.4610838984548 579.3219054686051 236.1039541522825 441.6614740608202 265.6652107369805 434.6516675780731 233.02274154622467 English 0
570.0527180000063 234.86093400000954 565.4621029494592 197.31988157869463 640 188.2053800000254 644.5908054494794 225.74621089111443 English 0
397.1467319999647 296.73253500001243 394.8205921351473 281.42552806294026 431.57912800001213 275.8397900000021 433.90531719829596 291.1467362692489 English 0
431.01873100000375 291.3198559999786 428.5872638921137 272.92352330644 461.1283550000371 268.62275300001556 463.5598750963254 287.0190226258006 English 0
516.745635699408 257.88809841064335 519.4273090775823 272.5177245643763 465.5759661648335 282.38818559936885 462.8943840109423 267.7586399216012 English 0
460.8491677689017 305.08673207087213 463.91748252768593 319.6284570875227 420.83982650401595 328.71704437188544 417.7715981759684 314.1753947584451 English 0
445.7541632340872 345.4528458519776 449.2046793408372 358.41352163890645 408.31190389384574 369.2992070607855 404.86147256691766 356.33860406158766 English 0
463.3403089999774 298.8544389999847 460.5119566959911 284.80718098105666 502.85429899995506 276.28219999997805 505.6826992844435 290.32939313090714 English 0
605.0633360314532 238.58387651929095 608.1979627199325 253.70347655690443 519.7496349395806 272.0394480791987 516.6151565501059 256.9199775410767 English 0
505.80586574898916 271.4750860917943 520.3099840000505 272.7512730000024 518.7118129335431 290.91375147579487 504.2076950000046 289.63756699999993 English 0
555.3209931407764 286.049062345941 558.3819425975526 302.99371051593715 488.92906651111844 315.5387638448655 485.8682682397193 298.5942487800153 English 0
594.6143471110554 279.819400181797 580.9930390000227 277.68922300000384 584.4144099098048 255.81282952014186 598.0356590000156 257.94300200000004 English 0
608.6443390000204 255.24504099997503 605.1892570820928 236.296929440519 640 229.94963600001148 643.4551284666668 248.89768709542807 English 0
610.7403409999824 272.8936889999939 607.4771765148034 255.7205954863991 632.9470279999805 250.88114800001608 636.2102253267221 268.05419816737844 English 0
596.4531580000039 296.01924199997256 593.8922458670277 280.9075239678041 640 273.09425499997366 642.5609710993012 288.2058980982363 English 0
556.08060999999 301.7151609999773 555.4113801410131 282.3281249997235 595.6111650000094 280.94049900001284 596.2804764316388 300.3274500261279 English 0
581.8007917844079 260.4483400855462 585.0107335235953 277.9857846321476 524.020416939893 289.1481821279792 520.8106010139454 271.6108483671075 English 0
459.9257899999793 319.31913200000827 458.3772800479346 301.5842720394907 489.1775549999875 298.8951300000341 490.7261218082567 316.6299268284879 English 0
459.2829199999687 335.38602400002276 456.8753997976455 318.52971097217124 493.61627899997984 313.2825269999681 496.0238616361312 330.13876431257063 English 0
492.92398252793646 333.5310853997245 497.5966396192962 351.02999897999723 448.5427518399956 364.127222182664 443.8702286047919 346.6284232789575 English 0
493.00653899997997 332.94457300003495 489.7761622730468 316.68504721313366 541.9742370000313 306.3152199999845 545.204690220271 322.5746429405974 English 0
571.6224797661562 300.30879302945664 574.9166055279056 320.29572210237177 538.9061729999958 326.2301870000143 535.6121427788457 306.24334281679353 English 0
570.3198500000144 321.07042900001863 566.8542452539987 299.244898076218 619.5184029999655 290.8830219999662 622.9841142293299 312.7084200141466 English 0
553.7227240000357 341.47767599997843 552.3629579906992 321.0570404286826 610.7089619999897 317.1720880000101 612.0688637170679 337.59257683410823 English 0
492.5617439999769 351.4329679999769 490.4521108781046 333.20388782842554 530.2278510000178 328.60102499997527 532.3375639234291 346.8300126446313 English 0
639.9999915505759 292.2723565243586 642.2964371889975 308.1652729409878 618.2157500000176 311.64451800002917 615.9193527136813 295.75164502541173 English 0