170.55212799998117 364.58928500000263 170.16504360435647 302.3537739366855 257.56781500000216 301.81006700001086 257.95556945100543 364.04490343442774 Manipuri 0
312.0190744584397 369.5294251374345 257.8759561291372 366.9612281263552 260.9092327678809 303.0281265789278 315.0514850000036 305.5963029999986 Manipuri 0
375.4155045386142 365.51187630684785 306.00496985411155 364.0960746228519 307.2044499999902 305.3222780000001 376.6139683556685 306.7380693231438 Manipuri 0
236.16159308963688 480.3456563151104 138.54568599999766 479.09758699999975 139.9521857759828 369.2390903457951 237.5647050000407 370.4871380000004 English 0
312.01865299372 369.5280702051145 313.45582332927734 476.1389627804318 239.92316619391204 477.12901765159535 238.48724499999662 370.51935399996535 English 0
407.0575026948791 474.25122132794576 312.35433099995134 474.493951 312.06417799061455 360.62868038833676 406.76400500000454 360.3859549999999 English 0
290.65064008500485 477.29267103719764 288.6658493849973 534.1476376481701 224.0465810821479 531.891508361889 226.03203600003326 475.03723199997984 English 0
330.36453673739743 485.79560705576296 328.565466 537.3202050000132 289.4023881611065 535.9526835027746 291.2018280871416 484.42846812261445 English 0
326.0511891303031 528.381350016224 326.03132740470755 471.49883491407377 378.8778810000076 471.4804190000319 378.8983018689032 528.3623738377036 English 0
219.49572538193024 544.1848568204593 253.06407899995975 545.3568069999998 251.69914211444848 584.4438015631818 218.130788999988 583.2718609999991 English 0
309.3693557516963 582.9003093051053 248.62946584486053 573.6153363779335 254.85252941434737 532.9188314805876 315.59139900004084 542.203725000004 English 0
312.76532219439105 533.1241455598569 351.2545720000344 529.2182189999987 355.97467831692484 575.7200716354905 317.4854343097104 579.6259605203646 English 0
353.7617570000293 571.998446000031 355.06525885859446 534.6878737890952 379.0424469947902 535.5254049868936 377.7391356897715 572.8357925089848 English 0
313.06217670331534 568.7976069921663 316.9608782659634 605.5380333275675 261.1586669999815 611.4573480000216 257.26045818410057 574.7173738710668 English 0
348.58711678338295 605.6160760863575 311.89741975060315 607.2770697492165 309.638785427378 557.3900656407311 346.32768899995426 555.7290900000008 English 0