321 316 401 316 401 362 321 362 English 0
405 330 464 330 464 369 405 369 English 0
120.56529134286393 208.13978788803303 136.31461500001024 174.0130180000018 206.3764971717319 206.34519499103044 190.62741280889895 240.4717612736937 English 0
191.78028683490993 237.46959905603262 198.31376599999203 204.00355100002065 253.63782951637404 214.80387906763568 247.10453167470405 248.26976731542197 English 0
293 260 312 260 312 283 293 283 Manipuri 0
313 268 338 268 338 288 313 288 Manipuri 0
140 319 156 319 156 330 140 330 English 0
156 321 171 321 171 335 156 335 English 0
170 326 184 326 184 338 170 338 English 0
183 330 192 330 192 339 183 339 English 0
194 331 212 331 212 344 194 344 English 0
212 337 216 337 216 345 212 345 English 0
217 336 221 336 221 344 217 344 English 0
97.81187314350973 295.4020019137181 101.27581599997939 284.9667760000149 121.09730394411599 291.5460377762126 117.63338907716388 301.98123989301763 English 0
120.41566005551431 291.2196446430213 128.85593974024232 292.76912683968055 126.79324899996573 304.0042010000003 118.35296984376328 302.45472076118904 English 0
145.97068121256598 297.2760206541079 143.76554599999508 306.7106790000111 128.07386813365156 303.0433343776837 130.27901499997824 293.6086929999837 English 0
467 299 477 299 477 309 467 309 English 0
476 301 481 301 481 310 476 310 English 0
250 327 256 327 256 334 250 334 English 0
224 319 234 319 234 327 224 327 English 0
234 322 250 322 250 332 234 332 English 0