433.60224711977935 269.12749669568836 418.06576748233056 294.9685541982577 339.1551363023609 247.52695858289158 354.69160399996326 221.68612900000724 Manipuri 0
294.0733895903395 564.363607588267 280.9614748178137 566.0857185163671 278.6024350000662 548.1281099999953 291.7142526243697 546.4060055412018 Manipuri 0
295.57345607499883 569.9037410981255 299.5054501555569 558.5379285829449 323.78088398618274 566.933972790503 319.8489626317314 578.2997235490714 Manipuri 0
232.7582971956872 443.44510887011035 240.34393853493384 424.13677909469476 282.1073494909069 440.54192224603474 274.52187618328026 459.85010962218234 Manipuri 0
310.9249582535267 458.6656750726908 301.88966455280024 476.20263072269773 263.66658587641723 456.51245817837327 272.7018970000063 438.97563099999934 Manipuri 0
298.11166337392933 471.31852346859824 304.128270729052 455.8868496140065 338.3759496926359 469.23736305810144 332.3594594310998 484.66893766485134 Manipuri 0
324.67029888655816 483.7345951899101 331.86879680433776 465.78856930296587 365.5526386036945 479.29748521852736 358.354278357001 497.24339440842016 Manipuri 0
333 570 344 570 344 584 333 584 Manipuri 0
319 563 332 563 332 581 319 581 Manipuri 0
380.17704705729557 553.7952083984496 374.28324452797824 568.94136100966 323.43956443859497 549.1607991788594 329.33343500000774 534.0148159999687 English 0
407.33303846885974 246.099406025026 367.47561866490287 307.90664320315454 104.44130279916862 138.28658531506744 144.29851900000358 76.48071100002528 English 0
409.9197147383529 564.4399540487082 404.22285956985434 581.0464818233094 370.40476726324414 569.447825686555 376.10168400002294 552.8414229999668 English 0
166.76628102992254 275.1126364588831 163.04553434158152 281.6627754031435 133.38182284765935 264.8134465056014 137.1025699999882 258.2633299999771 English 0