436.87427791672235 277.17594973949724 419.572990046654 301.8702477435707 344.1639007564663 249.03965617217918 361.46512600003916 224.3455799999916 Manipuri 0
277.090599943549 561.9598020556053 263.89050905134354 562.7632873329405 262.7898650000134 544.6846540000014 275.9898576144042 543.8811717253062 Manipuri 0
278.2004318438703 567.5910260279782 282.91581689729355 556.5272368492688 306.5465676632448 566.5962527574858 301.8312533113931 577.6599819666515 Manipuri 0
224.35962125447986 437.05868070473406 233.2737638818071 418.32658046281256 273.7911913633434 437.60508226126956 264.87720926983457 456.3370458075218 Manipuri 0
301.2743053067243 457.69489284236903 291.0376147335046 474.5588027942829 254.28110995599127 452.25025008140915 264.51779199996963 435.38646299998686 Manipuri 0
287.60943097717245 469.42301389144797 294.68795296925236 454.4486800328619 327.92103782914637 470.15572628193934 320.8426288495684 485.12996393727985 Manipuri 0
313.2372389775992 483.6614594311244 321.6701970539725 466.26135907009655 354.32979952827736 482.08711010678985 345.8969745547074 499.48709700962036 Manipuri 0
315 571 325 571 325 584 315 584 Manipuri 0
302 563 314 563 314 580 302 580 Manipuri 0
363.72188686582376 557.4235095751148 356.7857243621256 572.1215484872955 307.4455804265017 548.8424279877914 314.3817809999746 534.1445539999892 English 0
412.27537225007836 252.37169616201555 368.20345864995033 311.24793495868494 117.6421525652404 123.6925648699478 161.71356599996216 64.81759600001146 English 0
392.6496315132681 570.1170832605696 385.80801591990166 586.2856688012228 352.8811704727559 572.3561518317398 359.72282700000505 556.1876890000005 English 0
170.27073079509137 264.5329416412765 166.1021332587552 270.80757762593487 137.68603856100526 251.9300524231301 141.85463200003142 245.6554369999983 English 0