14 142 78 142 78 195 14 195 Manipuri 0
61 225 139 225 139 266 61 266 English 0
137 148 209 148 209 204 137 204 English 0
190 269 240 269 240 300 190 300 Manipuri 0
242 268 300 268 300 296 242 296 Manipuri 0
44 296 314 296 314 392 44 392 English 0
210 381 322 381 322 447 210 447 English 0
139 228 182 228 182 259 139 259 English 0
249 559 301 559 301 598 249 598 English 0
300 511 337 511 337 551 300 551 English 0
82 547 174 547 174 612 82 612 English 0
205 563 221 563 221 580 205 580 English 0
220 560 246 560 246 575 220 575 English 0
549.3995850659121 406.29932896837806 559.5387591594772 421.9724307823912 521.7426681192592 446.4198391090823 511.60362089794944 430.74684907179636 English 0
564.8600140000053 422.93997099997745 555.7418651101034 402.2731543779116 589.8476880000089 387.2275699999897 598.9658712285018 407.89427044109186 English 0
569.547166216289 545.2842266292 575.8757918157789 563.6946943938374 551.4438109999901 572.0911509999679 545.1153017727484 553.680782035827 English 0