294.9034163351462 204.07742618023306 270.42408528541273 201.07181275447513 275.62393500003964 158.72311800000145 300.1031270635576 161.72872280971123 Manipuri 0
299.5890965712897 167.03905564602454 321.18915335922793 170.82542019103875 314.3143560000317 210.04304800000227 292.7143019410141 206.25669400779873 Manipuri 0
348.45039269035624 174.82950129634276 343.46726600000693 215.41370300002754 315.68514860860887 212.00251004262827 320.6683450000128 171.41839000000144 Manipuri 0
289.48087462391413 203.41162166700713 377.5836869680643 214.32436816076722 361.42307499998424 344.78852899999583 273.32028869779606 333.8759287244128 English 0
382.8880235103861 223.83622523538278 454.5278388103179 230.43262941536307 442.7482869999949 358.35626599999887 371.1084840626427 351.75995376175956 English 0
561.5971117425215 394.4425174167821 444.480357109569 386.89034891511176 453.6289370000304 245.06001200000105 570.7417612316931 252.61205370079384 English 0
283.84351239605166 328.09843978845686 313.38962166912097 333.12983734092876 305.8552149999741 377.3704819999955 276.30911316628044 372.3391140276488 English 0
319.89766499813413 381.094703569432 306.7046109171497 379.2427709871567 313.16040809615515 333.2571949357708 326.353300999981 335.1091160000018 English 0
324.98937432988896 327.77713363005864 341.25574897516344 328.8054622241277 337.7343649938848 384.5025761810714 321.46799102389195 383.4742551889846 English 0
362.1459240535478 332.33917596343736 356.0792456166382 381.74608541469206 327.6569638655201 378.2563070545035 333.72380200002226 328.849585000012 English 0
379.0571967129654 385.7940655559248 354.2753129999619 383.31572299999976 358.28996260184795 343.1771729405797 383.0715780000173 345.65550200000354 English 0