125 267 151 267 151 357 125 357 English 0
164 262 196 262 196 356 164 356 English 0
207 258 235 258 235 351 207 351 English 0
248 262 371 262 371 351 248 351 English 0
255 354 337 354 337 381 255 381 English 0
340 359 371 359 371 378 340 378 English 0
138 413 211 413 211 433 138 433 English 0
213 411 242 411 242 429 213 429 English 0
245 410 273 410 273 431 245 431 English 0
275 407 311 407 311 427 275 427 English 0
315 409 361 409 361 426 315 426 English 0
296 218 307 218 307 239 296 239 Manipuri 0
311 216 330 216 330 237 311 237 Manipuri 0
334 215 343 215 343 239 334 239 Manipuri 0
347 215 369 215 369 237 347 237 Manipuri 0
220 361 251 361 251 388 220 388 English 0