163.58213007071754 222.18475930862638 177.05372697637358 276.90402950365717 101.668365000005 295.4620679999805 88.19724089407828 240.7432054127674 Manipuri 0
213 199 253 199 253 254 213 254 Manipuri 0
335.7716076327051 180.7430845627382 348.1716415267874 231.0007108366499 264.9569000000338 251.53104200000385 252.55726657938794 201.27376098827364 Manipuri 0
395.38138396419527 167.45383991688476 405.28930867483723 207.47736836512277 352.99928200001887 220.42134000000374 343.09153707145015 180.3979663928466 Manipuri 0
408.9043859999947 207.58662799997725 395.0603549215157 166.95766558356172 447.3889860000054 149.12745600003174 461.23309116228484 189.75626981798567 Manipuri 0
545.8239473337744 123.9057579763503 556.8030921323225 160.45923028223655 460.9119400000054 189.26004599997069 449.9330444354564 152.70678606923116 Manipuri 0
67.38231342249492 318.5091502322236 157.81608900004358 306.4792799999977 172.3874231096852 416.00838251764037 81.95368367472838 428.0380713862746 English 0
228 273 297 273 297 371 228 371 English 0
384.7054294789268 343.3809570170036 302.9744059999939 355.52487999999704 287.77431564485596 253.2262905983025 369.5035019999341 241.08250600000443 English 0
399.00216747140803 216.46486571019378 471.54613899998367 205.86561600000064 486.5577413954452 308.6041895595181 414.01379331546195 319.20333173339077 English 0
574.1662443460518 175.35325888618306 599.9106914854201 255.06778102878542 488.97004400001606 290.89448799999224 463.22654329684156 211.18077087474018 English 0