192.79228799998236 224.82595199997857 182.4306786701345 184.27583822302554 238.88574199998402 169.850491000018 249.24746412674722 210.40042973249456 Manipuri 0
265.2556643560092 217.93268908186008 238.7383334733022 217.74065514644292 239.17073959797563 158.04933888514572 265.6878460000007 158.2413719999999 Manipuri 0
306.65033524666796 208.39790446618207 262.35326514710323 211.87842685697314 258.0323367978417 156.88461925538806 302.329075000016 153.40410999999773 Manipuri 0
342.30618956295075 198.2584650572446 299.31144468129787 202.18515380636632 294.1292093614902 145.4425620653579 337.1236379999755 141.51588799999928 Manipuri 0
155.39291799999774 251.03602600000002 200.31124057422858 250.39915966239508 201.55855100005283 338.36695799999967 156.64022861259582 339.0038181966904 English 0
252.14841127024556 332.9260330794134 197.50027900001442 336.72981399999804 190.34450355320587 233.92230260759368 244.991452999966 230.1185630000015 English 0
242.87345376447774 214.98534051997098 326.6313130000344 207.70015999999868 335.9717232619005 315.0820444194141 252.21387432233314 322.3671474083434 English 0
394.04611389043566 304.96226766786026 321.8538181056647 302.77414393661564 325.20115154191444 192.36787529278035 397.39194699999643 194.55597599999933 English 0
76.12060383391508 91.92791272422348 -11.508580633526435 76.33324273230576 1.8706360784563003 1.1538568704067855 89.49958499993954 16.748504999994037 English 0
-6.411292257253081 131.5337680334746 0 66.99723199996654 84.20670913896174 75.3625519769213 77.79564698052127 139.8988736570159 English 0
200.75452281722391 639.9998866197884 156.11856507166522 642.9528449949275 144.47627841502253 466.98524946129896 189.108931026567 464.03240240086456 English 0
301.1168038383039 5.0561169991463135 349.0063630000077 0.5708830000002436 356.71471995265165 82.87416178696135 308.82516178178776 87.35938967603852 English 0