573.0075440574728 66.1967033223034 560.4815245015197 101.00981007903815 449.25868924488896 60.990918168664514 461.784753000029 26.177907999992833 English 0
490.71736741490895 97.18201906950577 496.0439790000237 80.39450699996792 540.6972549622151 94.56270755455847 535.3706763202354 111.35019156868927 English 0
414.18780999068986 387.4967647023269 394.40685837340425 385.93825368499176 395.87090118373453 367.35896704614726 415.65175000003364 368.9174740000011 Manipuri 0
256.7766690380813 359.63920934816167 255.8602846122085 375.30942442018056 223.85898047454248 373.43809166424757 224.77542900000117 357.76794500000193 Manipuri 0
497 316 514 316 514 337 497 337 Manipuri 0
511.0359144298127 334.954885417623 514.884596999982 320.42797100000143 541.1859101614391 327.3955241120117 537.3372842791287 341.9223897900162 Manipuri 0
522.8038765999372 341.11884686272697 518.2695109999622 366.2415530000249 464.5275961367588 356.54235741238614 469.0620990000025 331.41982900000534 English 0
516.9313616074214 366.66049850903954 522.1951499999705 344.10119899998585 570.8894188087288 355.4619374854102 565.6258052580961 378.02108547258797 English 0
445.4682399050216 368.6571260152765 448.94406999999774 354.66938800000537 490.5999820261786 365.0194224243214 487.1242468769924 379.00707851846624 English 0
514.6849930621102 369.84173682925973 511.79845799997565 383.4718890000248 488.1589718144096 378.46608242087325 491.04553999997734 364.83597600000195 English 0
510.42674844982685 382.2299470524141 513.8298670000222 369.168805999975 547.284425417165 377.88452349633405 543.8813810724969 390.94560070131655 English 0
541.4134956503403 388.85297692987905 545.2690050000092 376.34832499998197 568.9966600163461 383.6633610687136 565.1412030166102 396.1679683530699 English 0
564.7443354298593 394.1933619176951 567.4685689999751 382.63269600001945 586.7339851586439 387.1720100761065 584.0097899937973 398.73264273201255 English 0
463 443 477 443 477 469 463 469 English 0
477 442 488 442 488 469 477 469 English 0
487 445 507 445 507 473 487 473 English 0
511 450 535 450 535 479 511 479 English 0
535 454 548 454 548 477 535 477 English 0
547 456 582 456 582 485 547 485 English 0
22 318 67 318 67 344 22 344 Manipuri 0
72 326 116 326 116 351 72 351 Manipuri 0
45 351 175 351 175 430 45 430 English 0
7 428 35 428 35 446 7 446 English 0
37 429 57 429 57 447 37 447 English 0
60 431 100 431 100 450 60 450 English 0
102 436 124 436 124 452 102 452 English 0
97 454 120 454 120 470 97 470 English 0
57 451 95 451 95 469 57 469 English 0
26 449 54 449 54 467 26 467 English 0
8 449 24 449 24 465 8 465 English 0
0 469 37 469 37 491 0 491 English 0
38 472 74 472 74 494 38 494 English 0
75 474 95 474 95 493 75 493 English 0
98 474 111 474 111 495 98 495 English 0
114 475 130 475 130 493 114 493 English 0
6 347 42 347 42 420 6 420 English 0
273 373 288 373 288 387 273 387 English 0
290 387 305 387 305 398 290 398 English 0
282 422 296 422 296 434 282 434 English 0
296 420 316 420 316 433 296 433 English 0
304 370 319 370 319 382 304 382 English 0
288 372 303 372 303 386 288 386 English 0
289.4740389999788 501.6354409999861 289.024299470766 489.02203600972985 312.27967600003467 488.1929769999681 312.7294675230223 500.80632797579585 English 0
308.71835849618947 405.6479248350239 310.1079741300782 415.46854987280483 290.254391999988 418.2774239999987 288.86480990287964 408.45682911881346 English 0