179 28 272 28 272 130 179 130 English 0
273 38 439 38 439 153 273 153 English 0
78 17 114 17 114 115 78 115 English 0
124 21 151 21 151 125 124 125 English 0
68 177 120 177 120 218 68 218 English 0
126 181 194 181 194 219 126 219 English 0
198 187 244 187 244 219 198 219 English 0
247 187 301 187 301 227 247 227 English 0
305 192 349 192 349 226 305 226 English 0
351 193 422 193 422 231 351 231 English 0
23 288 179 288 179 385 23 385 English 0
190 286 485 286 485 390 190 390 English 0
184 445 218 445 218 607 184 607 English 0
585 177 640 177 640 226 585 226 English 0
585 342 639 342 639 418 585 418 English 0
548 506 586 506 586 640 548 640 English 0
521.9022174199927 80.75191049439233 507.37306332957814 79.62640391136136 510.3495963959722 41.20265941394655 524.8787250000169 42.328165000000276 Manipuri 0
485.85788099997444 98.93693699999966 475.5622553201101 88.60351969034429 507.6270281264442 56.6561724123174 517.9226403724897 66.9895761680362 Manipuri 0
484.06771251989994 109.32590060336503 473.52079800002684 108.70183500000182 475.3406942496804 77.94540207599185 485.88758599995344 78.5694669999985 Manipuri 0
466.1734947907098 92.5503570488169 473.64777982525993 93.22288020410463 471.4576129494526 117.56375751273355 463.9833279999584 116.8912349999971 Manipuri 0
461.5631111798575 125.48123056375432 454.6033827879728 124.85953633582055 456.56029357152875 102.9526553556886 463.5200089999853 103.57434899999836 Manipuri 0
539.7603245636856 216.3260362252144 502.1937776665436 213.69918150744553 507.84792025006027 132.84447646894708 545.414066999947 135.47131699999866 English 0
465.6014574778965 158.0196858336811 504.64265476723085 160.78209129643565 499.24471268997877 237.06939491016482 460.2035170000454 234.3070050000013 English 0
472 534 490 534 490 545 472 545 English 0
472 561 489 561 489 571 472 571 English 0
469 586 489 586 489 596 469 596 English 0
429 389 454 389 454 413 429 413 English 0
358 387 376 387 376 414 358 414 English 0
380 389 398 389 398 413 380 413 English 0