267 186 291 186 291 214 267 214 Manipuri 0
294 184 316 184 316 216 294 216 Manipuri 0
245 337 332 337 332 379 245 379 English 0
172 345 226 345 226 383 172 383 English 0
184.72626372487866 334.01496526071105 181.07207499997457 214.2690829999936 322.4768909435079 209.95404358920868 326.13274345094396 329.6981968833331 English 0
383 205 395 205 395 246 383 246 English 0
396 205 407 205 407 247 396 247 English 0
353 256 398 256 398 298 353 298 English 0
401 254 448 254 448 298 401 298 English 0
394 319 417 319 417 342 394 342 English 0
454 193 474 193 474 217 454 217 English 0
475 193 500 193 500 224 475 224 English 0
502 197 518 197 518 221 502 221 English 0
518 200 536 200 536 225 518 225 English 0
511 270 524 270 524 287 511 287 English 0
525 271 536 271 536 286 525 286 English 0
521 293 538 293 538 309 521 309 English 0
477 344 502 344 502 362 477 362 English 0
502 346 508 346 508 358 502 358 English 0
509 343 515 343 515 357 509 357 English 0
464 348 476 348 476 362 464 362 English 0
0 269 51 269 51 297 0 297 English 0
493.40049249825825 491.553398055093 496.70594251751027 507.7969883012566 451.3639579404844 517.0217173930915 448.0586688884068 500.77826782261064 English 0