224 499 280 499 280 534 224 534 English 0
282 501 304 501 304 532 282 532 English 0
233 294 298 294 298 320 233 320 English 0
300 298 326 298 326 319 300 319 English 0
328 303 353 303 353 320 328 320 English 0
358 301 378 301 378 321 358 321 English 0
381 304 412 304 412 327 381 327 English 0
414 306 434 306 434 325 414 325 English 0
437 305 466 305 466 327 437 327 English 0
468 306 489 306 489 324 468 324 English 0
469 219 542 219 542 293 469 293 English 0
413 220 468 220 468 288 413 288 English 0
342 218 391 218 391 286 342 286 English 0
213 207 341 207 341 290 213 290 English 0
313 171 341 171 341 202 313 202 Manipuri 0
344 174 375 174 375 203 344 203 Manipuri 0
386 181 413 181 413 204 386 204 Manipuri 0
415 177 441 177 441 205 415 205 Manipuri 0