9 298 133 298 133 391 9 391 English 0
49 395 113 395 113 434 49 434 Manipuri 0
0 384 40 384 40 424 0 424 Manipuri 0
271 392 294 392 294 412 271 412 English 0
295 397 336 397 336 421 295 421 English 0
339 406 361 406 361 424 339 424 English 0
276.8800999553787 164.80058392883674 318.18315663440444 165.52729786385785 316.88890600002196 239.08447000000047 275.5858494045242 238.35776007264056 English 0
354.18549446738325 197.66960287231205 391.8029590230435 198.5377762330373 390.31501400000707 263.0072130000007 352.69754958768317 262.1390444390098 English 0
344.1350709210383 247.15547442563323 315.6540245236829 246.65370692381484 316.47642200005066 199.98168500000065 344.9572472232103 200.48345055199715 English 0
345 214 354 214 354 249 345 249 English 0
60.711018932342995 150.39958396233288 -8.631390290611307 136.20360286574078 9.278110999948694 48.724031999993436 78.62005925948324 62.919963184685336 English 0
77.84556001570309 166.45360250785242 91.19941601580649 168.65580201975695 88.18283799999335 186.94752700000063 74.82898264694086 184.74533017187665 English 0
121.08664254315954 182.4376885601781 116.65833799997927 195.94625499996792 86.20718603066052 185.9641329191449 90.6355060000351 172.4555959999994 English 0
78.52514580721618 169.36013420940566 72.39194051580853 185.2637698864317 19.82067498458491 164.99008422551938 25.953902999972343 149.08650400002364 English 0
63.61527135268261 178.95504010758953 59.97873100001016 193.07760399998483 31.529764455044642 185.75217687335856 35.1663230000122 171.6296409999902 English 0
58.12298465636559 193.38923235470534 62.93746399998781 178.15478899996717 83.74584486162348 184.7306060653201 78.93139299645554 199.96502599709177 English 0
296.8716317131475 253.74512853556809 301.2758909999684 239.80918600003076 333.9532222635171 250.13589795776713 329.54901555232937 264.07179570097986 English 0
375.5419252212596 262.25273162655265 371.01766400002816 278.86039500000567 325.5210429725412 266.46671170982825 330.04535200001555 249.85912499999588 English 0
529 395 564 395 564 439 529 439 English 0
452 373 479 373 479 421 452 421 English 0
534 444 558 444 558 462 534 462 English 0
44.295625592931174 128.15760547672562 77.13183500003652 79.7925099999876 161.74142760733957 137.23534060258595 128.90549327195913 185.60019113327442 English 0
378 301 396 301 396 318 378 318 Manipuri 0
341 318 347 318 347 329 341 329 English 0
336 316 340 316 340 327 336 327 English 0
324 315 336 315 336 327 324 327 English 0
295 321 304 321 304 332 295 332 English 0
304 323 315 323 315 336 304 336 English 0
315 325 324 325 324 337 315 337 English 0
325 330 333 330 333 339 325 339 English 0
334 330 345 330 345 342 334 342 English 0
272.7487837080116 293.57638666182896 278.9822009999625 274.8076360000322 306.13117528744624 283.82371264794654 299.89782584045315 302.59240562340545 English 0
343.26335593250406 297.11074533241197 337.20890199998394 315.76121200003263 296.62354333333496 302.5868461546941 302.6780439999857 283.9364679999826 English 0
295.33348232456774 319.9203561902474 292.5105159999657 330.8125900000208 268.39815375045873 324.5637663341382 271.22114099998726 313.6715650000117 English 0
292.50992761582893 304.4960666280456 287.9084580000199 315.9381920000087 264.86223824766057 306.670720103385 269.4637199999852 295.22862699999564 English 0
298.10777536018577 314.35607689922386 301.3798310000129 305.83042300001614 321.90296890054015 313.70640303299956 318.6309390853421 322.2320350448713 English 0
303.5343136323354 308.2384165157077 300.0075060000381 317.7845699999875 285.9430510932725 312.58883996739473 289.46986599999946 303.0427029999848 English 0
320 312 324 312 324 323 320 323 English 0
239 281 256 281 256 293 239 293 English 0
462 425 480 425 480 446 462 446 English 0