97 324 323 324 323 393 97 393 English 0
120 408 152 408 152 437 120 437 English 0
154 413 189 413 189 435 154 435 English 0
191 414 220 414 220 437 191 437 English 0
222 414 262 414 262 443 222 443 English 0
264 414 294 414 294 440 264 440 English 0
150 390 168 390 168 408 150 408 English 0
162 277 194 277 194 323 162 323 English 0
211 283 226 283 226 326 211 326 English 0
243 285 271 285 271 332 243 332 English 0
148 253 176 253 176 276 148 276 Manipuri 0
181 255 204 255 204 276 181 276 Manipuri 0
209 255 239 255 239 282 209 282 Manipuri 0
244 254 291 254 291 281 244 281 Manipuri 0
171 390 184 390 184 408 171 408 English 0