34 206 147 206 147 329 34 329 English 0
145 202 250 202 250 323 145 323 English 0
98 163 164 163 164 215 98 215 Manipuri 0
166 166 213 166 213 211 166 211 Manipuri 0
174 330 219 330 219 372 174 372 English 0
140 329 173 329 173 376 140 376 English 0
96 330 140 330 140 378 96 378 English 0
60 336 95 336 95 380 60 380 English 0
10 339 59 339 59 384 10 384 English 0
0 339 12 339 12 385 0 385 English 0
577 443 611 443 611 509 577 509 English 0
523 252 567 252 567 327 523 327 English 0
576 276 605 276 605 326 576 326 English 0
605 258 640 258 640 323 605 323 English 0