247 183 268 183 268 205 247 205 Manipuri 0
267 192 294 192 294 215 267 215 Manipuri 0
297 195 313 195 313 215 297 215 Manipuri 0
351.1154664721107 201.10738263567637 349.76717199999257 222.30482700000618 315.48058545980894 220.12397459723562 316.8289329106483 198.92658695580636 Manipuri 0
220 250 242 250 242 269 220 269 English 0
277.4772360033239 262.222744745495 274.70829400001094 275.6218860000294 239.77886954591668 268.4039960824129 242.54784600001585 255.0049020000269 English 0
295.13532748671423 266.0837857935133 292.70984700000554 280.7035299999969 275.4552030037303 277.84103935529333 277.88070399998105 263.2213209999985 English 0
294.2555859467393 280.55200428325355 297.01780499999586 267.86281900001677 319.94193337675824 272.852720756877 317.17974951534416 285.54187538349674 English 0
333.9502327577793 289.43679400064605 316.9637279116432 285.8139174708582 319.84428553936596 272.30882969917894 336.8307430000277 275.93170100000395 English 0
367.1868241165794 282.4457022115214 364.02195499998925 296.653426999988 335.49673870431434 290.299563632509 338.66163899998355 276.09188299998146 English 0
539.9956844239932 216.67046895752932 572.7196718232153 219.0833387229589 572.0484842001315 228.18583194309736 539.3244969999796 225.77296399999835 Manipuri 0
522 215 538 215 538 226 522 226 Manipuri 0
511 214 522 214 522 222 511 222 Manipuri 0
531 251 552 251 552 262 531 262 English 0
511 249 528 249 528 259 511 259 English 0
477 245 510 245 510 257 477 257 English 0
457 240 476 240 476 251 457 251 English 0
267 593 275 593 275 611 267 611 English 0
261 595 266 595 266 602 261 602 English 0
72 292 85 292 85 301 72 301 English 0
74 300 83 300 83 307 74 307 English 0
70 307 84 307 84 317 70 317 English 0