378 225 388 225 388 250 378 250 Manipuri 0
390 224 409 224 409 247 390 247 Manipuri 0
411 223 420 223 420 243 411 243 Manipuri 0
422 216 449 216 449 247 422 247 Manipuri 0
408 252 429 252 429 275 408 275 Manipuri 0
387 281 413 281 413 312 387 312 Manipuri 0
414 276 454 276 454 304 414 304 Manipuri 0
459 152 503 152 503 208 459 208 Manipuri 0
487 208 516 208 516 238 487 238 Manipuri 0
502.99694536261086 199.3597140392621 502.46388799998385 154.24475200000478 562.9528711904277 153.5300325561328 563.486105765769 198.64481439305294 Manipuri 0
238.36053300001367 237.13849699997925 230.1498447891936 173.33547049193018 277.4751575503615 167.2454757152355 285.6860398144636 231.0482724923496 English 0
287.3660091657075 231.87121437221987 279.818712999986 170.74061100001543 349.7363856690208 162.1086651549666 357.2839514257794 223.23895190492337 English 0
295 233 337 233 337 256 295 256 English 0
265 237 294 237 294 259 265 259 English 0
366 71 375 71 375 93 366 93 English 0
382 71 390 71 390 93 382 93 English 0
391 68 421 68 421 94 391 94 English 0
366 131 399 131 399 159 366 159 English 0
400 129 437 129 437 156 400 156 English 0
521 206 553 206 553 236 521 236 Manipuri 0
591 330 617 330 617 345 591 345 English 0
617 328 633 328 633 344 617 344 English 0
595 152 622 152 622 179 595 179 English 0
595 125 620 125 620 151 595 151 English 0