174 272 192 272 192 294 174 294 Manipuri 0
300 308 319 308 319 327 300 327 Manipuri 0
319 307 362 307 362 331 319 331 Manipuri 0
362 306 391 306 391 326 362 326 Manipuri 0
391 308 413 308 413 329 391 329 Manipuri 0
314 276 341 276 341 307 314 307 English 0
343 281 358 281 358 303 343 303 English 0
354 332 413 332 413 371 354 371 English 0
354 371 383 371 383 387 354 387 English 0
75.29187906264269 316.492961976183 84.4171759999881 286.8978159999898 125.75939698981529 299.6442922137927 116.63427234605479 329.2392911745436 English 0
195.81197022402193 313.7286132647632 189.17213699998683 341.91353600001975 119.04250964820676 325.3931938834096 125.68250800002716 297.2085119999909 English 0