221.67049302246596 124.35295435989758 288.2873024384753 126.59990776161226 284.921844000055 226.3757170000007 218.30503505378147 224.1287782225599 Manipuri 0
323.61338142734894 235.2012083219728 289.9056720000226 236.95701499999973 284.87719177253894 140.41954782448062 318.58444699995744 138.66375300000115 Manipuri 0
326.8119019999722 243.42500899999862 325.19904713568394 150.99461569270272 374.7746230397024 150.12965837258355 376.38780795779894 242.55971387843755 Manipuri 0
412.64980986117735 257.92914444457807 381.38233416422736 257.99809767503257 381.1512421097723 153.09726867861394 412.4182170000131 153.028316 Manipuri 0
414.3587309999566 172.5529780000011 468.8390894437907 169.20855347449339 474.21963400003733 256.85443499999843 419.7392778782523 260.1988361539253 Manipuri 0
436.8861751217628 271.7304772706917 413.07720207667444 273.48651112636026 410.9816214587772 245.07431306889458 434.7904649999691 243.31828399999992 Manipuri 0
451.40327392284235 278.58928277812686 432.22130428293895 277.5629530859296 434.1482689999975 241.55144599999844 453.33010537833616 242.5777721236433 Manipuri 0
446.69863299997814 284.0055440000246 443.6460346089734 239.90099996068506 477.9981648347166 237.52352879292215 481.0508995301643 281.62792500159594 Manipuri 0
632.423155024444 203.5110628234527 623.319668999975 275.5884670000034 517.5415646321198 262.2282802587975 526.6456160000234 190.15153799999877 English 0
389.6920718807087 363.2346547409964 389.97140699997544 379.23229600002884 368.54771499078197 379.60627997796894 368.2684280000103 363.6086860000005 English 0
400.80984566215193 379.63579103771986 388.4935567859793 381.0575060229064 386.78399299999 366.24891000000275 399.100231436023 364.8271979559802 English 0
329.6627328755858 366.6532325717467 329.48953029525 376.628576842271 312.46804038702976 376.3330308117758 312.64126599999145 366.3577100000043 English 0
327.84826208364393 377.00751038452324 330.23858499997004 366.0505479999838 344.28506762000325 369.11455110133636 341.8947698093689 380.0714916256066 English 0
397.6937379530136 364.77275434632156 418.2214164240577 364.51928801415073 418.4116119999817 379.921237 397.88393353934225 380.17470279163837 English 0
435.23204012191854 365.99587325426035 435.49067300002207 380.8084859999949 418.2481808106968 381.1094743132164 417.9895840000245 366.2968969999804 English 0
433.35630013745686 365.2161787990772 447.23810702467745 365.2340601915918 447.2183070000028 380.60378000000003 433.33650011278223 380.5858986455903 English 0
292.1515820000059 493.5494910000023 289.25433500728104 481.5139526222109 304.14339299997664 477.93041999996854 307.0406624705356 489.96592504687567 English 0
321.3799508872762 486.45007672765695 314.8692909999954 496.70905000000147 299.52222054278536 486.9710114986034 306.0328760000266 476.71207200000987 English 0
407.0793648974359 418.05074463134696 395.9299657757947 418.6636456559598 395.1487032778823 404.4528936917577 406.29805399999896 403.8399940000016 English 0
405.62817374382576 406.8151009966337 415.558590482251 406.9456166134108 415.383359999978 420.2765290000002 405.4529432666459 420.1460136507142 English 0
425.4990689999977 404.0975220000296 424.7067445702851 393.46727114671023 435.09133711071627 392.6933483986249 435.8836765844171 403.3235828409547 English 0
437.44391295607784 416.33536088597964 425.2196295483009 417.8607056349335 423.6697808164172 405.44141883088867 435.89401800003543 403.9160769999983 English 0
446.8959146935231 484.3289042359958 435.68386204133276 485.5350499812787 434.41089148000174 473.70361418779135 445.6228969999938 472.4974710000003 English 0
455.4871531602839 487.7350465070175 444.1648491744854 486.50944740225583 445.9391580000374 470.1212190000007 457.26139603124466 471.34681450148196 English 0