406.63972836009634 269.06704448244153 426.1615749978955 325.65653324055165 240.63372920187248 389.65073792928126 221.1134800722357 333.06260281072366 English 0
407.6500339246559 326.6424829678208 419.77489679506107 361.71739834713236 244.4745422842243 422.30727175718556 232.35074409880326 387.2332588564678 English 0
228 100 264 100 264 133 228 133 English 0
264 85 301 85 301 116 264 116 English 0
300 58 360 58 360 102 300 102 English 0
331.7403945887054 35.082983193002065 339.00759099968127 56.400615270489396 303.8469880000048 68.38684600002229 296.57980947071337 47.069229076998184 Manipuri 0
273.5239580000052 81.0437950000133 265.88784132836736 57.990017164836665 298.95803200000955 47.036188999982464 306.5941584001848 70.08994731303308 Manipuri 0
245.16825300001074 97.62193800000193 234.8281165411754 76.63391304676124 266.46488400001545 61.047550000001245 276.80502451788925 82.03555298156596 Manipuri 0
422.9733290000149 468.08272999998195 413.9531114521378 444.8650054899702 449.23982400003297 431.15796100002564 458.26010077544197 454.3755382770167 English 0
418.6025528711616 450.0395680052669 426.42102691563196 466.86624075560104 391.773641999971 482.9622960000189 383.95529904126306 466.1357347159882 English 0
362.45370399999956 498.1606879999685 354.70115949516185 478.639836491291 387.99739499998395 465.41876300000666 395.74998788193625 484.939489278504 English 0