581.7110397104989 75.18111246239016 567.9776880136342 109.5358696655569 458.21923234907445 65.65976452151736 471.95262399996864 31.30511300000567 English 0
498.38959535685717 103.27569891070182 504.29884799996216 86.6843150000034 548.4304680088826 102.40227282027618 542.5212504151568 118.9936269884385 English 0
411.77482840976154 390.7427541775814 392.06030991517764 388.4949206813537 394.1718712358852 369.97804541030865 413.8862869999866 372.22587299999714 Manipuri 0
255.4317939770408 357.4086002948621 253.9690332212922 373.03728253878313 222.05253372092557 370.050262540899 223.51535499998135 354.4216479999756 Manipuri 0
496 322 514 322 514 343 496 343 Manipuri 0
510.397572883885 341.6128176131301 514.7509430000355 327.22908400001023 540.7931195107085 335.11031404388905 536.4398071554751 349.493998351351 Manipuri 0
521.9433851259964 348.1837447627399 516.5349240000069 373.13289000003226 463.16415842899005 361.5640296754958 468.57274800000596 336.6150639999727 English 0
515.1828748287517 373.5048531993082 521.2308579999808 351.1430259999987 569.4990729717392 364.1962890775948 563.4512685423397 386.5579628431996 English 0
443.69364702739404 373.0062486972356 447.6555769999686 359.148351 488.924955320108 370.945871137885 484.9631215309637 384.8036865359884 English 0
512.8270003995567 376.6057944878206 509.4664829999965 390.1268940000313 486.01604198913265 384.29911936434996 489.37659000002895 370.7780659999864 English 0
508.138895442753 388.83781857965846 511.9958250000491 375.9034179999675 545.1258865244745 385.781396175544 541.2690324190771 398.715732323889 English 0
538.8756247549463 396.5382312728505 543.1652490000124 384.1757740000244 566.6232163264795 392.3144624699627 562.333645152321 404.6768746724669 English 0
562.0058767373848 402.68960343263836 565.131967999987 391.23106999997424 584.2272847186541 396.4399905142254 581.1012327527715 407.8984902299704 English 0
458 447 473 447 473 474 458 474 English 0
471 448 483 448 483 475 471 475 English 0
481 451 502 451 502 479 481 479 English 0
506 456 531 456 531 486 506 486 English 0
530 461 543 461 543 485 530 485 English 0
541 464 577 464 577 494 541 494 English 0
22 307 67 307 67 335 22 335 Manipuri 0
71 317 116 317 116 344 71 344 Manipuri 0
42 342 174 342 174 425 42 425 English 0
3 417 32 417 32 436 3 436 English 0
32 419 53 419 53 438 32 438 English 0
55 422 96 422 96 442 55 442 English 0
97 428 120 428 120 445 97 445 English 0
93 446 116 446 116 463 93 463 English 0
53 442 91 442 91 461 53 461 English 0
21 438 50 438 50 457 21 457 English 0
4 438 20 438 20 454 4 454 English 0
0 457 32 457 32 481 0 481 English 0
33 462 69 462 69 485 33 485 English 0
69 466 90 466 90 485 69 485 English 0
92 466 106 466 106 487 92 487 English 0
108 468 125 468 125 486 108 486 English 0
3 336 41 336 41 410 3 410 English 0
271 371 286 371 286 386 271 386 English 0
287 386 302 386 302 397 287 397 English 0
277 421 292 421 292 433 277 433 English 0
292 418 313 418 313 432 292 432 English 0
301 369 317 369 317 382 301 382 English 0
286 370 301 370 301 385 286 385 English 0
283.1536490000144 500.4594530000117 283.1444660569832 487.8380334276366 306.414528000023 487.82108299996366 306.4237648758717 500.4424486078109 English 0
305.7361607806524 405.20202692513203 306.78215269203065 415.0651697452633 286.8426790000376 417.1794489999688 285.7967200265557 407.31633640976264 English 0