164.6910834420123 124.72765787598871 146.01921000001312 153.438643000027 89.86789588307147 116.9215541479534 108.5397550000198 88.21065499999241 Manipuri 0
202.92800441086 147.36265318711835 189.88485200003197 171.71098700000616 142.3346506238886 146.23915394372722 155.37780999999086 121.89089099998006 Manipuri 0
182.61524728121003 170.7841154097777 197.70388999997522 145.13575900000023 249.00023060414242 175.31217917456388 233.91170116585272 200.96043710874883 Manipuri 0
260.12661838125496 337.24976044719705 200.23235068329086 327.524466574092 220.52883500000462 202.5387490000033 280.4216036393336 212.2639184037126 English 0
154.8503266674379 165.05757088475985 223.65288862049056 175.30576264753608 205.14704399996845 299.54257899999567 136.34450599005504 289.2944986154249 English 0
388.1549136232934 295.32162166953754 405.1674649999768 268.2695650000293 452.31625918488135 297.9187229590191 435.30389784828003 324.97061291059316 Manipuri 0
509.8686790213833 334.9816765372743 494.82837600000494 362.1633150000238 428.9131726031337 325.69337293918437 443.9534889999777 298.51198600001766 Manipuri 0
433.9869505322713 428.1641276562241 421.26841471443186 447.093476203539 362.332607513672 407.4996695963156 375.05109799996717 388.57052999999337 English 0
469.20302934195206 436.8778378417587 456.9232099999499 460.61404300002744 415.8524998098437 439.36913947778066 428.13234300003387 415.6331129999911 English 0
454.19324369504466 462.2805583518818 465.39422800000466 437.0131659999893 510.05063583754236 456.80618246000256 498.84990015401854 482.073363678182 English 0
385.82251743900997 392.762743464294 417.64969399999245 324.7955249999942 576.641689241369 399.238419088068 544.8165849397628 467.20387174801994 English 0
401.29032951488625 383.6100359702288 343.554208960486 377.3956416122366 353.1713590000436 288.0595650000024 410.90619227150455 294.27388937778073 English 0
135.6708233444806 264.0726880226217 38.62641274921771 249.06755077118163 60.8934450000379 105.06823400000297 157.93593290618446 120.07321912290165 English 0
169.61549792402366 305.717401401246 156.60869198225555 326.8633864665553 90.99805637131794 286.5089331131096 104.0048470000329 265.3631269999846 English 0
211.3352548507828 325.94080132223587 199.9099849999766 348.39554100002573 154.57527799553645 325.3302918447096 166.00056900002528 302.87569000000565 English 0