294 179 385 179 385 221 294 221 English 0
385 194 499 194 499 243 385 243 English 0
336 224 419 224 419 266 336 266 English 0
276 287 348 287 348 310 276 310 English 0
353 301 383 301 383 318 353 318 English 0
389 307 425 307 425 324 389 324 English 0
431 314 464 314 464 332 431 332 English 0
323 167 342 167 342 181 323 181 Manipuri 0
345 171 378 171 378 188 345 188 Manipuri 0
380 179 417 179 417 195 380 195 Manipuri 0
420 186 453 186 453 202 420 202 Manipuri 0
318 256 356 256 356 273 318 273 English 0
358 263 372 263 372 274 358 274 English 0
271 174 293 174 293 206 271 206 English 0