370.62781369189906 200.9304136026215 370.16495046089403 213.35008803324232 347.6380739999877 212.51053999999857 348.1009578886733 200.0908870364911 Manipuri 0
386.7561695409677 202.40584578843902 386.4140090000001 215.93486600002313 368.92204236632097 215.49247217639433 369.2642207994504 201.96347031840315 Manipuri 0
366.51612540037604 212.04471201726244 365.65090600000985 226.2449529999731 325.6179245319072 223.80574587742052 326.48318699997617 209.6055509999652 English 0
405.27543889977096 213.6362536052573 405.2246269999887 229.7250639999839 367.0585317304358 229.604443994933 367.10939399999916 213.51568400000477 English 0
363.69020507532696 227.53335327540026 363.1583007211884 241.72112131923228 319.1991635740851 240.07303194976635 319.73111999999674 225.88531799999092 English 0
362.17664698386216 226.71485557517653 373.47488984545635 228.30620178721648 371.28746040922124 243.8358860298868 359.98921799997333 242.24454199999687 English 0
412.24659853796766 232.01699709575362 411.1218699999881 244.750814999983 371.3521402140759 241.23816521444266 372.47690899996087 228.50439200002566 English 0
357.0552405805938 253.38788278083658 331.06308431975776 250.89394835671723 332.1142890000192 239.93891400000177 358.1063931778772 242.43284590908058 English 0
376.95903568215726 244.14398922675394 375.22503200867504 256.2815562296762 355.67669100324565 253.48893279664733 357.4107129999902 241.35138800003116 English 0
399.27161922489177 243.90092399968125 398.7940669999807 256.72002700001514 376.3275800646079 255.88308028761924 376.8051579999883 243.06400400002678 English 0
424.1686043528898 268.10730985713906 422.435428999961 300.78762300002734 294.3738023395417 293.9953037234584 296.10739060357446 261.31542864357584 English 0
291.07636900000216 341.14500900001667 294.08500697238196 293.94085431579913 408.74896007087955 301.24817932410286 405.741007769102 348.45168459796344 English 0
528.1067696151149 348.8085330735722 526.9134155391657 373.68055200577317 461.92744959356787 370.5624449536197 463.12100900002406 345.690641999976 English 0
454.85880878281023 382.55771515827297 454.9699320000218 371.49602399997747 497.00897460345004 371.9182046255504 496.89791728931596 382.9798304966878 English 0
506.72080150892725 383.31254443670736 497.3141475767625 381.89129339020144 498.8064130046405 372.0157769464973 508.2130409999809 373.437026000003 English 0
511.1244589999842 381.4819350000246 511.8438654620695 371.1958391888286 537.3729427800572 372.98112365280105 536.6535755823861 383.2671824648205 English 0
437.7640430520114 383.48043567613956 437.75853156294033 395.69178058902315 408.3176159999857 395.67840699996674 408.32317953405436 383.4671141867624 English 0
460.99901802124805 383.67951771171846 461.13190413161647 395.3951779722698 439.20173147191235 395.64384104912955 439.0688829999999 383.9282180000115 English 0
479.6925470135466 395.3230710523677 461.3318561761844 394.55060034118907 461.73561727133347 384.9553903655557 480.0962569999683 385.72785999999945 English 0
488.2518466527108 395.2087479414872 480.2724671409669 395.2488153848617 480.21876324157347 384.55234538121744 488.19811800000025 384.51227800000015 English 0
501.3278147389792 384.0046669309482 502.0719077051763 395.21647944272684 488.99531738519727 396.08420921828036 488.2512470000074 384.8724179999959 English 0
517.5783842334204 396.1901850594915 505.18476890232705 397.2253297426504 504.1665694450785 385.03572084642826 516.560141000009 384.0005780000009 English 0
519.7305899999628 395.9842630000153 519.6925443135842 384.57841953879813 544.0499709999858 384.49715899999273 544.0880568730063 395.90296212989955 English 0
298.2701100225677 402.59651032269585 288.6642838965781 402.3901702488705 288.90131515508983 391.35760726223344 298.50710999999137 391.5639469999992 English 0
299.57493499998236 403.0441779999961 299.44766184838954 391.81391333513454 321.37776348878106 391.56538908141096 321.5050726163463 402.79561737174674 English 0
321.96941800000786 399.9766429999853 322.7944278565701 390.4398143870705 344.3097853675863 392.3008278496962 343.4848081484961 401.8376260839113 English 0
309.94533991688513 403.7692474928085 310.1405369400163 413.09332328558173 286.6021839858877 413.5859724289832 286.40702099997725 404.26192999997386 English 0
286.2115339999582 425.9901109999967 286.3945324904489 413.19626722214053 306.0597370000323 413.47750499997335 305.8767783444637 426.27130947622027 English 0
428.8828589110926 414.9353269947501 428.70340828754706 428.456116637759 309.1159747398342 426.8678974794409 309.2956750000303 413.3473610000072 English 0
501.7583320882113 427.51849895455996 431.2557299991022 427.54390680555684 431.2517450937594 416.13805780556726 501.7540949999966 416.11265000000003 English 0
311.3080071690638 426.319212295063 311.46817725857545 436.8784199214033 286.3346878441371 437.25953802518865 286.1745610000071 426.7003730000178 English 0
313.3224319999863 435.7272129999935 313.58097120784805 425.07405632175727 376.4921560000221 426.60036700003593 376.23372683287016 437.2534160748794 English 0