26.19525900001463 73.08672900002033 28.48855510550493 34.199010499488466 91.60762799998338 37.9212629999818 89.31438540690579 76.80893040017287 Manipuri 0
89.31818800003384 79.61215000000212 91.82613385390141 37.8279347022991 206.6171337576816 44.71773722127847 204.1093049675692 86.50184243297284 Manipuri 0
200.7791349999752 86.38519900003077 206.60664484850713 45.28479305030359 260.5212329259666 52.92915982668951 254.6937877365417 94.02950738686742 Manipuri 0
254.8365018521872 79.6238385804502 256.23221699999704 53.7526969999945 332.3034529671713 57.85658446670907 330.90779090081924 83.72767513334375 Manipuri 0
389.6394714122289 58.488056003215334 386.9684440000128 101.52931500003544 331.06415233509324 98.05997763979386 333.73524499998894 55.018787999999425 Manipuri 0
19.240701000016998 129.01844000002288 22.986446263894322 72.92376096508403 249.18759456821135 88.02760018117753 245.44239353446756 144.12176454624398 Manipuri 0
345.9663418843411 96.24351461945265 340.1018230000045 154.6268940000066 245.04788304409885 145.0786570393921 250.91262299996743 86.69552600003126 English 0
423.234753910001 97.0843874968749 420.02642400002514 157.4179220000308 338.3816017002391 153.07611099820411 341.59014700002444 92.74280200002079 English 0
38.25309299994842 229.06814800002616 40.235845210190746 138.51856846631728 260.96003022052173 143.35062776495582 258.9786930701666 233.89882590872537 English 0
269.8379906084301 237.15523217236927 272.9043470000033 149.39955900000012 435.11348403837474 155.0669068233666 432.0482015757443 242.82153652132808 English 0
434.1440049999801 254.41595100001007 438.56380184122827 155.1040346000784 589.2034566692746 161.80770122703177 584.784869877185 261.1184430299781 English 0
196.4444519999961 282.12463999998295 198.22793227416696 246.17310284629863 296.4179415660328 251.04356271234226 294.63482779487094 286.99474894080095 English 0
298.8478469999973 285.7006449999995 298.9844210751471 246.83215519185947 390.6648111191316 247.1540440305443 390.52859147552226 286.0221803497728 English 0
215.11942199998884 320.2264989999917 216.67737660383864 275.629311357337 277.4530523564317 277.75225740624796 275.8954095234367 322.34914295478006 English 0
414.1995022175979 324.29778170460935 277.66098115251225 319.5300614930914 279.1687877140066 276.371198172526 415.7059929345269 281.1388953888819 English 0
521.5478591017745 329.4868511400473 406.9283390847704 323.3409172940301 409.3188434453623 278.77279499179605 523.9372130000265 284.91869800000137 English 0
161.82206417630368 390.379181798495 162.81718788581202 486.5004942111408 0 488.1819480000138 -0.9925475090858527 392.0631133246206 English 0
263.55975928781845 484.6802386595359 165.2162875499198 484.4526447386749 165.454642859695 382.1943838493503 263.7948630000028 382.421974 English 0
351.1276323461061 483.4170972197114 271.24357591412263 481.2888047263509 273.9290319043357 380.556384726204 353.81051399999706 382.68464300000073 English 0
482.58602566158515 382.79021309129695 480.3220650000003 483.6075550000314 359.1380439756904 480.8844484919819 361.40392000001157 380.06906200002226 English 0
106.87540564969822 575.6335232620461 77.96473200003675 571.8234540000022 83.81339386971376 527.4563897834862 112.72354299995641 531.2664239999956 English 0
181.47584904843825 566.4358064730702 144.01096886213054 565.1277952425423 145.02851656587154 535.9957555980302 182.49294900000677 537.3037589999997 English 0
112 533 143 533 143 576 112 576 English 0
185.88418899998942 565.5094689999831 184.26803796173772 538.569139723007 253.86418800000683 534.3946970000295 255.48069810487505 561.3346419203624 English 0
561.9287480908679 549.2466959784358 521.3220220000221 555.6176119999967 516.9997223352402 528.072802124152 557.606002960747 521.7019216987719 English 0
577.0454124608659 553.2423878987963 559.3121432260523 553.9453372917545 557.9826596233761 520.4102186995193 575.7156920000125 519.7072739999996 English 0
133.20758019654022 570.1511161401177 134.54616628296208 602.5578597219821 91.37750699999742 604.3401510000028 90.03923851101717 571.9337129803407 English 0
135.70326649925846 567.8259211049333 221.51329200001783 565.6733849999999 222.39688344743627 600.8886448803837 136.58685863949358 603.04116450652 English 0
222.8805889999785 598.1295380000178 220.61795618603355 564.8487569129285 307.39669499998854 558.9499780000363 309.65990425385826 592.23013515111 English 0
337.52477097434166 591.3301953301875 310.06163654899865 590.8682295021234 310.6431374987005 556.3195625784343 338.10586699997657 556.7815249999995 English 0
341.3463960000081 589.3030930000231 340.4506271151331 558.9065553939375 424.30959469995287 556.4353937461001 425.2058901611599 586.8313882286501 English 0
300.45281999999133 560.8680529999729 299.0922737408255 529.5856576442993 369.17026199997053 526.5381909999755 370.53123157929804 557.8201423064936 English 0
254.1710520000197 561.4124180000262 253.07929790993512 533.4396577122525 298.97248900000704 531.648792000018 300.06449346583395 559.621291219262 English 0
393.744994479639 557.1916231806542 371.86173599999165 556.8800249999999 372.30139153747587 526.0198267562905 394.18437799999083 526.3314229999997 English 0
450.6885330413206 555.3115628751555 398.201686057655 559.3036164241877 396.05955817416543 531.141516784477 448.54580899998837 527.1494860000024 English 0
496.63733502442483 522.2017093526609 499.61835200003406 550.5385829999889 452.31351195063326 555.5135715569213 449.33278899996367 527.1769680000256 English 0
478.2752953408635 553.0333251079985 480.1510157586745 582.6421847689612 425.16838208764966 586.1239989340653 423.2930270000361 556.5154850000015 English 0
502.95877800002927 549.5749529999973 546.1897211878386 541.9869548830003 552.2961969501193 576.769229546373 509.0652683468943 584.3571714865143 English 0
552.9878484595247 583.9074131558858 551.6790809999657 551.2763040000085 569.8354736823967 550.548292565365 571.144360992912 583.1792763856955 English 0
570.4553370000212 550.8517040000014 627.7525154632895 545.9058195529208 630.2784562497982 575.1616252683589 572.9812817382481 580.1074793173842 English 0
606.6565242240904 546.7144551494371 579.2759828449198 549.5468865711177 576.4716157984367 522.4419460880071 603.851863000018 519.6095299999992 English 0
-1.131007706935634 602.1899588444528 0.000014433680917136371 569.8206389113808 36.897603000033996 571.1095450000024 35.76685021922458 603.4786041050469 English 0
226.00808099996357 633.887998999978 224.16163317051542 597.4664622721118 316.84365599998273 592.7685590000069 318.69083316632896 629.189322046197 English 0
111.6655229999742 632.0556289999687 112.04599816868722 605.0987719099129 165.7200870000088 605.8559709999847 165.3399497549981 632.8124945438792 English 0
223.5866827719292 635.8363463019679 195.30644600003143 635.840659 195.3006349995121 595.9977266587247 223.5803560000204 595.993414 English 0
190.9357599123905 635.6880221481374 168.57032275576785 636.0221186484013 168.00848993058025 598.4087406159115 190.37354099993536 598.0746470000006 English 0
408.34670575801283 586.2408055876322 412.05636914251954 627.3080130069418 368.0131139999867 631.2849630000227 364.3038938388054 590.2181664572329 English 0
529.783642993425 581.8362648892886 532.8181442240748 622.847720231075 412.38397000000987 631.7541469999993 409.3506590825564 590.7438072447114 English 0
359.7078167627478 636.3963493070767 314.35200053943845 633.5606322886424 317.18380634840287 588.2877362372279 362.5386889999936 591.1234239999994 English 0
532.609975000014 626.2300100000315 526.3988518853148 579.9672234623758 603.0285865993937 569.681597623716 609.2403777168511 615.9435861530811 English 0
82.11892907274887 565.1262118172111 82.74830885326082 602.8564660682391 38.88931000001321 603.5875030000302 38.260295669169864 565.8576083345718 English 0