380 464 430 464 430 525 380 525 English 0
328.9430892033124 283.56166921988245 320.87251683638897 309.08379485745354 260.2259700149443 289.9071417501703 268.2966360000137 264.38518899999127 English 0
323 575 351 575 351 591 323 591 English 0
352 571 376 571 376 587 352 587 English 0
401 567 416 567 416 581 401 581 English 0
400.02595358120743 583.765673695315 378.11669709335547 587.2120146757616 375.55225583695574 570.9127847800921 397.4613600000157 567.466456000002 English 0
417 564 436 564 436 579 417 579 English 0
281.5094640839379 463.9051470911502 287.55395000000135 401.37219900002486 370.79209060641006 409.41686586107124 364.74852467472374 471.9489623191259 English 0
426.9234581312048 421.0186019478555 420.28729999998177 461.2774890000006 361.8523619536427 451.64617106359754 368.48882699996466 411.38767100001235 English 0
437.22624000001815 412.4583099999835 421.2205880101101 380.1348762936214 485.51504199997 348.30145500001333 501.5207528466999 380.62455903770257 English 0
453.08129249962803 264.6374092208922 462.35864038615546 276.71176516097006 412.4830651258526 315.031208657933 403.20580664949375 302.9569345107005 Manipuri 0
271.81247658038046 261.56202258944654 274.370314724365 252.02212879065004 305.06054203237 260.2503604685297 302.5027381548716 269.79022482725765 English 0
331.51734942701296 266.70640372590213 328.94485333737975 277.0801740216595 300.65271590698103 270.06459114318113 303.22523199996795 259.69085100002303 English 0
359.4857215374941 274.07227672972044 357.2631135240954 283.6767313403124 328.3515848254319 276.9865144291769 330.5742129999999 267.38208900001496 English 0
348.2580290923943 309.7006653916325 353.8869610000256 287.8310959999782 383.82802745938534 295.5370005785784 378.1991839785769 317.40649382086366 English 0
373.61280487835757 315.40501780012295 379.5297769999888 295.6117509999933 417.09538236566004 306.8407391173091 411.1785154651443 326.63391607409613 English 0
422.89498983547674 339.7786322701069 415.6238841222512 370.1100399694898 268.3610665604647 334.80930874123004 275.6325619999552 304.4784760000189 English 0
376.2749240795529 288.4241692663728 378.6058090000006 277.9813829999928 404.6279790550034 283.78929963433063 402.29712822787405 294.23205626166526 English 0
404.2233442719589 403.4682666015931 402.78402806361555 410.85477017763947 371.2071030357765 404.70242686502513 372.64644599999883 397.31595899997774 English 0
372.6322993962094 396.3277288066001 371.7902909999975 404.0210310000215 350.7923925605428 401.72310309757427 351.63442199998826 394.0298250000118 English 0
377.975185829564 278.4927400170213 376.48147400002927 287.1025180000357 357.44012856433983 283.7991995988617 358.93385399998806 275.18943899997277 English 0
307 253 313 253 313 260 307 260 English 0
307.3270007158135 253.34793392115043 305.40510558799724 259.811118521307 279.41526938455354 252.0831011380056 281.33717400000023 245.6199329999718 English 0
312.4671943897556 260.2647471689668 314.16602554993005 253.29299183394826 342.3385175592557 260.1575095873404 340.63970905175665 267.12924534601297 English 0
373.1821941430826 268.75849079184263 372.03813499996613 274.84867499999245 361.4059948143404 272.8514965733267 362.5500589999865 266.76131899997375 English 0
371.63018218110665 276.07078131363545 373.2124869999825 268.59135800001843 395.2738710013364 273.25826606401347 393.69158593093744 280.7376721422614 English 0
340.2467945276294 267.23996327446946 342.05028199998196 259.9874029999945 363.7846374965011 265.39176931761233 361.981168676939 272.64431349228266 English 0
317.97199764951074 252.1875042292709 319.93479199998546 242.62215499996813 334.07686575563275 245.52395119492684 332.114086021611 255.08928764135686 Manipuri 0
331.43461305800884 254.81372529771062 333.49600155095686 247.63379910952307 361.2942602093972 255.61439462184177 359.2328947527858 262.79430110716453 Manipuri 0
318.5407274866884 302.2404967700927 323.26523899995664 281.87217600000747 355.86773046292365 289.43394896009914 351.1433054504596 309.8021947929883 English 0
376.06346918677446 392.32465587390976 380.6328889999713 365.4835180000239 421.61129738626187 372.45887951997554 417.0420565015229 399.2998586649241 English 0
283.4110222826712 374.8055323807296 288.47172499998123 346.22288999999546 384.3927132814133 363.2041181640084 379.3324431075598 391.78637733691227 English 0
197.09965299996838 274.8685149999908 191.93876584955433 268.25250641758817 213.44189768766228 251.47962775530286 218.6027765848121 258.0956187445441 English 0
226.57868434391276 242.55650791431978 231.27385905361734 249.35492005866143 217.62189722481708 258.78289453173704 212.92673429910792 251.98449289920723 English 0
246.11554962139053 228.09908975728587 250.78032925826847 234.40311710433392 229.16157822110108 250.39960143188668 224.49681522179162 244.09558915626923 English 0
209.49650999995356 254.2852309999844 206.60895181557862 250.6719451953111 216.979750978644 242.3845002998033 219.86730687276577 245.99778167331777 Manipuri 0
223.12529688628274 238.62077666156404 225.71469745897048 241.48551637843667 219.64276515733218 246.97361289603393 217.05336678358435 244.10887529525786 Manipuri 0
229.69911733584013 233.94286673412745 232.40835889446316 237.26398181273657 225.40322623986867 242.97826204353294 222.6939875408425 239.6571496260381 Manipuri 0
237.8435322108271 228.25446725637605 240.31815068527067 232.46316404845103 231.83135100000072 237.45300400002895 229.3567366572097 233.2443107937329 Manipuri 0
264.2725369999971 215.1929529999789 261.7780500106164 211.37580614397035 284.1583656700823 196.7508340616087 286.6528512894729 200.56797308362212 Manipuri 0
340 488 350 488 350 498 340 498 English 0
352 490 360 490 360 497 352 497 English 0
361 489 368 489 368 496 361 496 English 0
315 498 324 498 324 505 315 505 English 0
327 497 336 497 336 505 327 505 English 0
339 498 348 498 348 506 339 506 English 0
349 499 359 499 359 508 349 508 English 0
360 499 371 499 371 507 360 507 English 0
324 509 333 509 333 517 324 517 English 0
336 509 348 509 348 517 336 517 English 0
349 510 355 510 355 518 349 518 English 0
357 509 368 509 368 518 357 518 English 0
315 487 340 487 340 499 315 499 English 0
317.3775017828302 526.1264585741707 320.4814510000142 518.2477479999706 342.8754749939253 527.0684141091159 339.77156960361754 534.9470875404876 English 0
361.73732299997937 532.1922230000324 359.322458608367 524.1132579435658 372.87766100002045 520.0623309999908 375.2925382248941 528.1412737017685 English 0
207.24408900001436 328.32416699999436 202.09289488600916 322.60990032211316 230.09391455481818 297.3698982269357 235.24508961039828 303.08413986597907 English 0
235.19977200005087 311.4643320000275 231.62380053858215 307.2914933167975 240.5712746809877 299.6243679702977 244.1472424852691 303.7972010692757 English 0
249.73898203148565 290.81747890433485 253.66547277852078 295.4855026339606 242.33080196419905 305.0189798923582 238.40431937096582 300.35096381967077 English 0
233.22035600001982 305.7950430000086 228.81924415640242 301.10440048633217 243.34160391161276 287.47933718216603 247.74270698115288 292.1699693819155 English 0
300.0742203835398 192.13103695956568 304.05106458660157 198.30071185776123 264.7386980523879 223.63977790431906 260.7618791641289 217.47012529405583 English 0