29 229 168 229 168 266 29 266 English 0
170 231 216 231 216 265 170 265 English 0
222 233 305 233 305 266 222 266 English 0
307 232 375 232 375 266 307 266 English 0
378 235 444 235 444 267 378 267 English 0
232 277 322 277 322 303 232 303 English 0
328 279 444 279 444 304 328 304 English 0
30 173 71 173 71 223 30 223 English 0
80 174 120 174 120 224 80 224 English 0
131 194 209 194 209 230 131 230 Manipuri 0
215 197 252 197 252 229 215 229 Manipuri 0
258 192 311 192 311 230 258 230 Manipuri 0
314 201 377 201 377 229 314 229 Manipuri 0
380 197 441 197 441 226 380 226 Manipuri 0