457.2462103579164 119.76003797448867 451.2219942018419 139.72984611665487 387.0768370036967 120.37951623283705 393.1010869999591 100.4097680000298 Manipuri 0
384.87348168884637 97.67644163413196 377.97277999998187 120.7181729999803 293.22901332321635 95.33852362263116 300.1297569999588 72.29686500002796 Manipuri 0
153.94397432959522 87.04743814108419 163.18176799999492 57.16323000002185 213.66022520269325 72.76703431504993 204.4224866458535 102.65119543585656 English 0
199.7136005711218 99.5851491624301 208.11889299999166 70.18518100000394 291.74018363730283 94.0918457570629 283.33499915577704 123.4917213288706 English 0
281.65551511490776 123.73440792225517 288.73308299997007 96.19903399999869 355.491476351599 113.35809911533732 348.4140059859783 140.8933887861399 English 0
349.0814600000158 114.00350999999928 373.42244847110123 112.66909371134135 375.34397100003844 147.71902799999978 351.0029827204562 149.05344200748806 English 0
402.4705253045249 157.02990176373936 377.36481047293637 157.81956163332103 376.26009300001897 122.69627899999952 401.36571639362955 121.90662056677331 English 0
455.04051368341607 142.19358354953982 448.2906920000096 169.13076399996902 398.2003214710858 156.5794091126909 404.95019399997545 129.64230599997535 English 0
446.05599309608806 169.97295008496766 451.68777099999716 143.4076339999779 510.7650548274978 155.93158033461486 505.13338847966224 182.4967989677322 English 0
500.7560046188155 185.32750618780278 506.25987699997495 157.72080700001797 554.580150573529 167.35404887238727 549.0763801488356 194.96065855615865 English 0
321.7055497457477 154.65172385215374 326.14082613101345 138.0924753646858 387.04260124439315 154.4042359536105 382.6073947590339 170.96342437763607 English 0
432.3883164618019 167.80635231731742 427.587291000018 184.48810600001977 383.0933045659913 171.6828860731382 387.8943589999835 155.00118099998966 English 0
372.8296170154499 183.00952237608675 341.54975369223393 176.86211719611535 344.26144499993825 163.06466699999584 375.54125320770254 169.21206659809783 English 0
376 172 393 172 393 187 376 187 English 0
97.28835461726703 95.57258116468122 99.8126339999726 84.94055999998004 137.31754959277168 93.84499276289387 134.7932869282522 104.4769994215502 Manipuri 0
99.77722890260338 110.18835312443571 102.18356699995638 99.38021300003108 135.38214490326936 106.77151118244089 132.97582388899173 117.57963643094271 English 0