451 272 596 272 596 334 451 334 English 0
596 296 640 296 640 344 596 344 English 0
488 238 612 238 612 281 488 281 Manipuri 0
613 263 640 263 640 296 613 296 Manipuri 0
132 178 218 178 218 218 132 218 English 0
221 192 324 192 324 235 221 235 English 0
330 213 394 213 394 248 330 248 English 0
210 222 310 222 310 257 210 257 English 0
160 234 197 234 197 255 160 255 English 0
198 241 218 241 218 258 198 258 English 0
220 246 296 246 296 273 220 273 English 0
299 259 312 259 312 274 299 274 English 0
315 262 349 262 349 280 315 280 English 0
113 247 182 247 182 271 113 271 English 0
184 258 197 258 197 274 184 274 English 0
199 260 271 260 271 286 199 286 English 0
274 274 284 274 284 289 274 289 English 0
286 276 309 276 309 293 286 293 English 0
311 280 391 280 391 308 311 308 English 0
140 268 186 268 186 290 140 290 English 0
186 277 229 277 229 298 186 298 English 0
234 287 276 287 276 309 234 309 English 0
278 293 308 293 308 311 278 311 English 0
308 299 355 299 355 321 308 321 English 0