232.27378603172838 274.5937301046063 236.00561568564444 292.4284202782913 198.36835987181985 300.3032421924413 194.6366140000464 282.46862500001845 Manipuri 0
259.4376398361783 272.4996361524038 261.90178619974176 288.067380446936 236.03492499998538 292.1614240000163 233.57082661925233 276.5937224855151 Manipuri 0
243.00396620034007 291.18128471875787 247.71508633239137 317.98478005730306 174.2723920010758 330.8920725696795 169.5615330000146 304.08880799998366 English 0
192.2981350000191 334.931308000024 191.09201857085282 325.1883141381513 216.9677309999679 321.9853079999726 218.17387392038654 331.72827081496223 English 0
228.5892226872238 331.12350731372896 217.87363874987932 332.9584351328966 216.07235725641658 322.4400974392535 226.78791399994225 320.6051720000045 English 0
241.43857647803088 330.61022941193477 226.38160319642338 331.58708243439656 225.55055030738004 318.7780895050075 240.6074770000123 317.80123799999865 English 0
252.0704561554885 330.4085970858236 239.62436572597653 330.35283406713506 239.68427168263588 316.98776507127207 252.1303220000118 317.04352799999987 English 0
248.9625199999864 317.4887339999891 244.2020073144522 288.0365362437935 307.3502010000084 277.83011700001487 312.110880541004 307.28210566631833 English 0
426.85057806724217 166.928756397577 402.1390299999621 170.1501280000034 397.58400338323554 135.20819124225233 422.2954550000577 131.9868259999961 English 0
449.5390469999984 114.37047699997152 447.7354692091467 105.24578597916737 472.12982099998044 100.42405599999572 473.93340553993767 109.54873790127424 Manipuri 0
513.0536045270128 101.99720834432497 473.5016764744796 110.17141939064169 470.4730371439655 95.51697754090513 510.02492300001904 87.34277099999684 Manipuri 0
514.0436770000088 97.54946599998493 510.7022470699303 82.60805951322473 558.571787999972 71.90275900000904 561.913234190506 86.84414237081873 Manipuri 0
564.0951839999616 83.62142900000494 560.337276354112 69.56538791793167 605.01995300001 57.61941999997451 608.7778714290471 71.67544408833362 Manipuri 0
428.1746310000017 160.02816599999736 419.8396343681816 126.68504209740018 525.7247859999916 100.21639200001115 534.0598990322178 133.55933787457457 English 0
537.4712708417064 131.79892445609192 529.7441638604505 92.04819885601337 604.583655000024 77.5002870000105 612.3108506859717 117.25089252720144 English 0
489.252548000004 185.4821459999996 480.2364257723093 146.67936802946483 583.4766390000004 122.69094100002164 592.4929239998892 161.49348231194233 English 0
523.899660200841 202.15579917875976 473.68083790708624 210.04997279885242 470.63262045790907 190.65883225188077 520.8513010000024 182.76467000000537 English 0
542.9354563060042 195.74044803370475 522.4218762882083 196.74632135659738 521.6672930000641 181.3574099999984 542.1808288252214 180.35153776162528 English 0
527.560943374192 244.29634694685006 442.67322786385193 262.18300738649344 438.7934965135355 243.77045797940184 523.6809319999884 225.88382799999476 English 0
569.7327932362532 220.27323329644344 571.466940319151 238.50494241551604 533.5325365140307 242.11291445998756 531.798454000018 223.88126500003037 English 0
622.2591273884609 205.5664629507676 627.4342865918879 227.7773542917344 580.8278031126974 238.6361699264229 575.6527450000431 216.42536599999653 English 0