449 253 590 253 590 296 449 296 English 0
596 256 640 256 640 299 596 299 English 0
478 215 600 215 600 241 478 241 Manipuri 0
606 222 640 222 640 251 606 251 Manipuri 0
118 204 201 204 201 233 118 233 English 0
208 207 308 207 308 237 208 237 English 0
319 212 380 212 380 239 319 239 English 0
200 238 299 238 299 260 200 260 English 0
152 257 187 257 187 273 152 273 English 0
191 259 209 259 209 274 191 274 English 0
213 261 287 261 287 278 213 278 English 0
293 263 305 263 305 276 293 276 English 0
308 263 341 263 341 277 308 277 English 0
106 276 174 276 174 291 106 291 English 0
178 277 189 277 189 292 178 292 English 0
193 277 264 277 264 293 193 293 English 0
270 280 278 280 278 294 270 294 English 0
282 281 304 281 304 295 282 295 English 0
307 282 386 282 386 299 307 299 English 0
137 293 181 293 181 309 137 309 English 0
184 296 225 296 225 312 184 312 English 0
232 299 272 299 272 316 232 316 English 0
276 299 304 299 304 313 276 313 English 0
307 301 353 301 353 317 307 317 English 0