436 210 581 210 581 272 436 272 English 0
582 203 631 203 631 251 582 251 English 0
458 170 582 170 582 213 458 213 Manipuri 0
586 169 624 169 624 202 586 202 Manipuri 0
101 228 187 228 187 268 101 268 English 0
190 212 293 212 293 255 190 255 English 0
300 204 364 204 364 239 300 239 English 0
188 244 288 244 288 279 188 279 English 0
143 281 180 281 180 302 143 302 English 0
182 279 202 279 202 296 182 296 English 0
204 268 280 268 280 295 204 295 English 0
284 266 297 266 297 281 284 281 English 0
299 261 333 261 333 279 299 279 English 0
102 303 171 303 171 327 102 327 English 0
173 301 186 301 186 317 173 317 English 0
188 289 260 289 260 315 188 315 English 0
264 288 274 288 274 303 264 303 English 0
276 285 299 285 299 302 276 302 English 0
301 272 381 272 381 300 301 300 English 0
135 319 181 319 181 341 135 341 English 0
182 314 225 314 225 335 182 335 English 0
230 308 272 308 272 330 230 330 English 0
274 303 304 303 304 321 274 321 English 0
305 296 352 296 352 318 305 318 English 0