87 166 113 166 113 183 87 183 Manipuri 0
116 172 134 172 134 186 116 186 Manipuri 0
227.39826636214275 204.35829186263226 137.89336146001006 188.0081866294091 140.25996079253673 175.0535820298336 229.76470299981884 191.40367199999602 Manipuri 0
233 194 262 194 262 209 233 209 Manipuri 0
266 197 327 197 327 220 266 220 Manipuri 0
292 223 355 223 355 255 292 255 English 0
104.31110499688657 210.5133593190493 108.1573589999607 188.685478999971 287.1715247441898 220.22721552354807 283.3256305940449 242.05477619333828 English 0
90.5800702029228 185.21334565774714 86.63361157028703 207.10349661271079 45.9420549999777 199.76754799999242 49.888563648128184 177.87746170879717 English 0
414.53672954346985 270.3069089359144 407.51733500001137 310.80064000001926 6.644637531207991 241.30585218323642 13.665257999964524 200.81367999999242 English 0
5.663674341631122 262.88553749321756 8.533717999962391 247.1098849999878 106.40188832177955 264.91363840355 103.5320192106883 280.68913684817096 English 0
110.50231883127708 278.65655598746207 112.55412699996668 266.7076650000339 259.77112593223865 291.9846082227624 257.7195315645804 303.9333093424419 English 0
314.5280436025496 302.28400310117337 312.46891129056166 314.20488652128563 262.11947778370813 305.5082955797656 264.17866399999184 293.5874809999979 English 0
363.6302884075849 312.6240364374426 360.9724937150895 324.47312398016555 318.50433705018077 314.94792741104874 321.16217399998277 303.0988999999838 English 0
367.63393900000665 323.893260000024 370.0548845141748 311.2985300737737 401.10743562996504 317.266935631646 398.6865441482223 329.8616180760339 English 0