372.30712354132265 195.32020052987247 367.8431029999774 217.95889800003522 336.4328066015878 211.7653766985759 340.8968679999816 189.12673399996734 Manipuri 0
420.6069202247454 203.83928976101572 417.34758375758247 224.0712248775432 370.59929860712145 216.5402722495566 373.8586950000172 196.30841199999128 Manipuri 0
316.005864000108 227.26645999996552 321.9126794933254 200.57470612253763 372.9551640000136 211.86984699999414 367.04847993227304 238.5614861893943 English 0
432.11817889416125 252.27004474344568 368.31271164439386 237.8812554635863 374.2086204451334 211.73823710281394 438.01380299999437 226.12699299999719 English 0
365.958992380547 238.77268581665604 359.4921517709008 270.105700341145 284.5110745819693 254.6306644523719 290.9780760000285 223.2978700000048 English 0
357.67705705278786 267.37429121587394 365.8989470000233 236.5270360000113 405.95210096318624 247.20211065365964 397.73035350510327 278.0492434057251 English 0
402.52320899999177 277.2942830000116 406.94935719489877 246.51268626404303 470.9498398452706 255.71488002326132 466.5239113712596 286.4962791567367 English 0
342.6526534065488 266.47148008664504 335.0132940000185 302.14098599997556 294.59809334184683 293.48559193958545 302.23756300001696 257.8162390000158 English 0
337.7149543738051 300.6628589198844 345.94330140309467 266.257324522466 384.9399120000453 275.5831079999686 376.71173611452105 309.98849413423187 English 0
449.4394359942089 285.77687108666765 443.3929060000082 319.0305870000068 382.1149221502128 307.88882648873755 388.1616280000162 274.6353389999997 English 0
343.4074296907784 310.33583439062323 337.3217166471295 333.26381845120625 287.4929140000313 320.0386709999667 293.5787146392977 297.1108252019516 English 0
336.66460400003416 326.97176000002594 341.34734811173985 305.7055797172295 410.32035915734014 320.8918713078683 405.63782301142055 342.15787068436447 English 0
454.7636605554726 327.5909478927218 449.84412420977606 351.4157109448969 407.0427327759535 342.57829245115516 411.9623639999918 318.75365899998076 English 0
107.29196314452565 547.6329631398321 124.46158713137265 456.98382596341696 154.490638999996 462.6707069999932 137.32160687191936 553.3193233099208 English 0
137.87051045575936 576.1578147061016 108.45439082258963 570.0894009886612 112.59974828048144 550.0003941805996 142.0156240000506 556.0687820000016 English 0