442.94383458771335 110.67400991948107 438.32733227107383 131.01540255763365 372.9886336612253 116.18674000265062 377.6051759999973 95.84540500000844 Manipuri 0
369.2069338711008 93.69266654165753 363.9303639999707 117.15963699998497 277.6226412293181 97.75323196035976 282.89926299999934 74.28633499997616 Manipuri 0
138.0985197341215 99.19837891814961 145.22920299998077 68.74257399996858 196.6731618421909 80.78718011719319 189.54254080548708 111.24293108427908 English 0
184.63124529531342 108.51282159482477 190.965228999994 78.59814899996663 276.0504551986378 96.61346764774521 269.7165855264757 126.52804049219645 English 0
268.0581391444139 126.887279742853 273.19768100001966 98.9252719999672 340.9903900648351 111.38570219027861 335.85094534035306 139.34762392722752 English 0
334.6410299999843 112.47668700000258 358.8296467757755 109.44759942563051 363.19144300003245 144.27809599999927 339.0028271787014 147.3071784939192 English 0
390.90141384243907 151.6740358502958 365.91193987806037 154.2130359841678 362.35983400001714 119.25239500000004 387.3492204367358 116.71339933838917 English 0
442.3083796573337 133.20676546183384 437.45407599999453 160.54916799998972 386.6102163679898 151.52250973211832 391.4645780000137 124.18018200000557 English 0
435.2836200780439 161.5451959125752 439.04852499996196 134.65173000002451 498.85547850077273 143.02411505690245 495.09067585684534 169.9174887467193 English 0
490.92147881150595 173.04666995075166 494.4861330000276 145.12327899999727 543.3606212535233 151.36237212357443 539.7960587943817 179.28567978006777 English 0
310.1673005420889 154.93553525179638 313.4366384362511 138.10723534836688 375.32788952739793 150.1309594794156 372.0586202014965 166.95919912171996 English 0
421.49802448257105 160.33727495880868 417.8723819999868 177.31329599997815 372.5935589999426 167.64301225004442 376.21923600003356 150.6670389999827 English 0
363.1449482982862 179.65806429311257 331.5124657310662 175.70755739294103 333.2550899999478 161.7545609999971 364.88751663520816 165.70506436150418 English 0
367 168 383 168 383 182 367 182 English 0
82.17560082113778 111.65485302492155 83.95208199995977 100.87264700000208 121.98677791529917 107.13918780924212 120.21031578668044 117.92137685019145 Manipuri 0
85.67795937029587 126.06140768411905 87.32449900002393 115.1117380000352 120.95779426686931 120.16922130478844 119.31127370102331 131.11887388937245 English 0