161.30677068380464 127.46790884506098 143.13881199996104 156.5003950000077 86.3587311378069 120.9688447685425 104.52667999998084 91.93644800001643 Manipuri 0
199.9328982514271 149.43213149469454 187.31666899999254 174.004393999983 139.32916202698834 149.3663067037192 151.945401999983 124.79411699997428 Manipuri 0
180.0319924185169 173.20453459814496 194.6707150000293 147.2967529999703 246.48589134616486 176.57333590984152 231.8472849825048 202.48101698967923 Manipuri 0
260.4368093939411 338.29207035248857 200.38192325868295 329.6135050573303 218.49400299994159 204.29264999999677 278.54737216483045 212.97110365175922 English 0
152.1713751378411 167.96342993521662 221.14229850245465 177.00932822172308 204.80750499998976 301.5501549999997 135.83660044430871 292.50435607078236 English 0
387.71385736050433 294.1359265465857 404.2516730000352 266.7910669999748 451.91070939450583 295.6128332633496 435.3730858636118 322.9575252760326 Manipuri 0
510.1011878628924 331.6657132223779 495.53760100003274 359.10571699997257 428.99598014744697 323.7917238754105 443.55959300002723 296.35197199999766 Manipuri 0
435.85728653502883 426.15828885750295 423.47107958725246 445.3067405412875 363.85326053168683 406.74755301367713 376.23943400001735 387.59931199999863 English 0
471.22005262383027 434.2560617061305 459.35640899995633 458.2029870000223 417.92122489161557 437.6781239159882 429.7849010000209 413.731377999982 English 0
456.6560077775648 459.9169216286235 467.41424499996356 434.4578650000283 512.4092189566 453.4684713713856 501.65123097394826 478.92731658033665 English 0
387.08249418457854 391.60296150407476 417.71851500001503 323.09057299998807 577.9853506646759 394.7472377198071 547.3514075890853 463.2578588772328 English 0
402.38810609749635 382.1816376336654 344.5523278113251 376.97573740938566 352.6088690000324 287.4855090000031 410.44335827558825 292.691350774939 English 0
134.7228598844231 267.2981971473595 37.4313120367151 253.9889688098103 57.18183199998748 109.62300199999885 154.47140440592193 122.93209259584646 English 0
169.38913818179572 308.34413809691483 156.75336460662948 329.7139057428351 90.44843115843832 290.5106687780945 103.08419900000445 269.1410840000069 English 0
211.45547574124066 327.836349264079 200.42384599997604 350.48707600003183 154.69350616527663 328.2165456752689 165.72516400003224 305.56595899996836 English 0