335.91424395985086 185.73231140497631 337.8634030000103 208.72444999997484 305.96289873203204 211.4286693628823 304.0137980000145 188.43658500002726 Manipuri 0
384.69135134946555 180.6081607385852 387.1351046637574 200.95469445601321 340.1219551299437 206.60101038116022 337.67827800002124 186.2545460000032 Manipuri 0
290.59976199998346 231.9597329999806 288.9202433992614 204.67389092758862 341.09906199999386 201.46220499999598 342.7786880291387 228.74793131559136 English 0
409.10600977578724 223.98982996212948 343.80612696142634 227.7449276702942 342.2676346176013 200.9895517298387 407.567240999997 197.23446199999796 English 0
341.7893382119655 229.25130454601026 344.20994034757314 261.15298486211134 267.86797874141484 266.94492807769 265.4476170000271 235.0434730000219 English 0
341.71233834320446 259.0277103139638 341.11263300001156 227.10917200002652 382.5561931915581 226.33052167007713 383.15601564267126 258.24894041049345 English 0
387.55510900002264 256.2021509999663 383.32479983793746 225.39315854170098 447.38248330970237 216.5978191129473 451.6129386927787 247.40663606653075 English 0
327.02011364694044 262.30122046727723 329.5090930000151 298.69458899999637 288.2742942169716 301.5143353988934 285.78548199999204 265.1211239999916 English 0
331.69921978631464 296.52901881384446 330.12475542789616 261.18834392158345 370.18129500000214 259.4038769999638 371.75589900311024 294.7444049308578 English 0
434.99149271876377 251.4243992148498 438.3456670000305 285.0564459999926 376.3709121033753 291.2366336572035 373.0169670000032 257.60479800002224 English 0
339.83686047438823 304.2582539217687 340.30717524001375 327.97552208156355 288.76284300000407 328.99733999998443 288.29267479959526 305.28021544495994 English 0
337.94072299999243 322.1082980000003 336.57985396166623 300.3753069603135 407.0668609220593 295.961685058118 408.4278942986566 317.6944997717075 English 0
451.6354972440604 290.151031336571 453.47402291903563 314.408795794265 409.89475782924274 317.7113217509981 408.0563599999732 293.45367699998457 English 0
178.28139515469957 597.4447193935604 169.79415697860532 505.57519004656007 200.2275670000381 502.764448000006 208.71531938042608 594.6334026116465 English 0
215.53259896805685 616.4363841012046 185.5831454860163 618.7092326355315 184.03063401099644 598.2558580545162 213.97981199996138 595.9830200000025 English 0