104.19374099998095 289.93955800000396 103.49457480930141 254.46760680314253 197.39413800001785 252.61663799998527 198.09363349937485 288.08825236780257 Manipuri 0
194.1409240000212 287.6751059999957 193.6017490021186 249.7492764505473 277.0445219999965 248.5628930000229 277.5840083337971 286.48840528539915 Manipuri 0
272.9935239999759 283.5655749999674 272.89651446277276 245.32325651577491 350.2382200000284 245.12692500001648 350.3355198496138 283.36895237760893 Manipuri 0
351.84612400000333 279.4560429999896 354.67416865540144 239.0209085102163 418.4963930000231 243.48437300002246 415.66861622988654 283.9192545487844 Manipuri 0
417.3389070000121 282.9664739999694 418.97089222067734 232.83317911119963 533.6213549999957 236.56489599999895 531.9899455975974 286.6976272242284 Manipuri 0
496.1913094444026 278.8434605730534 497.277932214638 353.36951077018034 133.55468544606993 358.66286105083304 132.47130838994053 284.13999242454514 English 0
39.23811799999385 393.3938250000238 41.549623267274 342.3742431168348 221.0133489999862 350.502675999987 218.7031655262399 401.52099046574847 English 0
257.0541349999985 396.86301999998307 262.74134970546584 336.0436868675319 364.85857400002715 345.5915159999753 359.1722920630127 406.40998028123454 English 0
573.7229284659406 408.3138100268826 367.79292356462975 409.0961584686233 367.5469304622675 343.8532713873452 573.4732039999653 343.07093000000003 English 0
153.31302700004017 447.34938799998633 155.47644190533902 410.11745292170065 249.33252900002117 415.5699569999967 247.1697059366852 452.8013290155287 English 0
441.31457857343776 467.4883806107533 291.2533704852103 462.0089918780229 293.00732180156047 414.0143450916414 443.06618000002345 419.4936910000002 English 0
251.8047209060751 494.86892059483796 171.3597995784221 487.2864981348733 174.46468107649707 454.3561679143442 254.90866799998912 461.938546000001 English 0
250.47588398927473 496.63359256718957 257.1831656519498 457.45489704351604 292.47897399996873 463.49644700000175 285.7719750417891 502.6748917548032 English 0
299.03740801302774 501.3399542711304 303.0760609138815 462.0226491155704 338.0271309999807 465.6122130000113 333.9887481882033 504.9292695384085 English 0
419.73181608460436 471.2854289448574 417.8923780000332 504.34434799998587 340.26210596850433 500.0248820719252 342.10198000000673 466.9664260000039 English 0
18.751550000015413 617.5775210000331 24.19122602463176 553.7013785347768 171.45517500001006 566.2378600000001 166.01773248665268 630.1119227791357 English 0
350.6169780000346 640.000000000018 350.62011610832997 581.0411028750584 501.80609960523725 581.0476368798049 501.8049879175669 640.0045033627546 English 0
517.3933332032902 639.9999681359953 517.394598000028 597.9132010000062 604.012984994406 597.9153944630697 604.0125599869498 640.0013203880314 English 0
0 551.995791 28.949275 551.995791 28.949275 615.114665 0 615.114665 English 0