412.61478391854325 95.60070163781184 410.8742055984476 116.38662854621154 344.1076493366563 110.79564435988574 345.84827600003337 90.00977099999575 Manipuri 0
337.23213842073164 89.04679009327465 335.2729140000156 113.0197400000039 247.10429780068807 105.81390143846855 249.06359200002044 81.84102800002258 Manipuri 0
109.13912160511245 126.66299657460087 111.96178500002134 95.51118800001967 164.58136275417928 100.27897983302074 161.75877430410765 131.4307188633344 English 0
156.51532020659943 129.4106874488289 158.62434199996642 98.90562399999622 245.3887443026906 104.90407689956128 243.2798454927979 135.40902423977306 English 0
241.6875724273268 135.9955508813291 242.8855029999977 107.59038000000474 311.75257025344763 110.4946188436817 310.5547331550042 138.89969931843416 English 0
305.6168819999584 112.4586520000078 329.1485484612349 106.09267342456236 338.31534500001 139.97712199999506 314.7836826409912 146.34309007615298 English 0
366.7849631410354 143.44460240239655 342.3920456784981 149.4367200147099 334.00892400000885 115.3107069999922 358.4017628454603 109.31859946589724 English 0
415.1214400991739 118.00260329546344 414.1197539999848 145.75448499996784 362.5144847910997 143.8917518791766 363.51623800001107 116.13993999997498 English 0
412.1091230688762 147.04289084474027 412.0944589999999 119.88717399998674 472.4845115937933 119.85451560251838 472.49925706506474 147.0101507952218 English 0
468.80622828553896 150.68913898948847 468.4499099999812 122.54139099998429 517.7169821238931 121.9177093118391 518.073369920603 150.06538670988 English 0
287.2904969559022 157.91038075908315 288.18593181611504 140.79085540768583 351.1481978226948 144.08395692577653 350.2528265035653 161.20342157190746 English 0
398.2894505976583 147.76531360605912 397.06174400002055 165.08070999998253 350.87777188338805 161.80612037819105 352.10552099997585 144.4907700000188 English 0
343.1932443181722 175.01933844831223 311.3188010043814 175.50957252837185 311.1025840000366 161.44984299999987 342.9769711319386 160.95960935264443 English 0
345 161 363 161 363 177 345 177 English 0
55.49405532627134 146.7812122231588 55.752651000002516 135.85670000002457 94.2893194102362 136.7688668246875 94.03074646710593 147.69335676450342 Manipuri 0
60.96733965809108 160.56012899333214 61.073945999960415 149.48786700001114 95.08377488557016 149.81529426817812 94.97719049482839 160.88753447578546 English 0