244.73639154210105 256.02338938235425 244.36040306733048 274.2404471724974 205.91633611518773 273.446915197924 206.29239200003212 255.22992600001513 Manipuri 0
271.6751064845448 260.09349969030575 270.57391968293814 275.8165293658294 244.44926099997247 273.9868920000216 245.55048552254448 258.26390318724515 Manipuri 0
251.46016875580244 274.5995889746992 250.0206539183273 301.7758389615976 175.55678282376903 297.83135383375276 176.99650100003055 270.6553189999923 English 0
192.2123119999742 305.8219499999758 193.22896809419035 296.05736635741033 219.16184399997292 298.7572069999898 218.14521905653237 308.52176199888675 English 0
228.4298259888601 310.2754616874939 217.57610398293764 309.6530621363676 218.18710417610419 298.9991052015272 229.0408000000025 299.62150400000087 English 0
241.06531246019586 312.66581401870445 226.1744711190113 310.2307867804669 228.2461172391777 297.5631373168369 243.1369160000031 299.9981610000039 English 0
251.47005495804478 314.86100105261073 239.3554617857444 312.0070912626776 242.42032036330784 298.9980415769155 254.53487799997674 301.8519469999937 English 0
251.34811800002353 301.57314200003265 253.33537277489086 271.80489604787795 317.16057400000864 276.06534299999663 315.1735362357431 305.8333838876273 English 0
458.54554366727825 194.8880088219536 433.7426989999949 192.46803199999715 437.16465987490665 157.39709075272964 461.9673909999983 159.81706200000136 English 0
492.47554699999455 148.7806930000019 492.7708298899961 139.48413819064763 517.6245840000047 140.2735370000284 517.3293139231828 149.570079332318 Manipuri 0
557.1456194431812 151.01221772615503 516.7685971494939 150.07974219801818 517.1141280663142 135.1195932161133 557.4910859999363 136.05206799999937 Manipuri 0
559.1108320000058 146.9011890000106 559.2161722619494 131.59100914773742 608.2669439999881 131.92845099997155 608.161642956693 147.23859188331363 Manipuri 0
611.0126490000403 144.58926600000544 610.5155553460645 130.12274019730182 640 129.10960800001416 640.4971145911986 143.57611212554295 Manipuri 0
461.3879549999547 188.46223099997707 460.7673428965063 154.09845789461644 569.892628000016 152.12743899999663 570.5134739166533 186.49097248728884 English 0
640.0001596576476 187.83876499999997 575.3148368417169 187.83876499999994 575.314996704692 148.42187999999996 640 148.42187999999996 English 0
515.174549000003 227.00337000002463 515.1185453119979 187.16657112979644 621.1086310000246 187.01730699999894 621.1649598299118 226.8537796022012 English 0
545.1829119955073 251.0435821130202 494.4753533661424 247.4390148729407 495.8673453616939 227.85915308422943 546.5747270000429 231.46371400000106 English 0
565.173976570004 249.0746454194885 544.9598447031167 245.44035914428542 547.6863700000104 230.27608099999628 567.9004476978298 233.91036228636946 English 0
539.2708053015667 292.92768027215294 452.5350927998079 291.2611502813298 452.8967650669074 272.44773329817315 539.6321349999926 274.11426 English 0
585.7658048716257 279.006835775958 583.3540791644918 297.1613416432004 545.5802965324983 292.1434994671089 547.9920839999977 273.98906700003516 English 0
639.9999994410609 276.49333600024954 640.0460197716166 299.2991898097427 592.4455092313292 299.3950693776332 592.3996050000278 276.5893320000012 English 0