473 0 516 0 516 19 473 19 Manipuri 0
516 0 544 0 544 10 516 10 Manipuri 0
428 56 501 56 501 83 428 83 Manipuri 0
400 69 426 69 426 87 400 87 Manipuri 0
450 111 537 111 537 136 450 136 Manipuri 0
22 262 65 262 65 280 22 280 Manipuri 0
71 253 111 253 111 269 71 269 Manipuri 0
123 228 236 228 236 261 123 261 Manipuri 0
614 331 640 331 640 352 614 352 English 0
513 167 553 167 553 189 513 189 English 0
552 162 583 162 583 181 552 181 English 0
435 177 514 177 514 203 435 203 English 0
399 190 434 190 434 208 399 208 English 0
573 127 616 127 616 151 573 151 English 0
537 45 569 45 569 61 537 61 English 0
571 37 601 37 601 54 571 54 English 0
517 2 590 2 590 36 517 36 English 0
422 16 518 16 518 53 422 53 English 0
66 251 213 251 213 295 66 295 English 0
103 286 154 286 154 305 103 305 English 0
154 282 177 282 177 295 154 295 English 0
178 275 214 275 214 291 178 291 English 0
58 295 98 295 98 314 58 314 English 0