42 187 184 187 184 240 42 240 English 0
181 209 231 209 231 249 181 249 English 0
232 220 318 220 318 263 232 263 English 0
316 232 387 232 387 274 316 274 English 0
386 247 455 247 455 286 386 286 English 0
236 265 329 265 329 302 236 302 English 0
331 282 449 282 449 321 331 321 English 0
49 131 95 131 95 185 49 185 English 0
99 139 145 139 145 193 99 193 English 0
148 168 229 168 229 213 148 213 Manipuri 0
231 182 271 182 271 218 231 218 Manipuri 0
273 185 330 185 330 229 273 229 Manipuri 0
329 203 395 203 395 238 329 238 Manipuri 0
395 209 459 209 459 245 395 245 Manipuri 0