183.72742095096328 188.16741111721964 256.2021800689399 205.70134976222337 249.9077104090975 231.71803601355177 177.43296399996325 214.1841339999935 Manipuri 0
256.17458640102996 228.99821163380747 261.760065999988 207.16150499997673 321.1163286572264 222.34325232360405 315.5309797006339 244.17984622709255 Manipuri 0
376.58116895720013 242.40835425128725 372.56932857708307 258.3937422475049 321.0183359999792 245.45645400000762 325.03022709257493 229.47114298898742 Manipuri 0
401.93298780257464 248.0742308890096 398.9416855098534 264.1654457139411 378.2463922621537 260.31841183991685 381.23771899998246 244.22722900000088 Manipuri 0
480.833153660933 271.386285986237 476.7445043875341 287.007003906561 421.6670652555331 272.59135302163077 425.75577199997497 256.97072500002275 Manipuri 0
121.70392965694191 293.3371608968163 128.11045599999488 262.52831199999525 277.2302712349483 293.5341554349732 270.8243316656444 324.3424910855605 English 0
310 305 379 305 379 346 310 346 English 0
233 338 299 338 299 369 233 369 English 0
248 372 304 372 304 397 248 397 English 0
305 383 331 383 331 403 305 403 English 0
361 393 396 393 396 414 361 414 English 0
417 329 487 329 487 368 417 368 English 0
335 356 402 356 402 390 335 390 English 0