263 182 353 182 353 217 263 217 English 0
355 171 467 171 467 211 355 211 English 0
315 215 396 215 396 250 315 250 English 0
271 293 343 293 343 310 271 310 English 0
349 290 378 290 378 305 349 305 English 0
385 286 420 286 420 300 385 300 English 0
428 282 460 282 460 298 428 298 English 0
286 170 304 170 304 182 286 182 Manipuri 0
308 166 340 166 340 181 308 181 Manipuri 0
343 165 380 165 380 178 343 178 Manipuri 0
384 162 416 162 416 175 384 175 Manipuri 0
303 255 341 255 341 269 303 269 English 0
344 254 357 254 357 264 344 264 English 0
240 189 260 189 260 219 240 219 English 0