239.70499779868987 210.19727373996153 237.7540350000345 230.35418499999003 193.65662779797276 226.08608986180337 195.60765499998524 205.9292510000191 English 0
300.30363962701813 215.58237765734307 298.6872610000137 237.03561500000973 240.5288439065771 232.6536832852165 242.1453179999662 211.20054999999905 English 0
301.2851132707874 236.40496937982851 303.14037000003736 216.4851929999833 340.46361817556317 219.9611881828236 338.6084299029608 239.88090120252446 English 0
191.3913819800655 243.75068225085343 194.42923399998108 227.57966600002246 228.41700953089457 233.9642448728262 225.37921395494777 250.13521144187538 English 0
294.3060223109205 240.8084734960855 291.57913900002313 260.2435950000247 227.77901854504307 251.29215716254592 230.5059970000002 231.85715000000368 English 0
343.4139906935161 243.33177796616755 341.82852915269905 258.61483817751895 294.3990292075614 253.69460386307253 295.98454999999376 238.41161100001437 English 0
341.04050024208846 183.52188006173608 338.9275610000186 219.4973499999673 277.7154315706139 215.90207349712205 279.8285240000405 179.9267659999855 English 0
187.8329686010693 203.92630654580617 191.2054779999744 166.0667410000013 274.3518490101269 173.47306560399247 270.97957893543935 211.33240843106591 English 0
405.3915472862718 218.10735844925776 403.01504800001567 233.41954600001492 369.3891927194636 228.20083538839359 371.76572700002 212.88869100000574 Manipuri 0
437.46354291906755 219.520269605508 435.0313029999961 235.44468300003328 404.7126428505726 230.8140344998262 407.14491600003385 214.889661999974 Manipuri 0
438.2425017636706 233.40515106396396 439.4897360000323 220.9728900000033 468.594053981069 223.89257259471532 467.34685331131914 236.3248027376174 Manipuri 0
519.0624894737266 229.9585203207789 517.7723789581069 241.63279489284847 490.751223408588 238.64679690233777 492.04135799998767 226.9725500000298 Manipuri 0
533.2821857397357 242.23849771942434 533.6960559999716 232.02089799997626 554.1779969383788 232.8504890349529 553.7641458977305 243.0680702146928 Manipuri 0
293.5073796862707 308.78509506053433 295.3005100000155 285.61935499998833 357.219028701511 290.4116748546884 355.42606963608705 313.5772547083052 Manipuri 0
410.1320076868433 297.0875902674657 409.2336780000187 312.28026500002534 361.65078191887005 309.46675799792087 362.54918800004816 294.274165000035 Manipuri 0
389.3476855143672 360.47210351873645 390.7908399999724 320.1020290000248 540.2047898850287 325.44183395244386 538.7624317232257 365.81113679664384 English 0
144.76382150074642 354.3210783466212 145.76782799995271 307.5706750000315 387.0616647473071 312.74950779857187 386.05908929457655 359.4984971610978 English 0
336.2996424132871 388.8180058565036 336.87648928891576 369.39928428488804 412.6129452868918 371.64857255612196 412.03631240074174 391.0670853685143 English 0
217.95569199995953 386.9176110000277 218.44879795607994 365.7015331370704 319.4374244871142 368.0479238311232 318.9446261918056 389.26370034636966 English 0
426.1047860402323 391.6309075749853 425.99913500002003 372.19576200002814 499.9284885733505 371.7936381457576 500.0343424888706 391.22857956163904 English 0
363 398 404 398 404 416 363 416 English 0
408.759167865137 413.58350618537855 408.665532983141 399.44461356203465 473.19064873801835 399.0171079436028 473.2844205521542 413.15586258226455 English 0
256.8547894965013 412.46488145078564 256.90714799995476 397.1583070000278 352.7788684636471 397.4856367577116 352.7267317353835 412.7919900305294 English 0
462.3126616860827 497.8118015045118 463.7380750000011 524.4739239999947 372.54298842664866 529.3474271531858 371.1180630000308 502.68577000001727 English 0
473.19517257281404 520.2458197569949 471.53481499997724 498.61580300003396 553.450385570759 492.3285552439519 555.111049166735 513.9582370942962 English 0
364.34789613835164 485.2912141181183 362.5986300000659 459.6004399999793 453.8863038575073 453.3852280287551 455.6359495959623 479.0755911783118 English 0
464.9247835303686 481.8432629800876 464.41577500001586 456.64973400001486 526.3846440714406 455.39772941022505 526.8939191861864 480.5909858928562 English 0
449.42503600002965 554.6365410000008 469.59688224931597 550.611479013106 474.66549900003884 576.007220999994 454.49365917389514 580.0322610761472 English 0
534.6316692381515 547.4915192454445 536.5569010000036 569.4222739999732 477.63396849361015 574.5932122177546 475.70902799998294 552.662727999967 English 0
59 464 170 464 170 525 59 525 English 0
18 467 48 467 48 529 18 529 English 0
33 545 47 545 47 559 33 559 English 0
49 542 79 542 79 558 49 558 English 0
82 538 152 538 152 558 82 558 English 0
90 575 164 575 164 599 90 599 English 0
15 581 84 581 84 606 15 606 English 0
15 547 27 547 27 562 15 562 English 0
601.998262994166 428.6670967237377 602.5040250000166 437.0710829999797 576.7371171138075 438.62147730870737 576.2313920000452 430.2175259999688 Manipuri 0