206.7483267984062 284.39867801758817 220.5501209999784 232.89027299997275 293.55751441915345 252.4517359248514 279.75617290110677 303.95975206050804 Manipuri 0
341.98725049369386 319.465874470876 285.8621540357126 317.32864479531634 288.2908840000164 253.5626590000011 344.4152202553232 255.6998742123714 Manipuri 0
435.97800669253047 287.2828040248725 424.95789599997806 338.01614899997355 341.86224958386447 319.96706260815364 352.882707999961 269.23420300002357 Manipuri 0
199.3027604657982 329.3080234280585 209.07142700001714 286.26826999999963 326.4288715861039 312.90230607609936 316.6609180950036 355.9414398601343 English 0
348.0684990980808 369.29114606513417 323.1989931696444 367.32168266729957 327.44843699998455 313.66858499999995 352.31760695889534 315.6380350938566 English 0
434.57135813398054 340.7352269769667 426.6173649999837 385.9386589999704 347.1876040365896 371.96289788100194 355.1419729999907 326.7599480000149 English 0
123.55721322957834 382.3295519539011 139.74478099997214 313.29145800003124 352.56408020926756 363.1851858746072 336.3789295184688 432.2211842700497 English 0
347.4688207139843 359.6879185521565 382.44856170844287 362.4038416380288 375.94651200000953 446.13736799999805 340.96677495967015 443.421479055122 English 0
387.8346860650345 368.88476751337885 435.9554237834527 373.2239749473073 428.7593090000155 453.01749700000045 380.6385783739097 448.6783426371463 English 0
555.9841542589857 398.46988202056593 545.2832460000354 480.28822999997004 435.62835255477694 465.9469443149564 446.3304849999986 384.13003799997796 English 0
162.92723647507955 449.67690153847605 172.9742080000142 398.4796339999979 317.26117044607236 426.78968865985786 307.215597949471 477.98572772958784 English 0
460.50515294809884 454.20233349083446 451.5014859999792 505.6013520000216 309.89539332287677 480.79763789243776 318.9000610000221 429.39989800002115 English 0
273.4486385835771 465.2841643374432 265.33088600001065 503.73787700003254 191.7988676479581 488.21687384045845 199.91699099999096 449.7636729999907 English 0
382.31803013601166 485.695004493175 373.131482999961 531.9921660000024 267.1489119686157 510.96495165812706 276.33614899998065 464.66871500002037 English 0
369.6124446968315 534.8100337671565 375.547985000012 485.9482229999662 439.8164780399384 493.75374459266516 433.8816036256321 542.6149487503696 English 0
348.70487158361357 212.0138882336049 343.45181800003047 239.89084799996726 312.8477177191962 234.12404297808928 318.10082600000896 206.24715500001287 Manipuri 0