386 460 438 460 438 522 386 522 English 0
327.66592261097685 283.2717454146699 320.49102173208666 309.0599999414915 259.2121951709123 292.0115683029827 266.3872029999766 266.2234890000318 English 0
332 574 360 574 360 591 332 591 English 0
360 569 385 569 385 586 360 586 English 0
409 563 425 563 425 578 409 578 English 0
409.18249441449007 580.8121294914757 387.40682682248007 585.0208277247347 384.2751087389479 568.8210263994007 406.05062700000417 564.6123429999988 English 0
425 560 445 560 445 576 425 576 English 0
286.55545194400474 465.16080846638425 290.4135639999731 402.4549800000317 373.8814201727655 407.58971250073296 370.02420706194243 470.29468743020266 English 0
430.38362594510545 417.22547280006034 425.1567210000212 457.69144999999554 366.421441700586 450.10535567761315 371.6486730000179 409.6397649999741 English 0
440.3815770000074 408.3108500000193 423.2575622875447 376.5657445052994 486.40192200000456 342.50782299998343 503.52596294083924 374.25260892717154 English 0
451.0681037663744 260.0266733561259 460.7611734949751 271.76989781640737 412.2533119859145 311.8066163421424 402.5603263110679 300.0634703573703 Manipuri 0
269.8023869955068 263.27934448334975 272.02571633846674 253.6559914428301 302.9843962013547 260.8081346768205 300.76110123955004 270.43145788904224 English 0
329.65039718867047 266.33691486655545 327.4415256182692 276.79414911190884 298.9217984091374 270.77022483135056 301.1306920000061 260.31302099996503 English 0
357.85879698363715 272.7222207981395 355.97275161591824 282.3983960471346 326.84536566011957 276.7212539366836 328.73143299999356 267.04510799999264 English 0
347.8814235691243 308.72075967559596 352.74363900003664 286.6680549999849 382.935346287486 293.3243222185033 378.0732186270325 315.37695051173216 English 0
373.4198317168921 313.53677103183776 378.6423759999889 293.549048000016 416.57693224711693 303.4601570510926 411.35449254164996 323.4477901264364 English 0
423.5224916169682 336.1755905634255 417.3144535235042 366.74231183953043 268.90943172358675 336.6024754339729 275.11789600001066 306.03633199999587 English 0
375.13868426089175 286.4794422174342 377.10367899999255 275.961665999975 403.3126681332942 280.85787858729515 401.3477069937653 291.3756252074571 English 0
407.0850074615737 400.478063498834 405.90438419960265 407.91030600327866 374.1320110333618 402.86373178751774 375.31266300000425 395.4315249999752 English 0
375.2640046634042 394.44438984947 374.69103299998096 402.16239199999626 353.6257602262049 400.5986800681814 354.1987540000264 392.88070199998606 English 0
376.4912681280839 276.4947185410223 375.2989610000077 285.1513830000064 356.1539483683009 282.51461208210486 357.34626999998 273.8579649999767 English 0
305 254 311 254 311 261 305 261 English 0
305.0085892010975 253.830815358886 303.31343575540814 260.3571382386814 277.06973482672765 253.54086219354565 278.76489900001616 247.01455599999363 English 0
310.38706264393113 260.5640294207794 311.84153707450605 253.53723066630604 340.2364250352548 259.41435801956754 338.7819731544005 266.4411370598534 English 0
371.3614826315461 266.9336732469193 370.4306760000327 273.060074999997 359.73532397045346 271.43517011896114 360.6661359999998 265.3087749999985 English 0
370.0656380425062 274.29567689988454 371.38593600000604 266.765586000027 393.5967388212157 270.6597164660835 392.27646031067707 278.18979015191854 English 0
338.3931747463794 266.56550235720607 339.94244000001345 259.25441800001425 361.8521517334011 263.8969705673531 360.30290499838884 271.20803876040156 English 0
315.6066263710818 252.29959359826694 317.2343840000394 242.67156700001635 331.46909851602686 245.07803986880538 329.8413553753926 254.7060536094134 Manipuri 0
329.15268983539136 254.4543759539785 330.96223552536685 247.20688034981816 359.02206729610043 254.21246493263 357.21254458796466 261.45994071764835 Manipuri 0
317.9218623985071 302.3022525624955 321.93260799998825 281.7814470000156 354.7790960000566 288.20079041212796 350.76843629954965 308.72152063270556 English 0
378.553516746324 390.32402570551767 382.18330499999865 363.3397540000047 423.3800794088893 368.8807168852211 419.7504665831366 395.8648301809504 English 0
285.3460900357459 376.0490968782619 289.4060960000206 347.3072369999933 385.86118760416866 360.93050083694413 381.80160856994917 389.67197586925977 English 0
195.5994539999665 279.18516799997224 190.21080732047267 272.75330857547107 211.11548282751755 255.2401934501843 216.50411896123842 261.67203550958226 English 0
223.9328551003564 245.86404137476637 228.86243815970374 252.4944480499372 215.54781751583505 262.39313020856736 210.6182459143747 255.76273392701205 English 0
242.9532619965903 230.73360408104918 247.83521262725117 236.8709891419105 226.78789665988006 253.6122149923557 221.90596211548836 247.4748447838184 English 0
207.27041300000565 258.18177899999574 204.25850796498707 254.6714716688503 214.33376543747727 246.0271356754575 217.34566759783775 249.53743863641606 Manipuri 0
220.3442168566835 242.0512287890169 223.03202003553452 244.82385237746936 217.1553166758531 250.5205155264665 214.4675155996083 247.7478940156064 Manipuri 0
226.75077528074326 237.14674589453756 229.57427413239202 240.37128406183157 222.7728330383252 246.32656041776 219.94933693873463 243.1020248698449 Manipuri 0
234.6917070879863 231.1775754210977 237.31170384540746 235.29734176517866 229.00421199999982 240.58033100002342 226.38421929113974 236.46056821157018 Manipuri 0
260.6487719999859 217.20165899998875 258.0225854678429 213.47389583445792 279.8788649903872 198.076769691925 282.50504925825226 201.80452514499436 Manipuri 0
346 486 356 486 356 497 346 497 English 0
357 488 366 488 366 496 357 496 English 0
366 488 374 488 374 495 366 495 English 0
321 497 331 497 331 505 321 505 English 0
333 496 342 496 342 505 333 505 English 0
345 497 355 497 355 505 345 505 English 0
355 497 365 497 365 506 355 506 English 0
367 497 378 497 378 505 367 505 English 0
331 509 341 509 341 517 331 517 English 0
342 508 355 508 355 517 342 517 English 0
356 509 362 509 362 517 356 517 English 0
363 508 375 508 375 517 363 517 English 0
321 486 346 486 346 499 321 499 English 0
324.5728530517954 526.092432154471 327.39990499998385 518.1101789999898 350.08807751633867 526.143914377228 347.2610698774952 534.126129934808 English 0
369.11729999999807 530.6063499999989 366.4219103954383 522.6166008058079 379.827523999993 518.0950550000131 382.52292468336236 526.0847821613479 English 0
207.6032860000123 332.25422100000975 202.25579804689914 326.72321542553783 229.35890179564012 300.5213610042312 234.7063672299555 306.05234207015366 English 0
234.95353899998008 314.4290170000082 231.2341119627672 310.3835239929649 239.9085603919957 302.40880283856734 243.62798302936426 306.4542903809314 English 0
248.76332795458438 293.2873303021053 252.85034241685935 297.8154740949038 241.85528639238328 307.7387224954929 237.76827972265892 303.210586194998 English 0
232.777472999951 308.8322619999885 228.21533877307957 304.2980776661288 242.25334790891793 290.1744891558327 246.81547192434664 294.7086634238029 English 0
295.62379736053117 192.90433289035815 299.81353925162693 198.93145609887014 261.4094377634319 225.62706722399543 257.2197204060649 219.5999659341413 English 0