309 196 323 196 323 207 309 207 Manipuri 0
325 198 353 198 353 210 325 210 Manipuri 0
268 204 293 204 293 214 268 214 English 0
294 207 301 207 301 214 294 214 English 0
303 208 330 208 330 218 303 218 English 0
331 211 351 211 351 220 331 220 English 0
354 213 366 213 366 220 354 220 English 0
367 214 391 214 391 224 367 224 English 0
260 213 286 213 286 224 260 224 English 0
288 216 314 216 314 227 288 227 English 0
316 218 345 218 345 230 316 230 English 0
347 222 368 222 368 232 347 232 English 0
249 225 300 225 300 252 249 252 English 0
303 231 334 231 334 256 303 256 English 0
335 235 364 235 364 260 335 260 English 0
369 223 399 223 399 236 369 236 English 0
365 240 405 240 405 265 365 265 English 0
241 256 401 256 401 306 241 306 English 0
304 328 329 328 329 340 304 340 English 0
331 332 370 332 370 346 331 346 English 0
236 396 264 396 264 408 236 408 English 0
265 401 277 401 277 410 265 410 English 0
277 404 288 404 288 411 277 411 English 0
289 405 299 405 299 412 289 412 English 0
285 414 299 414 299 421 285 421 English 0
271 412 284 412 284 419 271 419 English 0
258 411 270 411 270 417 258 417 English 0
233 405 245 405 245 412 233 412 English 0
240 414 252 414 252 422 240 422 English 0
253 418 266 418 266 426 253 426 English 0
269 419 277 419 277 427 269 427 English 0
278 420 292 420 292 429 278 429 English 0
246 408 257 408 257 415 246 415 English 0
341 443 366 443 366 454 341 454 English 0
367 448 377 448 377 455 367 455 English 0
342 478 375 478 375 494 342 494 English 0
319 474 342 474 342 490 319 490 English 0
284 470 317 470 317 486 284 486 English 0
253 466 284 466 284 482 253 482 English 0
218 460 251 460 251 477 218 477 English 0
226 333 309 333 309 393 226 393 English 0
317 344 391 344 391 390 317 390 English 0
313 389 388 389 388 449 313 449 English 0
438.03786900003615 360.01645300000905 430.1354094616545 353.6515212971755 452.9992699492868 325.26716245442776 460.9016827276355 331.63206456423893 Manipuri 0
456.13328100000217 336.8199410000023 449.64342937375477 330.9111074666226 476.05978332372615 301.89946734247144 482.5496008063783 307.8082732817477 Manipuri 0
499.89606334551354 273.46207247953765 507.3772346552869 279.9399834121757 478.8706659388117 312.85935511468756 471.3895233735093 306.38147491734964 Manipuri 0
521.6869893609692 246.2456957666547 531.5945129801548 254.32846392968844 504.27759556238016 287.81061579876365 494.370103357287 279.72788229693595 Manipuri 0
577.1876767578215 181.39822049264728 589.103584815166 191.43206128674967 529.7965345475677 261.8608339495286 517.8806961093505 251.82706909466023 Manipuri 0
552.1193465380202 243.689231297826 580.5535515019437 270.74760174333045 456.61730362706294 400.9748654735782 428.1836572739121 373.9170738504407 English 0
461.14029844371544 383.08570083937775 473.08177382758004 399.07153611982733 428.67783404901274 432.2371402758689 416.73650632794306 416.25143915846706 English 0
501.4685547124827 351.3294993635933 517.0249008492829 371.11288932888436 474.6513883218722 404.42887894667706 459.0952046145685 384.64563856867954 English 0
469.0891001586715 421.20161054751236 477.60578803347016 435.7725206234178 450.20191396179143 451.787692502738 441.68531252980756 437.21685738947497 English 0
530.6542725962208 390.5411287236865 541.2535911571467 410.8194455136359 485.7602716350084 439.8213106528638 475.16118117368023 419.54318922735365 English 0
587.7966816378466 282.3478382737277 608.85244363948 308.89255613069554 510.6029753211624 386.81872788424005 489.547659108066 360.274422280513 English 0
453.2093639999948 471.45695200001717 448.8131292395701 458.45235274921356 470.96758300001966 450.9641590000126 475.3638438950293 463.96870606616653 English 0
472.21516342404357 451.0047887542337 482.1139350000158 450.89939400000003 482.27908814995317 466.4083235289943 472.38031657871034 466.5137180044855 English 0
496.62856299997657 458.41502700000274 495.9170487055235 440.0050503353148 518.8319179999962 439.1195570000295 519.543499912179 457.529463043995 English 0