140.8604214672232 275.3188605210466 140.36842637993686 324.3699300410101 11.624188832356595 323.0773974722959 12.116879000022891 274.02702899998064 Manipuri 0
144.51936400000704 330.9491509999759 145.55814397375798 273.3660093276818 209.70723600003112 274.52313500001276 208.66887922362366 332.1058611472405 Manipuri 0
214.20267200002854 329.1132780000339 217.5024997091532 279.1368691310609 286.1627628841961 283.66998021683526 282.86335055519885 333.6459965564252 Manipuri 0
373.5926120651857 283.42402207670625 372.52783399999316 332.50748099996497 290.01619474314793 330.7170483849265 291.0814250000112 281.6340520000194 Manipuri 0
373.3643060000031 331.46937399999683 375.86084673414007 284.4772407897038 499.6101810000255 291.0506700000132 497.1143478102749 338.0421267583379 Manipuri 0
502.9542020705412 337.16686017865845 502.3670459999994 286.8776740000132 619.0931684356474 285.5144738147088 619.6809962663247 335.8029799787144 Manipuri 0
113.82944305652927 407.7915175781761 5.0660826891544275 408.2845509078056 4.699497451583738 327.15562687011465 113.46044800004165 326.66259899999994 English 0
120 329 261 329 261 408 120 408 English 0
268 332 427 332 427 412 268 412 English 0
428 333 622 333 622 421 428 421 English 0
94 404 284 404 284 474 94 474 English 0
282 400 427 400 427 474 282 474 English 0
419 410 531 410 531 475 419 475 English 0
0 508 45 508 45 561 0 561 English 0
47 516 72 516 72 554 47 554 English 0
72 511 197 511 197 559 72 559 English 0
126 470 192 470 192 514 126 514 English 0
194 466 227 466 227 513 194 513 English 0
208 515 361 515 361 545 208 545 English 0
360 511 431 511 431 546 360 546 English 0
437 518 506 518 506 547 437 547 English 0
514 514 578 514 578 548 514 548 English 0
504 546 588 546 588 578 504 578 English 0
446 543 514 543 514 577 446 577 English 0
352 541 444 541 444 575 352 575 English 0
325 572 424 572 424 604 325 604 English 0
433 568 505 568 505 607 433 607 English 0
198 568 320 568 320 609 198 609 English 0
203 538 272 538 272 574 203 574 English 0
274 534 341 534 341 571 274 571 English 0