89 296 147 296 147 324 89 324 English 0
147 281 221 281 221 313 147 313 English 0
222 272 272 272 272 300 222 300 English 0
121 265 209 265 209 292 121 292 English 0
213 260 236 260 236 276 213 276 English 0
124 258 159 258 159 277 124 277 Manipuri 0
160 249 197 249 197 270 160 270 Manipuri 0
197 242 229 242 229 261 197 261 Manipuri 0
152 313 209 313 209 330 152 330 English 0
123 340 137 340 137 349 123 349 English 0
138 338 147 338 147 347 138 347 English 0
149 336 163 336 163 344 149 344 English 0
165 334 173 334 173 342 165 342 English 0
174 332 184 332 184 341 174 341 English 0
187 329 202 329 202 337 187 337 English 0
204 327 222 327 222 335 204 335 English 0
224 322 247 322 247 331 224 331 English 0
130 347 149 347 149 357 130 357 English 0
149 344 169 344 169 354 149 354 English 0
173 342 186 342 186 350 173 350 English 0
186 340 193 340 193 348 186 348 English 0
195 338 207 338 207 347 195 347 English 0
218 336 226 336 226 343 218 343 English 0
225 334 231 334 231 342 225 342 English 0
236 333 243 333 243 341 236 341 English 0
98 374 127 374 127 388 98 388 English 0
129 369 148 369 148 383 129 383 English 0
148 366 173 366 173 379 148 379 English 0
174 360 215 360 215 376 174 376 English 0
216 355 237 355 237 367 216 367 English 0
238 353 247 353 247 364 238 364 English 0
249 347 285 347 285 362 249 362 English 0
124 359 145 359 145 369 124 369 English 0
148 355 169 355 169 365 148 365 English 0
172 352 183 352 183 361 172 361 English 0
184 351 191 351 191 358 184 358 English 0
192 348 209 348 209 357 192 357 English 0
219 346 226 346 226 353 219 353 English 0
227 344 233 344 233 352 227 352 English 0
245 342 252 342 252 349 245 349 English 0
260 153 281 153 281 162 260 162 Manipuri 0
255 160 277 160 277 168 255 168 English 0
277 158 288 158 288 165 277 165 English 0
246 169 273 169 273 178 246 178 English 0
273 164 299 164 299 174 273 174 English 0
250 196 257 196 257 200 250 200 English 0
267 191 275 191 275 197 267 197 English 0
276 190 281 190 281 195 276 195 English 0
287 189 291 189 291 194 287 194 English 0
242 190 257 190 257 196 242 196 English 0
258 188 263 188 263 193 258 193 English 0
265 185 284 185 284 191 265 191 English 0
252 179 265 179 265 184 252 184 English 0
266 175 286 175 286 182 266 182 English 0
286 173 296 173 296 178 286 178 English 0
248 185 257 185 257 190 248 190 English 0
258 182 277 182 277 188 258 188 English 0
278 179 293 179 293 185 278 185 English 0
285 182 300 182 300 188 285 188 English 0
301 181 307 181 307 185 301 185 English 0
294 177 301 177 301 182 294 182 English 0