104.75123700001859 286.17779700001273 104.67127947064 250.69904750888125 198.58881300002395 250.4871329999799 198.66910233824456 285.96554926017933 Manipuri 0
194.72423999999592 285.4834849999786 194.84707951640303 247.55401863260929 278.29781399996136 247.82409699996978 278.17528975283494 285.7532478108927 Manipuri 0
273.6365510000178 282.7507480000131 274.20701361515967 244.51255392707736 351.5403289999813 245.66605800000752 350.97016149389674 283.90396113473014 Manipuri 0
352.5488629999745 280.0180099999651 356.0822076500335 239.6383859255435 419.8167729999841 245.21502599998695 416.2837004534231 285.5943963783807 Manipuri 0
417.9704060000222 284.67091299998685 420.47714701977384 234.57371061908924 535.044962000029 240.30581000003363 532.5388111165375 290.402443299695 Manipuri 0
496.88275598680775 281.9246210986193 496.6684880252433 356.458348974239 132.90830587691744 355.4031780953364 133.12576436561358 280.8726314043271 English 0
37.99998000002233 388.482676000014 41.2016134019359 337.5112332076889 220.49608000001172 348.7704750000288 217.29577375779627 399.74066282301015 English 0
255.7222770000226 395.7527560000075 262.4701783475757 335.0419374080034 364.40510899999936 346.3705079999803 357.65814905978914 407.0804597845791 English 0
572.1430023655557 412.7284351270233 366.23069133551326 409.9170557565285 367.1234018119867 344.67977916042054 573.0319560000498 347.4911330000003 English 0
151.1158609999984 444.42090300003343 153.92881570012833 407.23239863030045 247.67536699997436 414.32208399999035 244.8630084560864 451.5100286932074 English 0
438.722070678632 469.5831482740754 288.77932880648586 461.486040406705 291.3706397199712 413.529294536402 441.3110319999396 421.62633899999855 English 0
248.76321869938693 493.6521148703403 168.46286193285778 484.6671074454273 172.14198273562943 451.7959729488248 252.44141299997864 460.7809280000033 English 0
247.40369434730383 495.39330844794165 254.79382371580868 456.3376549248396 289.9788070000068 462.99428400002137 282.58896109437046 502.04968799181825 English 0
295.8756689802249 500.9464737207025 300.600007801404 461.70564974875055 335.4831019999983 465.90465200001523 330.7590356545552 505.1452278646198 English 0
417.07643072499195 473.0029492236536 414.66021599997475 506.0247289999796 337.1170545885252 500.351091339663 339.5336959999986 467.3297749999731 English 0
13.603988000031677 612.2746879999663 20.157870509501663 548.5032338671524 167.18035600002622 563.6078919999993 160.62871459507733 627.3772837355904 English 0
345.0521209999715 640.0000000000323 345.0552369246725 581.5697278358239 496.18909470584185 581.5762719580287 496.1879879166372 640.0045304161197 English 0
512.5131230666011 639.9999809559652 512.5142800000322 601.3158839999674 598.0550863863027 601.318020302485 598.0546939865599 640.0013511617356 English 0
24.94472014688654 546.8806274420349 24.4842478963983 609.8445629742657 -0.46080745923973154 609.6619225194453 0 546.6983230000036 English 0