366.44150410502334 199.23606318817238 366.4123765946715 211.66432493905535 343.86990899998636 211.61146399998213 343.8990578425728 199.1832235958782 Manipuri 0
382.61151299426274 200.1477252582012 382.74173099998734 213.68044400000986 365.24498295279045 213.84877892165062 365.1147833270079 200.31607836580903 Manipuri 0
362.7201873562444 210.48708724378682 362.3510929999611 224.70887200003642 322.2573878602998 223.6682787614018 322.62652700002945 209.4465400000098 English 0
401.51143193623284 210.72497982702254 402.0221609999862 226.80576099996642 363.875124564438 228.01718831253723 363.3644469999854 211.93645700001258 English 0
360.4365504805173 226.0649166388261 360.4001355026412 240.2626037125574 316.4102600710612 240.1496671023819 316.4467290000175 225.95203400001466 English 0
358.8953497502371 225.29973876284586 370.2422438031499 226.4958281553338 368.59812579969 242.0923927632812 357.2512319999805 240.89630499999652 English 0
409.1198233589239 228.85123543071404 408.4402019999834 241.61654699998923 368.57212782808347 239.4939782346992 369.25179099998786 226.72871100002573 English 0
354.7079357644543 252.1352917848388 328.6445789323625 250.54994832790584 329.31281799996214 239.56490299999874 355.3761225641938 241.15024486349228 English 0
374.27700098800415 242.20235755867316 372.9676682080026 254.3930484297292 353.3337748570193 252.28435271062625 354.64312700001756 240.09368400002677 English 0
396.5674896124983 241.18074198447437 396.5376290000131 254.00870300000176 374.05563991880626 253.9563345330297 374.08552699998836 241.12839999997294 English 0
422.2940589325299 264.5035083817526 421.7025260000082 297.22438199996617 293.481863014822 294.9054539405905 294.07382427423727 262.18501682339115 English 0
291.83193899996695 342.1415480000078 293.19120902058785 294.8611784038709 408.040331459124 298.16230409312334 406.6817264223937 345.4420253160172 English 0
528.9853993992438 341.5281775954796 528.6608696018811 366.426697280633 463.6056740580534 365.5784481489895 463.93041399998765 340.68014100001244 English 0
456.9599311140337 377.81310179736914 456.68489700001373 366.7542719999846 498.713059111833 365.709046127521 498.9881558599882 376.76781160189984 English 0
508.816631892405 376.7575141431987 499.3661111065012 375.6653782937019 500.51281701016705 365.74379865589464 509.96331200003624 366.83593300000126 English 0
513.1537189999653 374.7743349999646 513.5136669532949 364.4693992262637 539.0894997902797 365.3626403900578 538.7295893526607 375.6675397982679 English 0
439.90774009354936 379.33186067982484 440.3284476365661 391.5359598241293 410.9049539999978 392.55006599999155 410.4842996958905 380.34601843525536 English 0
463.13550808998116 378.71993252378445 463.6772274042596 390.42381548376795 441.76909298315877 391.4376772235787 441.22741200000746 379.73383099999285 English 0
482.22400416168966 389.70399717977193 463.84753987164004 389.57270346334644 463.916186232309 379.96924846409615 482.2926000000007 380.10054200000036 English 0
490.77410003737896 389.2910285191619 482.80097958013357 389.60951790257354 482.3740058815747 378.92143789666255 490.3471019999415 378.6029490000011 English 0
503.4510856491397 377.63742899499056 504.58604910854774 388.81643792276975 491.54770874891256 390.14000303150345 490.4127680000238 378.9610150000285 English 0
520.1170244508103 389.2483862143618 507.7670804229274 390.71538936448826 506.3240886164567 378.5687405918899 518.673989999952 377.10174000000427 English 0
522.2607330000028 388.9674780000121 521.824607483868 377.56991666542694 546.1644040000101 376.6386379999643 546.6005674413464 388.03615980026245 English 0
301.1659246884665 403.3045577893671 291.5587495766522 403.4335434234025 291.41060424924945 392.39942842349853 301.01774800001294 392.27044299999983 English 0
302.48557699997036 403.70641399996833 301.96640422640485 392.48743411388006 323.8744731252518 391.47371016591734 324.39368048471806 402.6926536895738 English 0
324.75936299997556 399.85919099997056 325.251001247816 390.2993784531046 346.81819954974344 391.40838271055065 346.32659312825126 400.9681648433142 English 0
312.87496947523323 404.06912116791085 313.3954929441097 413.38070367701334 289.888672385714 414.694527132959 289.3681839999772 405.38297800000134 English 0
289.93111800002225 427.1047449999652 289.66744714038214 414.3123110499715 309.3305469999905 413.90706899997275 309.59425637593085 426.6994635805148 English 0
432.1297259955463 411.0775565494384 432.42231119947974 424.5963524284246 312.8522999614506 427.18261482655356 312.5599720000173 413.6640709999878 English 0
505.39995100603846 421.10972759014174 434.94117317372 423.59531208591807 434.53912986806245 412.19655510608436 504.9976589999278 409.71097500000093 English 0
315.02378899116593 426.5577921122488 315.5524231513118 437.10497450164524 290.4475455528882 438.36300477039714 289.9189560000377 427.8158649999783 English 0
317.3653220000415 435.8897589999856 317.2518619301991 425.23407549508505 380.17804199997045 424.5638809999786 380.2916082239244 435.21945710875264 English 0