50.743450000009034 36.41311200000432 53.083963446260896 -0.17155547600658866 172.27736499997263 7.453842000032834 169.93689080474724 44.03846873939323 Manipuri 0
182.66218800003116 43.53317199996687 184.4399989151134 6.319289067338209 288.6160380000365 11.29603900002488 286.83826990389207 48.509877804930724 Manipuri 0
31.50639699997555 99.71412899999436 34.60170729122183 54.96349963466792 169.89346499998646 64.32114199999171 166.79835143469973 109.07158564528774 English 0
179.41467600001488 110.90549300003197 183.2842688637902 61.898217282622895 296.3335669999651 70.82438499998318 292.46417525246216 119.8314709973276 English 0
317.7050917501765 66.8514403392871 415.7347390000359 72.99303200000102 412.35237165383296 126.98072268801576 314.3227251598728 120.83914296414805 English 0
89.17945442684868 138.5581690318651 91.81857047624362 110.0881472542612 143.53739199999836 114.88230500002592 140.89835155871697 143.3522562476877 English 0
25.80870899997535 138.7364620000329 27.684086748267873 110.42559030741353 87.60500899996259 114.39480599996428 85.72971628338564 142.70559705179335 English 0
359.7185599999648 237.98682100001452 361.6162326250924 220.98159075909984 404.624679999979 225.78082099999096 402.7270768165181 242.78598758013246 English 0
405 226 421 226 421 242 405 242 English 0
423 227 447 227 447 243 423 243 English 0
275 239 328 239 328 266 275 266 English 0
328 243 392 243 392 268 328 268 English 0
261 292 317 292 317 318 261 318 English 0
333 300 382 300 382 325 333 325 English 0
383.7627929999144 321.44113800000133 385.49392446562706 304.00699590406475 467.1446953355917 312.113651120121 465.41374665241165 329.54762467878646 English 0
469.17628800001694 330.54502100002907 470.7886662661622 312.7803929413787 543.3267799999885 319.3634580000286 541.7145703962888 337.1279295838062 English 0
472.7673369999684 273.59806599998757 474.18931653191976 255.73890060062405 545.865313999966 261.44538599996656 544.4434711819486 279.3044237237162 English 0
473.7365426492761 256.05374151122385 472.28760010926635 274.69862566088585 392.5080845406046 268.4986792715556 393.95715999999084 249.85393999998212 English 0
317.1899095043773 375.2622850338358 315.7180359178892 385.89190218386295 282.7165809190774 381.3226054243643 284.18849599998794 370.6930379999781 English 0
317 375 332 375 332 387 317 387 English 0