45 203 87 203 87 225 45 225 English 0
87 196 122 196 122 219 87 219 English 0
122 195 131 195 131 210 122 210 English 0
131 187 169 187 169 209 131 209 English 0
169 181 200 181 200 201 169 201 English 0
38 229 52 229 52 242 38 242 English 0
52 225 70 225 70 238 52 238 English 0
70 219 109 219 109 235 70 235 English 0
109 215 127 215 127 228 109 228 English 0
128 212 148 212 148 224 128 224 English 0
149 207 170 207 170 221 149 221 English 0
169 203 185 203 185 217 169 217 English 0
178 143 242 143 242 176 178 176 Manipuri 0
34.38297100001364 211.29416600003267 27.326325164467562 179.80938356267785 167.40141199996287 148.41475500001167 174.45827029230713 179.89923452655745 English 0