622.7066299254511 130.89144722182886 622.4791150000237 178.3915870000261 541.4568414591486 178.00321957993074 541.6845759999705 130.50330100000784 English 0
375.5415853935847 145.23585973412017 380.55934701544174 168.2149509723099 338.8634319999983 177.31949400000116 333.8457378377643 154.34046139256336 Manipuri 0
440.87775898049586 127.43613507008817 447.47871657171345 153.07912082845118 379.89639300001727 170.47553900000264 373.2955504615529 144.8326522128829 Manipuri 0
144.8844008904416 120.91183650642634 142.51135699996667 147.82606000002357 56.21617617667653 140.2172188329143 58.58932199997071 113.3031080000235 Manipuri 0
121.76590100003523 322.0084000000023 271.4426210438978 296.8359590685622 291.088096244639 413.6389499414212 141.411478791415 438.81098751489014 English 0
282.7332574389584 311.10558658893734 307.13132000004407 307.8056319999982 311.5809026370698 340.70089820845396 287.18284276088525 344.00083952013796 English 0
366.0331201978988 284.44725010713563 373.0031084923394 308.5794793128657 336.67645181674743 319.07066824708727 329.7065830000065 294.93854099997895 English 0
222.2415420220932 387.59594881356793 229.55422071499925 418.5239888908782 169.6251029999985 432.69151399997406 162.3127594953985 401.7637637664948 English 0
260.3048749433947 376.8609461461489 269.5248798398825 409.27750801435656 224.59338732522156 422.0552323778188 215.37364499999967 389.6388949999837 English 0
313.5145750288939 353.22541232100315 322.3462136119633 383.3919193298491 265.72131712971895 399.96747213962726 256.8899699999747 369.80121399997023 English 0
375.28741757523676 327.3097762545722 382.81991812749766 349.7031075955013 348.5580520000076 361.22670300001437 341.02567338872177 338.833475249864 English 0
494.5707844715798 144.66387399670108 508.3115258142061 198.92151779052054 395.17872700002044 227.57096300000526 381.43849392188713 173.31375690657566 English 0
293.19012899999507 248.9059980000124 280.80237516194757 197.16193364429768 382.6333319999685 172.7837600000219 395.0213736346632 224.5273977127435 English 0
599.0489466112922 402.4998979257123 601.6473181695619 420.98493791160143 564.8211879999872 426.16062400002784 562.2229341101774 407.6756899037602 English 0
576.4524264662032 442.837510562502 534.9460547562921 445.3667181367589 533.709513793583 425.0746832807379 575.2156139999715 422.54548399999965 English 0
578.0361889999767 442.6149159999783 575.505452432335 422.4970738392836 612.5115009999718 417.8424629999879 615.0423397177656 437.9601850413593 English 0
595.8798747194669 437.4140526097148 599.009701252653 453.9720207088368 565.6581029872177 460.2751224543259 562.5283829999535 443.71724799997037 English 0
640.0001012218127 428.67289100000005 612.3790786773316 428.67289100000005 612.3791950024315 403.219694 640 403.219694 English 0