649.2539342025702 191.3325253943654 640 237.7507780000209 564.5151429421094 222.70227875105797 573.7692809999862 176.28430100000148 English 0
407.8676998568699 159.0445873579146 408.40858686082356 182.55891682837313 365.7415819999733 183.5402490000018 365.20076026645256 160.02598326129953 Manipuri 0
475.3998086087813 154.03858164305527 476.98654283703945 180.46995199494447 407.32653899998695 184.65149499997776 405.7399272015027 158.22024065072526 Manipuri 0
186.08961124831694 91.15613903379202 178.62465899997915 117.12294999997997 95.36680074459582 93.18793748611878 102.83179899997776 67.22120300001203 Manipuri 0
125.02475158406014 284.1466497979348 276.75468410954636 287.99322854826016 273.7527003076684 406.39832796791893 122.0227700000396 402.55180700000074 English 0
285.1150511292508 304.15854830647226 309.694548999978 305.57421699999867 307.78571839487995 338.7137320769816 283.20622100000037 337.29806900000074 English 0
371.97114498987503 293.8839685736112 374.2081628773303 318.9027969082843 336.5470982784609 322.2698144916654 334.31019700001343 297.25109400001446 English 0
211.13972497012583 367.7008279778193 212.41597811720567 399.45591662967945 150.8853590000217 401.9281700000186 149.60939597003744 370.1733605462394 English 0
250.55206141485542 364.4258682874107 253.41660274767492 398.00617602452866 206.87249932801933 401.9758677550127 204.00819800001045 368.39578300002995 English 0
307.29402037155523 351.37746051175884 310.2068099149619 382.6749562171343 251.45947444078047 388.141506265087 248.54695900001389 356.84426399998233 English 0
372.8768589007086 337.72479115350893 375.9978043092997 361.14399070884787 340.16693400000804 365.91838499998113 337.04611116001615 342.4992961709768 English 0
524.8191248235526 181.19474080265752 527.9545081344986 237.07736621143684 411.4337730000261 243.61392200001535 408.2989310942503 187.73181105531566 English 0
307.24807699996745 245.09662999998565 304.9615547967551 191.93938003952596 409.5727639999677 187.43953999997444 411.8597137769393 240.59634046897395 English 0
578.1803109921748 454.22915509121225 577.2033797363838 472.8703298134618 540.0667309999699 470.92423900002495 541.0437747236574 452.2831835258066 English 0
548.3021709659806 489.5140690592349 507.07560803617525 484.0782613973596 509.7337133255496 463.9230819219008 550.9599829999934 469.3588700000021 English 0
549.8993080000218 489.59776099999397 551.2543504191854 469.3666248997519 588.4680189999926 471.8586469999934 587.113119642745 492.0896481308852 English 0
568.4075263488921 487.89715032295106 568.3199925750523 504.7481325624412 534.3784502574999 504.5716868936958 534.4660889999795 487.7208100000112 English 0
625.7390930953989 463.59946616095067 622.8542597283376 489.0381499082258 587.8257034231501 485.0662632795767 590.7106740000017 459.6277370000221 English 0