151.13778200000525 233.77011300000206 225.57219719303248 229.3490922598437 227.15931000100682 256.06934229332035 152.72489580362162 260.49035224924353 Manipuri 0
232.35734153895464 251.63529101361692 231.31409100002202 229.11971900001365 292.5154400247993 226.28399581837124 293.5588071979146 248.79944475098907 Manipuri 0
351.42324006563285 229.25602008664617 352.2605783947074 245.71588101196699 299.1794160000427 248.41592000001305 298.34215900234994 231.95613670219174 Manipuri 0
377.3238472786761 227.26216554849123 379.16807344743575 243.52481317587143 358.2523012195452 245.89658053406876 356.4081079999596 229.6339629999723 Manipuri 0
459.5922373647045 226.48746585807575 460.2495261094009 242.6210381017141 403.363976203691 244.93830081506405 402.70677100001194 228.80480899997255 Manipuri 0
122.5735774050554 352.4783128414243 119.69202100000985 321.14262499997267 271.36064375685237 307.19552759543706 274.2427246409352 338.5306288123814 English 0
311 298 379 298 379 338 311 338 English 0
246 353 311 353 311 383 246 383 English 0
268 382 324 382 324 406 268 406 English 0
326 381 352 381 352 400 326 400 English 0
383 373 418 373 418 394 383 394 English 0
419 290 489 290 489 328 419 328 English 0
348 341 415 341 415 374 348 374 English 0