248.18781538306212 252.17207666759904 246.8588875950809 270.34448426184576 208.50903822683904 267.5400354445762 209.83802800001286 249.3676949999676 Manipuri 0
274.87659754908236 257.6464703009208 272.95400016875647 273.2903133562515 246.96094099999755 270.09593200002735 248.88357273448491 254.45212911836904 Manipuri 0
253.93017307484115 271.07472087523485 251.07025393182994 298.13836954295664 176.91487895368482 290.30215858043437 179.7749830000248 263.2387199999861 English 0
193.12946199999715 299.1534899999842 194.6557915477024 289.45550191529486 220.4118010000093 293.5088589999852 218.88550269577536 303.206819195641 English 0
229.06426205212483 305.49637621661196 218.2579855871154 304.3068261758668 219.42573300293589 293.69944637399647 230.23198399998364 294.8889949999999 English 0
241.55732997576706 308.54474269725233 226.81432726916682 305.33377035622766 229.54610720778874 292.7919022787226 244.28906900000584 296.00287000000117 English 0
251.8329265171633 311.28146335818604 239.8842899804731 307.79746876209816 243.62578934145859 294.96664866906474 255.57439199998043 298.45063799999787 English 0
252.4065910000354 298.0054329999941 255.94916362999356 268.38199100206305 319.4638269999996 275.97695000000203 315.9214767186495 305.6001892249099 English 0
464.90353076704196 202.31034890918943 440.26132599996345 198.59564299999704 445.5140683107311 163.75188898400634 470.15615700001945 167.46658599999793 English 0
501.2001020000025 158.04201599996605 501.981535003506 148.77365286131857 526.7599019999761 150.86271700002825 525.9784832252626 160.1310668505006 Manipuri 0
565.6647592447553 163.6550525130515 525.3918688416161 160.61072453652557 526.5198827245331 145.68915965016484 566.7927040000359 148.73348500000145 Manipuri 0
567.8424310000264 159.6525090000232 568.7489212657965 144.36880749249403 617.7147890000197 147.2729219999677 616.8083438500616 162.55658068787668 Manipuri 0
619.7941149999679 160.06008500003546 620.0540596073552 145.62995343621077 640.2599274305248 145.99393221217522 639.9999997079431 160.42404721296035 Manipuri 0
468.078342000008 196.0421730000046 469.2571078585752 161.69294972983178 578.3359300000302 165.4358720000079 577.1574251282436 199.78484118399646 English 0
640.0001510397851 204.200695 581.9998915877659 204.200695 582.0000474723929 165.453735 640 165.453735 English 0
519.7741369999858 237.3454649999834 521.8032197064167 197.56024847539916 627.6557480000338 202.95836300000022 625.6270273936389 242.74323303711213 English 0
548.4832083451329 262.9232478266213 498.0337725006393 256.66992641433757 500.44859161971544 237.18974504359196 550.8978449999995 243.44305499999794 English 0
568.5499317382346 262.0032129273527 548.5536914574186 257.3160435573954 552.0701210000698 242.31522900000797 572.0663058313221 247.00239159885015 English 0
540.3871626636828 304.44052945001727 453.8575110332022 298.23718143069124 455.20331108498794 279.4684666258943 541.7326109999703 285.671802000002 English 0
587.5470003900409 292.9721139362817 584.1883785985556 310.9755067003644 546.7289751818316 303.9876236813559 550.0876550000248 285.9843070000267 English 0
640.5012690125295 293.2330755668604 639.3535836598312 316.0100937944534 593.1504314119229 313.682017370433 594.2982289999782 290.9051190000189 English 0