43.2113080000272 237.6171569999986 24.876745821893564 185.31933417716334 100.83646599996428 158.69011999999995 119.17117597149627 210.98762982099674 Manipuri 0
165.46687816051417 194.29623873746783 112.06611200002953 206.7687399999937 97.2490043626749 143.3300958830599 150.6493490000139 130.85764600000016 Manipuri 0
391.06599832710344 32.950565974066905 409.2850814512349 71.11079352272534 313.9505099999951 116.62663500000825 295.7315583649324 78.46651933021248 Manipuri 0
466.3558291701338 73.61163949648375 405.4385989999719 87.17917900000259 388.251196811907 10.008886116758813 449.1683106349956 -3.558642015254221 Manipuri 0
67.9957750000176 421.48721499999704 13.432770651197643 263.26280511610275 295.0458310000249 166.1542489999843 349.6113554004114 324.37343716443485 English 0
292.8833838529681 122.89492969255407 463.91333999999915 91.21294800000447 501.3699171193002 293.4115510218118 330.34009786264505 325.09302556672094 English 0
117.00823186693015 484.8533873462648 155.6534290000127 477.40371600000225 168.15306550655805 542.2333914657377 129.50789504182467 549.6829688229034 English 0
215.8069114843238 537.6764410986628 168.65926780854352 545.6001978878026 156.14267168995866 471.13499805728975 203.28900400003477 463.2113539999972 English 0
214.71389099999215 526.216215999974 196.9337414194888 470.3401617618756 297.6631990000169 438.29250499999995 315.4439190318226 494.1674998053881 English 0
210.36667217762442 639.9997325981235 144.5195936314849 656.0917871999528 130.02897290127294 596.8110743389702 195.87429100000008 580.7192439999948 English 0
273.21301070078334 639.9461164647037 208.3919574302854 649.6088874637408 196.7709919531626 571.6639970646899 261.5897530000075 562.0014010000009 English 0
357.90376124656177 613.2229216786614 280.0591166270169 632.1415784269745 261.3874127433519 555.3275451117705 339.2294939999556 536.4092140000066 English 0
393.84248640359147 602.7364620498666 355.2728570000181 610.3159340000037 340.3471486791386 534.3790935115486 378.9155490000121 526.799745999996 English 0
467.19885654369136 504.50564603810824 481.8866331632307 578.421905173939 394.188576000015 595.8427529999697 379.5023419518111 521.9278465092822 English 0