203.27341848940705 401.47194265780183 197.37900200001604 352.27795699998774 297.76726233481895 340.2503198645153 303.66226838348666 389.4436170624812 Manipuri 0
300.55897999998706 346.2212150000047 339.5566001500265 340.8441019205901 345.86820099997567 386.6147300000034 306.8705879184563 391.99180924139677 Manipuri 0
342.1755598114396 385.89355810902424 336.20384900001227 339.2899520000173 421.9045191456098 328.3092238264493 427.87668359560485 374.9122929628708 Manipuri 0
516.1234521905135 366.0773138937593 430.5059100724611 376.6619330564449 425.36151193904516 335.0496874418345 510.97813000000315 324.4651259999979 Manipuri 0
310.3292980152037 409.05360593265175 318.3620079999673 482.253852999973 157.88885791589564 499.85758707620926 149.85832700003812 426.6593339999972 English 0
305.04604000001564 411.07970499999783 336.797149605045 406.1139768943721 347.1881880000001 472.5455540000041 315.43709109369956 477.511227261318 English 0
346.3308085733297 473.8857746237302 338.11505199999374 400.69940799998477 451.39517253694066 387.98415066917977 459.61209140208666 461.1691794306013 English 0
458.8173419999657 456.15090299996905 451.2447876817896 386.55765993662504 556.5905740000017 375.0959749999993 564.1641247365624 444.6880747219502 English 0
263.35182974238705 490.96498130952295 268.0391950297053 532.5364569184607 183.59421455679694 542.0550499529884 178.9075910000247 500.4842520000216 English 0
270.5232850000175 527.1151909999838 266.3117834879813 486.67945151655147 337.4329574867443 479.2731442454764 341.6449350395851 519.7083425775286 English 0
337.55411999998614 470.2144300000016 357.7905440116592 466.79824477602466 367.3046015937871 523.1465521258862 347.0681866588711 526.5627012635263 English 0
424.04098484235874 469.37189484216776 430.3996524534159 509.507267466298 362.1249931227794 520.3213720594092 355.7668980000017 480.18650999998727 English 0
495.0731713663117 456.83580251007527 502.96799263313005 493.96619358621473 428.2820820000052 509.84267300001784 420.3878446236922 472.71279083521335 English 0
556.0232453267963 494.75316909848686 502.83181894221343 499.70830284803856 498.70060517198 455.3642367691645 551.8912000000273 450.4091419999984 English 0