55.314392000000225 204.49917099998683 43.49025097712001 150.35670733104905 122.12880699997186 133.18318300001084 133.9531430248462 187.3253700957589 Manipuri 0
181.93810560209386 176.40023040991383 127.41543900003307 182.27198199999876 120.44003748895193 117.50056249151797 174.96231699995406 111.62883200000174 Manipuri 0
425.51879731123336 43.75091989153645 438.9515405012935 83.84704949134517 338.7805810000282 117.40530200002789 325.3479870326555 77.30929913457273 Manipuri 0
495.29215299495263 93.28446372241353 433.17547400001786 99.326936 425.1118661815417 16.43213588364086 487.22833400002855 10.389674000000365 Manipuri 0
57.50599600003625 390.01915499999836 22.634108219936024 226.32371575367364 313.98091600000043 164.259842999988 348.8564401034091 327.95017785395737 English 0
317.1064821933396 121.06039428200953 490.7227600000624 110.45691699999793 503.2588849419699 315.711886863394 329.6426233348757 326.3151860794446 English 0
98.43078538593545 458.8871203521917 137.6957560000301 456.2016439999996 142.20153773821949 522.0703482569221 102.93657046400767 524.7557922511235 English 0
190.05531532464374 523.3559775376945 142.2936238598777 525.4758645593181 138.94549283875676 450.04024291112125 186.70587700005854 447.9203849999989 English 0
190.3672430000006 511.8479629999954 179.53044744652289 454.2211340683581 283.41346400004113 434.68859900002064 294.2510745911568 492.3143555586145 English 0
107.04306720821478 641.2937909376203 97.7650952199474 572.7504863435921 165.02582200002507 563.6487639999963 174.3046682181739 632.191006452973 English 0
167.17182149346627 563.0817554140735 232.53258199998527 553.0791399999966 244.36042460554745 630.347019956409 178.99970437931188 640.349461863097 English 0
321.8861953612941 615.6566064440791 242.3165869825607 624.9495393330988 233.14559753067442 546.4323917622747 312.7125109999906 537.1396180000012 English 0
358.8349495167495 609.6270851853474 319.62932599999476 612.4506430000018 314.06951803663105 535.2618021324945 353.2738519999839 532.4382909999999 English 0
443.61606547689007 521.0692544004315 449.1845418544108 596.224540717795 360.0188100000378 602.8279760000304 354.4518301921198 527.6740947645421 English 0