21.930776000008336 78.2519339999905 23.5450443373702 39.330107862029735 86.71946099995694 41.95022199997635 85.10524982819334 80.87199277621154 Manipuri 0
85.15797499996552 83.67471500003472 86.93631118963822 41.85309352576374 201.83006550949358 46.73848411738643 200.05185052323213 88.55998999727971 Manipuri 0
196.72015199997986 88.50147099998438 201.8294735930249 47.30561948648046 255.86926182739262 54.00788392347428 250.7600058746175 95.20367557787799 Manipuri 0
250.65128493304655 80.79770872771687 251.59527299998445 54.906148999999374 327.7265448201797 57.68178590085914 326.78260948370735 83.57329430751294 Manipuri 0
385.06485128316854 57.31251117690289 383.1454059999669 100.39382800002579 327.18908156435646 97.9006809968617 329.10859299998265 54.819433000026656 Manipuri 0
15.95342000000528 134.29650099997386 18.719629494371475 78.144993157586 245.14990368763392 89.29884927042568 242.38424770912388 145.44982638286194 Manipuri 0
342.057287292846 95.82441758104592 337.2126019999996 154.3012560000247 242.00650684440916 146.4133887212667 246.85142000002088 87.93680000003418 English 0
419.32860894172336 95.31664847162494 417.173741000006 155.6969820000238 335.465587848812 152.78072472907544 337.6206739999907 92.40061500003165 English 0
36.7090250000183 233.99915799996938 37.11116027348908 143.42876466149906 257.88603488086665 144.407961529069 257.48531425699184 234.97695110938196 English 0
268.3998432962835 238.04329863361258 269.9341319999803 150.24747499997292 432.2174204980547 153.08298918653153 430.68418642753386 240.87777169087144 English 0
432.9820209999889 252.43385199996752 435.6678189703962 153.05992631881116 586.4015425139223 157.13348383452524 583.7169178716431 256.506252462107 English 0
195.80225400000927 284.28675000002596 196.9579914570204 248.3095613408894 295.2180439114454 251.4656261936703 294.06266957565094 287.4424619623131 English 0
298.25246200001857 286.0750249999662 297.7106276849372 247.2100717924006 389.3826731054287 245.93185749984073 389.9248550001357 284.7964578125919 English 0
215.13934900001914 322.0568829999762 215.91868609248195 277.4392965905933 276.72215449856594 278.5012331514489 275.9431257788674 323.11851603125217 English 0
414.260163548679 322.65311838953767 277.6592303083453 320.26889506453614 278.4135755574971 277.0904444318373 415.0131934890669 279.47465627542476 English 0
521.6827294870018 325.96791128799447 406.97341821854934 321.8231617478404 408.5857307998958 277.2201160816173 523.293898999982 281.36484499999915 English 0
163.0744357642834 393.1288181247328 165.74865442111332 489.2690825712072 0 493.8749189999901 -2.6715121375309536 397.73724998513165 English 0
266.44245820971264 485.6401745188882 168.10995357947832 487.12871888575023 166.56359664411866 384.88190160632917 264.8928370000067 383.39338200000054 English 0
353.97494219694636 482.84895638228704 274.06588542427926 482.1149746449039 274.9928822225047 381.3510510664729 354.8993619999965 382.08502099999976 English 0
483.6568967473431 379.94316131064664 483.1529920000321 480.7846309999866 361.9401159303379 480.17683783840306 362.44596399999864 379.33731599996656 English 0
111.369282771484 579.314226500142 82.39652000003844 576.0091980000018 87.46998828995856 531.546722113002 116.44222000002628 534.8517200000002 English 0
185.7978492854454 568.8158538093257 148.31584542174824 568.1617506414968 148.8248115930037 539.0163917661462 186.30636499998218 539.6704909999999 English 0
117 536 147 536 147 579 117 579 English 0
190.18934699997772 567.8127209999914 188.10315898634144 540.9047168902365 257.6159639999969 535.516273000029 259.70250362683146 562.4238920174016 English 0
565.8928295934311 544.9896616854322 525.4034539999702 552.0681730000056 520.6010809433064 524.6029831782265 561.090017489696 517.5245111285734 English 0
581.0769073980919 548.7208029213391 563.3586011677835 549.733072349765 561.4440462022321 516.2262667251108 579.1621179999493 515.2140040000014 English 0
137.60176796808082 573.3729933124464 139.50587477185763 605.7514386947458 96.37474700000894 608.2868580000322 94.47096402436728 575.9087197826262 English 0
140.05647914702422 571.0042020710503 225.81588400003966 567.3547979999996 227.3139262721088 602.5493102657454 141.5545233317971 606.1986862813628 English 0
227.7494100000331 599.7821450000005 224.90614304238989 566.5459491188984 311.5688670000236 559.1335429999858 314.412697077787 592.369114792781 English 0
342.25747144257184 590.983020872584 314.79045325926563 591.0003084161868 314.7689028063178 556.4467584161504 342.23551600000064 556.429471 English 0
346.04313199997705 588.8895310000161 344.61687398463255 558.5132801896343 428.41994415306544 554.5789356498059 429.84671679769235 584.9546447782575 English 0
304.659524000017 561.1725129999845 302.75310873134003 529.918647580103 372.76736200001324 525.6485949999775 374.6741910051787 556.9020170200442 English 0
258.39430599997286 562.5245229999701 256.81441446482495 534.5750909673711 302.6694729999872 531.9835379999917 304.24960981181357 559.9327088398663 English 0
397.8733306202048 555.8685529024646 375.9879639999417 555.9388350000002 375.8889648933837 525.0755836615647 397.77406000001065 525.005302 English 0
454.7753830448346 552.9948944374186 402.3661820756388 557.9021751987129 399.73287896551483 529.7817548729649 452.1414879999793 524.8745020000025 English 0
500.13925000908785 519.0881841277333 503.61444800000754 547.3686979999754 456.4037308920524 553.168490688224 452.9288280000037 524.8882449999899 English 0
482.3181822423794 550.235555235018 484.7104750348808 579.8071633843069 429.7969836786797 584.2480152818406 427.40505900001153 554.6767510000121 English 0
506.93754799998715 546.3469170000019 550.029507839281 538.0057361776504 556.7420811377087 572.6761464747913 513.6501387898898 581.0172659446731 English 0
557.5583179849491 579.8010132219765 555.6801229999837 547.197721999984 573.8210213139246 546.1529453365824 575.6993326588417 578.7561122675276 English 0
574.4461099999899 546.4454959999973 631.6482660196198 540.5006051399062 634.6844003502338 569.7078772310024 577.4822499816219 575.6527318725954 English 0
610.5695789271704 541.6770793567069 583.2426289861178 544.9868518386545 579.9656371749006 517.9349847247433 607.292296999949 514.6252300000028 English 0
-0.5658297597256023 607.6745365204866 0.000008856586646288633 575.2903121133663 41.32318700001633 576.0121179999826 40.7576479788986 608.3960476594593 English 0
231.50049800002307 635.4805779999987 229.01850435780943 599.0968448670607 321.60460400002194 592.7821010000289 324.0873112096597 629.1650602234982 English 0
117.1433750000142 635.6440400000089 117.05319525295636 608.6846536338958 170.73245899999165 608.5049900000245 170.82297264809313 635.4640411155109 English 0
229.1134808055358 637.4710250648257 200.8376169999974 637.9687580000001 200.13644334452692 598.1318613848125 228.41178999995464 597.6341330000002 English 0
196.46493925596587 637.8924226095619 174.1087295658508 638.6166893535792 172.89053250198776 601.0188494668874 195.24635499998112 600.294589 English 0
412.9797930581117 584.6583989895415 417.4057917054597 625.6545955099768 373.4384729999874 630.3996079999755 369.0129210072337 589.4038208209375 English 0
534.3213676082814 578.1351872807315 538.0713207734516 619.0874354082381 417.810759999993 630.0943429999793 414.0620048635901 589.1432039210273 English 0
365.2236553141847 635.6551640490022 319.8252639900602 633.6112297818364 321.86651088210056 588.2958148070978 367.2639669999626 590.339727999999 English 0
537.9220440000063 622.4728140000122 530.9042693136871 576.325504255014 607.3428346913715 564.7040374050555 614.3612508924707 610.8505569410879 English 0
86.43320169598155 569.240474015028 87.72113975675893 606.9540013856742 43.88140900002327 608.4503700000049 42.59384488148498 570.737204814209 English 0