208 147 351 147 351 187 208 187 Manipuri 0
103 191 261 191 261 231 103 231 English 0
281 191 432 191 432 225 281 225 English 0
67 418 107 418 107 437 67 437 English 0
112 417 142 417 142 436 112 436 English 0
146 417 158 417 158 434 146 434 English 0
162 415 176 415 176 434 162 434 English 0
179 414 210 414 210 434 179 434 English 0
224 414 262 414 262 432 224 432 English 0
69 442 124 442 124 463 69 463 English 0
131 440 180 440 180 460 131 460 English 0
183 440 213 440 213 458 183 458 English 0
70 469 106 469 106 490 70 490 English 0
109 468 136 468 136 486 109 486 English 0
141 465 168 465 168 485 141 485 English 0
172 465 194 465 194 483 172 483 English 0
197 464 235 464 235 483 197 483 English 0
237 462 254 462 254 481 237 481 English 0
258 461 278 461 278 482 258 482 English 0
281 461 303 461 303 479 281 479 English 0
306 460 332 460 332 478 306 478 English 0
337 459 397 459 397 478 337 478 English 0
419 489 469 489 469 511 419 511 English 0
415 470 443 470 443 488 415 488 English 0
447 470 459 470 459 487 447 487 English 0
345 433 381 433 381 452 345 452 English 0
441 423 469 423 469 449 441 449 English 0