177.0145962600509 195.48003861568606 250.30766645541007 209.19699868948067 245.38343422020262 235.50746365375682 172.09037200002058 221.7905329999995 Manipuri 0
251.49942437645223 232.46329719216405 255.93437199997425 210.36418899998466 316.0038333814009 222.41866341061592 311.5690167401044 244.5176566185911 Manipuri 0
372.4427930049569 239.55346233501672 369.27309722108475 255.72691636321494 317.115632999994 245.50531800000869 320.28538675360323 229.33194141662744 Manipuri 0
398.05639756668825 243.88476276233894 395.91138508854783 260.11048244941884 375.043114721193 257.35182688740747 377.1881540000322 241.12613900003115 Manipuri 0
478.0684903018846 263.0355608720171 474.80301752679225 278.848865415364 419.04660236141353 267.33549082011757 422.31213999999454 251.52227500002735 Manipuri 0
120.58031450796989 303.75172349871997 125.3655979999894 272.64979800000765 275.90367423239513 295.808870707579 271.1189821802691 326.91026689346666 English 0
311 305 378 305 378 343 311 343 English 0
236 343 301 343 301 370 236 370 English 0
252 375 307 375 307 398 252 398 English 0
309 384 335 384 335 402 309 402 English 0
366 391 401 391 401 411 366 411 English 0
418 323 487 323 487 359 418 359 English 0
338 355 404 355 404 386 338 386 English 0