339 476 395 476 395 541 339 541 English 0
336.3237907322764 286.21741722022983 323.1230258506548 309.50372592761136 267.788679679943 278.13692535901515 280.9894479999639 254.8507720000106 English 0
267 571 296 571 296 590 267 590 English 0
296 574 322 574 322 592 296 592 English 0
345 579 361 579 361 595 345 595 English 0
343.43721688164806 594.6400919999401 321.2901431512728 593.4570656308445 322.1705590854981 576.9808198807292 344.3174739999813 578.1638419999992 English 0
361 580 382 580 382 597 361 597 English 0
252.42939986492274 452.75730659728197 271.34474200000113 392.84810799999747 351.0930737520539 418.02390254232046 332.1786852773221 477.9322882227772 English 0
403.5850639387354 441.0421277319999 388.72254000001703 479.0411390000238 333.5659925033542 457.4706607077171 348.42866500002856 419.4720259999736 English 0
415.4414009999891 434.8105789999671 406.5064800593973 399.86542195352763 476.0139380000328 382.09551300000044 484.949106241329 417.04028754606657 English 0
461.683647572936 293.5163113554847 468.24790254060645 307.2557343153952 411.49518114325474 334.36815310244873 404.9310445626179 320.62883095032083 Manipuri 0
285.0153759664681 252.82025463096144 289.50083042742335 244.02066530981864 317.8097199538024 258.44997705141765 313.3242965903628 267.2495397725512 English 0
342.34610781335505 270.26562724659743 337.6729131677712 279.8778090623441 311.4575777364371 267.133233841818 316.1307780000061 257.5210799999777 English 0
368.1718556764099 283.2854880383578 364.0008458439843 292.2179093755133 337.11200347112026 279.6628136065492 341.2830199999735 270.7304200000294 English 0
349.78162721003173 315.8007781012485 359.8347400000057 295.5795590000217 387.5196389485063 309.34231421576095 377.4666113207786 329.563460595082 English 0
373.39634847958223 326.6520229314167 383.2995110000047 308.52162899999166 417.70983927184716 327.3157230252679 407.80677724331326 345.4460304470813 English 0
416.5347052040306 360.7397256300592 403.11577007385495 388.89628853350007 266.4101478971861 323.7491701867997 279.82920299997204 295.59314899999964 English 0
381.6100455103151 300.8143355207743 386.06129300002067 291.08442300000405 410.30740831251023 302.17580036299364 405.8561950555304 311.9056837823019 English 0
385.0289949239959 419.1553695810662 382.08522472043114 426.0811360637326 352.4773214533343 413.49796298162903 355.4211029999715 406.5722310000066 English 0
355.6129054073972 405.60271241523094 353.18959399999585 412.9527759999969 333.1281444756314 406.33930116416127 335.551467999976 398.9892609999736 English 0
385.3382317832438 291.45352880417306 382.08698900001764 299.5645659999985 364.14844577680924 292.3744811918484 367.3996949999855 284.26346099998915 English 0
320 252 327 252 327 260 320 260 English 0
321.4617126291705 252.16959891122337 318.2380039545387 258.0919390805325 294.42282523581525 245.1291873243306 297.6465350000217 239.20686200002322 English 0
325.05141646361153 260.0039253853063 328.1626850430621 253.53775238265624 354.2923789227643 266.1096776352253 351.1811318808759 272.5758322837109 English 0
382.673807691026 280.9354664286475 380.288464999976 286.6546760000086 370.30383707315195 282.49057008864366 372.689182000031 276.77136700000716 English 0
379.6352575531637 287.7652233129681 382.73812499995984 280.778258000003 403.34719252459763 289.93004261024583 400.2443450163264 296.91699099185263 English 0
350.7737188821193 272.6024107784915 354.0457500000048 265.8833340000049 374.1815935631894 275.6884615635065 370.90958044725994 282.4075229909529 English 0
332.11525327758864 253.24769337332475 336.02397599999676 244.29948900001688 349.25376843166305 250.07820997323728 345.34505995863583 259.0264022518162 Manipuri 0
344.73767668707296 258.61556343989844 348.24686110499897 252.02115097220425 373.7784587759961 265.6069640788313 370.2692960112472 272.20135795864024 Manipuri 0
322.26481631230854 302.32508376318725 331.1211059999914 283.3842410000209 361.4391984257236 297.55932736156456 352.5829918198724 316.5000994366035 English 0
359.8006445467763 402.4002092334637 369.85135900002206 377.09588099999934 408.4846154639672 392.43897881906287 398.4340844979306 417.7431515245629 English 0
272.81543073600915 366.0004420717929 283.7086480000289 339.09475999999916 374.0034650893358 375.6482253670126 363.11067493472365 402.5535451724903 English 0
209.16868400003295 250.30232699999328 205.49618597942754 242.75785437128104 230.0166412928229 230.82228810709705 233.68914302627672 238.3667423904169 English 0
244.72157140873605 224.82544958746135 247.9006209842919 232.45150640987913 232.58685680208146 238.83503396088432 229.40782008954557 231.20898804316658 English 0
266.83737410501635 214.74590192712952 270.08949696668424 221.88205576345283 245.6173488591594 233.03417536808948 242.36524479048967 225.89803749817406 English 0
225.5741449999914 232.74628900000477 223.50096098394715 228.611590508348 235.36816197665757 222.66147059273212 237.44134677181137 226.7961644348334 Manipuri 0
242.161933244206 220.25772397221775 244.0991188638145 223.59823937918267 237.01884974398126 227.70397463234798 235.08166675033863 224.36346150083537 Manipuri 0
249.56469188342453 217.048811882658 251.5242098805902 220.860646753125 243.48411111357564 224.9935982718677 241.52459642318718 221.18176623133314 Manipuri 0
258.71381714845484 213.1780374516473 260.2592895462294 217.80927642090165 250.9205330000259 220.92556099998552 249.3750649310823 216.2943257088009 Manipuri 0
287.2809270000289 205.89684700002763 285.6346020707133 201.6444737226525 310.5665394818061 191.99223390893079 312.21286781685194 196.24459875727908 Manipuri 0
303 489 314 489 314 500 303 500 English 0
315 493 324 493 324 501 315 501 English 0
324 494 332 494 332 502 324 502 English 0
277 493 287 493 287 501 277 501 English 0
288 495 298 495 298 504 288 504 English 0
300 499 310 499 310 508 300 508 English 0
310 501 321 501 321 511 310 511 English 0
321 504 332 504 332 513 321 513 English 0
284 506 294 506 294 515 284 515 English 0
295 509 308 509 308 518 295 518 English 0
308 512 315 512 315 520 308 520 English 0
315 513 327 513 327 523 315 523 English 0
279 483 304 483 304 498 279 498 English 0
274.57855005399324 521.076747795923 279.25290599996515 514.0156590000298 299.32382259430597 527.2996575762938 294.6495041096932 534.360713237239 English 0
316.7080189999979 536.232992000021 316.02597389311995 527.8284584440324 330.1268600000185 526.6843740000246 330.8089264703449 535.0888840627799 English 0
207.9773849999765 304.6989919999891 204.1268856565148 298.0385656437595 236.76366085863265 279.1718939681478 240.61416018630553 285.8322930792367 English 0
238.82752500001516 294.019898 236.19732096849475 289.1947372193424 246.54331906989682 283.5554632749057 249.17352354364994 288.38061795187633 English 0
257.3417410514958 276.8470987198958 260.211852876746 282.22950016986175 247.14278700514114 289.1980205090663 244.2726849486644 283.8156274454693 English 0
238.0700760000036 288.0629530000018 234.74041956666042 282.55974619142 251.7782095776056 272.25181288283926 255.1078652920114 277.7550082608152 English 0
327.09509517313563 190.7824666538515 329.70226829296735 197.6441730824345 285.9807093293057 214.256025914897 283.37356470270606 207.39434362709446 English 0