95 154 121 154 121 172 95 172 Manipuri 0
124 162 143 162 143 177 124 177 Manipuri 0
233.5773898075422 199.67037323037658 145.05083436655696 178.65843843364902 148.0921760048659 165.84544210341588 236.61857899991446 186.85735799999537 Manipuri 0
238 190 268 190 268 206 238 206 Manipuri 0
271 195 332 195 332 221 271 221 Manipuri 0
296 221 360 221 360 256 296 256 English 0
110.3367872396484 199.3751226608724 115.3201529999933 177.77845400002334 292.4382671382773 218.64573850488136 287.4552540030709 240.24210034501468 English 0
97.94866854528664 173.3911647150104 92.86195886168571 195.04476391861613 52.61012200004188 185.58923700002413 57.69687262800289 163.9356974296159 English 0
417.00798289828526 275.32296551066844 407.878853000002 315.3935500000156 11.192622260641656 225.01377521232666 20.32280899999023 184.94469900002113 English 0
9.083598050492583 246.51271811230768 12.775345999980345 230.9088930000201 109.57764698701794 253.81021783066547 105.88606588309631 269.4138984980226 English 0
112.95316365416511 267.7489514855062 115.62752999998338 255.92382200000006 261.3199248346791 288.87079143855357 258.6457691927353 300.6957376752241 English 0
315.46272581290395 302.02190392378276 312.7824865592265 313.81867092859136 262.95720249559963 302.4989152458934 265.63748900000064 290.7022160000238 English 0
363.956522997978 314.9175777294131 360.6821958612272 326.61131368906274 318.7707526668237 314.8765624050449 322.0451160000084 303.1828859999767 English 0
367.3649010000372 326.3808919999892 370.44173672169563 313.9301340113044 401.13936962174193 321.5155291438539 398.06258885684656 333.96623969912156 English 0