201.86922009779664 399.4223843085667 196.83434999999008 350.1330100000007 297.4173234112095 339.859224925755 302.45279839298746 389.1479117006642 Manipuri 0
300.1043170000048 345.8779289999975 339.18982656243315 341.1821691393744 344.7016739999526 387.05604600000254 305.61616984632565 391.75177630806616 Manipuri 0
341.02209825781756 386.27054820619117 335.8647249999922 339.56981000003077 421.74406135018216 330.08644720946177 426.9019034647499 376.7866457013401 Manipuri 0
515.289422683345 369.49312233260406 429.50019371244707 378.58201266372794 425.0828227245802 336.88631439367987 510.87111599998025 327.7974740000012 Manipuri 0
308.77675023417396 408.8712401143221 315.5305380000209 482.20055399997545 154.7744147458434 497.0010310733578 148.0227780000132 423.6737080000047 English 0
303.45875699997123 410.8048510000024 335.2916679628106 406.3939336422785 344.5217599999887 472.9968200000046 312.6888590636372 477.40768863140386 English 0
343.64092626419733 474.3218911701029 336.7038940000202 401.00326800002534 450.1888565970876 390.2669851481496 457.1270879036456 463.58426378936986 English 0
456.42003799999657 458.552862999999 450.06337454906316 388.8379959956002 555.5929830000241 379.2166579999656 561.950678803114 448.93037070600974 English 0
260.37670640129363 489.95029351773604 264.3376948164223 531.5972427315581 179.73945106954488 539.6406345741833 175.77919499999552 497.9943620000188 English 0
266.9161619999795 526.2201590000157 263.4111408080207 485.7170503488991 334.65073747232964 479.5531214826201 338.15624744805973 520.0556884081175 English 0
334.9298439999984 470.4979139999998 355.2227947786014 467.43536101969505 363.7520006676641 523.9411235033868 343.4590572043817 527.003644098804 English 0
421.4182386271568 471.1649007006157 427.075374281776 511.4051588333307 358.62237537890906 521.0260759397302 352.96581000002334 480.78633099999433 English 0
492.658390320139 459.8703967860896 499.90391528896 497.1329276666846 424.95237900002394 511.7035420000035 417.70743907683936 474.44152442936655 English 0
552.9374324842502 498.8457267657398 499.66763104217534 502.8719278098811 496.3109675204032 458.4625091300088 549.579928000021 454.43633999999804 English 0