205.57491610561556 288.3728089967476 217.57061800002703 236.41408899997415 291.21613755385624 253.41568890497214 279.2208920464327 305.3740129971528 Manipuri 0
341.9552284726524 318.6988560748204 285.78973152762046 318.52155015380623 285.9915699999692 254.7097629999999 342.1563048671669 254.88706772034735 Manipuri 0
434.76542260592396 283.25515182793816 425.5227130000276 334.3421960000055 341.8478913419676 319.20409727944104 351.0909759999777 268.1175380000134 Manipuri 0
199.70121441678202 333.51464281514325 207.96178099997633 290.16016999996884 326.1771411076188 312.68224541036057 317.9172879552789 356.03609015151454 English 0
349.7716483200202 368.2815441070997 324.84856124734506 367.18114066868804 327.22293699996953 313.4124949999987 352.14568691568275 314.51289101924266 English 0
435.2250673325034 336.7241056243933 428.8536429999658 382.1775979999952 348.9846592266258 370.98240398217746 355.35648400000355 325.52939299999184 English 0
125.85229289747076 389.14736496486006 139.62046200002078 319.586361000003 354.0511466154567 362.02239789154504 340.28540130930196 431.58127432638935 English 0
348.8372016404901 358.7050946637463 383.89040532318177 360.19873752254676 380.3145609999774 444.10802300000046 345.26135850501305 442.6143988471357 English 0
389.49944534331735 366.48759359522984 437.74228551970737 369.1449871549737 433.3352990000276 449.14082100000036 385.092461448221 446.48345969414254 English 0
558.5785859855969 390.1863729540438 550.7399879999866 472.3283149999653 440.6517572093435 461.82261673056723 448.49163400002 379.68210099998157 English 0
167.5487796599191 455.0796988056542 175.8026719999907 403.56295200002904 320.98950198400416 426.8201762289989 312.7370043667179 478.33567920409536 English 0
465.10286562312103 449.2170122856637 457.898772999979 500.89895299999375 315.513571400661 481.05230360517317 322.7187319999939 429.3716419999696 English 0
278.5471364231489 466.82024146492887 271.7765489999874 505.5338729999766 197.74783678978565 492.5885750602163 204.51882900000783 453.87546199996797 English 0
388.06245098086947 483.4191611709963 380.4975359999662 530.0087640000309 273.8459531290573 512.6931065952094 281.4116130000184 466.1044339999652 English 0
377.0793363849225 532.9477582161422 381.3056559999677 483.90853500000736 445.8070498134475 489.4662991408384 441.5813796947623 538.50491715599 English 0
344.91869139550545 211.0778811433027 340.64176300002146 239.12119199997096 309.85507878554927 234.42596873924302 314.13206600002013 206.38273000000268 Manipuri 0