0 127.43628599997001 -9.079320996606839 91.91877026115371 82.9253510000126 68.39974399998366 92.00475199068023 103.91713502702139 Manipuri 0
103.9510309999605 99.50413999997997 94.14210522678331 63.56209910212379 194.7573089999787 36.103264000027096 204.56629319975036 72.04520572419685 Manipuri 0
0 194.0305630000144 -10.885001149144955 150.5136462988011 98.23108899996441 123.22042699997573 109.116281317838 166.7370571684856 English 0
121.68165499999304 164.58256100003052 110.2176667524327 116.77802983768345 220.49238499996136 90.33323799998185 231.9565462058381 138.13750937112871 English 0
54.12214000003587 70.31946100000158 48.31407705620222 45.13230946090515 114.8188890000165 29.79655000002016 120.626973954204 54.98366890355769 English 0
0 84.55129699997349 -6.616274533080286 61.710071239003845 40.920808000009856 47.9403340000229 47.53709885495482 70.78153151717311 English 0
239.5901517720631 79.95033499448171 334.7197969999979 55.498751999998355 348.186033961465 107.88934721467297 253.05640735205088 132.34088380881917 English 0
44.408144992557936 218.766003712776 38.120190068511874 190.87386730784084 88.78923399999621 179.4514239999776 95.07726415540674 207.343452326298 English 0
0 234.51563100000237 -6.9651840621372685 207.01099249914452 35.443729999969946 196.27184199996861 42.40897720497742 223.77638411290155 English 0
332.4311289999605 229.72712199996806 328.98082110696123 212.96785582283562 371.3675260000309 204.24177200001446 374.81787673903455 221.0009794367647 English 0
374 201 390 201 390 217 374 217 English 0
392 196 416 196 416 212 392 212 English 0
255 248 308 248 308 275 255 275 English 0
306 234 370 234 370 259 306 259 English 0
258 303 314 303 314 329 258 329 English 0
329 288 378 288 378 313 329 313 English 0
381.0873559999891 301.6668170000256 377.34596795999096 284.55125613645345 457.50555425365746 267.0295021365755 461.24704798559833 284.1449144893942 English 0
465.13367100000323 283.9309020000312 461.17722610899364 266.5377570504363 532.1996870000294 250.38284200000817 536.1562196233717 267.7758609530206 English 0
450.9513850000076 228.66143500000348 446.7847658258688 211.2371735207606 516.7163070000242 194.5150329999679 520.8829930618958 211.93919603748787 English 0
446.451689450696 211.6764137388026 450.8354068866174 229.85633960562538 373.04468760761665 248.61291576604756 368.66111399976944 230.4331140000071 English 0
334.4044318734086 373.42592918252257 336.2896766830818 383.9900831467635 303.49143432868004 389.84241109777713 301.6062460000103 379.2783069999887 English 0
335 371 350 371 350 383 335 383 English 0