279 201 293 201 293 213 279 213 Manipuri 0
294 196 322 196 322 209 294 209 Manipuri 0
241 218 266 218 266 228 241 228 English 0
267 217 274 217 274 224 267 224 English 0
275 213 302 213 302 223 275 223 English 0
303 208 323 208 323 218 303 218 English 0
326 206 338 206 338 214 326 214 English 0
338 202 362 202 362 212 338 212 English 0
236 228 262 228 262 239 236 239 English 0
263 223 289 223 289 235 263 235 English 0
290 219 319 219 319 231 290 231 English 0
322 215 343 215 343 226 322 226 English 0
229 239 280 239 280 267 229 267 English 0
283 235 315 235 315 260 283 260 English 0
316 230 345 230 345 255 316 255 English 0
343 209 374 209 374 223 343 223 English 0
345 225 386 225 386 251 345 251 English 0
231 256 391 256 391 309 231 309 English 0
307 328 332 328 332 340 307 340 English 0
335 324 374 324 374 338 335 338 English 0
260 412 288 412 288 424 260 424 English 0
289 411 301 411 301 420 289 420 English 0
301 411 312 411 312 418 301 418 English 0
313 409 323 409 323 416 313 416 English 0
311 418 325 418 325 425 311 425 English 0
297 420 310 420 310 428 297 428 English 0
285 422 297 422 297 428 285 428 English 0
259 423 271 423 271 431 259 431 English 0
268 430 280 430 280 438 268 438 English 0
282 429 295 429 295 438 282 438 English 0
298 428 306 428 306 436 298 436 English 0
306 426 320 426 320 435 306 435 English 0
272 422 283 422 283 429 272 429 English 0
373 430 398 430 398 442 373 442 English 0
399 430 409 430 409 437 399 437 English 0
384 462 417 462 417 479 384 479 English 0
360 466 384 466 384 482 360 482 English 0
326 469 359 469 359 486 326 486 English 0
294 474 325 474 325 491 294 491 English 0
260 477 293 477 293 495 260 495 English 0
238 345 322 345 322 406 238 406 English 0
327 333 402 333 402 380 327 380 English 0
337 377 413 377 413 438 337 438 English 0
444.3728459999693 328.1024769999924 435.0923607970617 323.9995908820998 449.8306834165851 290.66490303514917 459.111101051094 294.76777193470633 Manipuri 0
455.8479729999817 301.0129299999999 448.0499959655572 296.9850363259115 466.0574034965248 262.12497432418263 473.855327522906 266.15285140554965 Manipuri 0
481.7213840223121 228.48730259651208 490.62416033913905 232.8083306866391 471.60912641047616 271.9839231954292 462.70636132452637 267.6629126141472 Manipuri 0
495.725679498355 196.5583906350269 507.3874969813187 201.80163641041602 489.66725516540464 241.2129081708136 478.0054488002497 235.96968083986548 Manipuri 0
532.5515952568094 119.55596588195347 546.658228555898 126.16396598916825 507.6002704268467 209.5425582748446 493.49365997797577 202.93459539720448 Manipuri 0
524.4600979654933 186.2129349561425 558.927729747229 204.99042913496385 472.91964392403315 362.8566718681909 438.4522455388651 344.0795220698377 English 0
472.65889856163994 344.4063571447679 488.33071498724166 356.75694977644577 454.0238037360541 400.2848553059215 438.3520715924533 387.93435740495505 English 0
503.39387812760833 303.294487446682 523.5402109249117 318.3777494598239 491.2335461558541 361.5253364944093 471.08730005886173 346.4421748601614 English 0
490.201932615455 379.16616702317356 502.1995721409621 391.03635013853085 479.87454362570134 413.59840018454 467.8769592853496 401.72827254198694 English 0
541.7338732776261 333.6162512054101 557.2202321643272 350.460331795085 511.12409937493794 392.8365424667779 495.6378870435583 375.9926039423392 English 0
568.9269893863093 214.3201864271665 596.1348747654847 234.51107439270783 521.4020725175214 335.21022115467554 494.1944074249477 315.0195911879701 English 0
487.8703089999908 431.819061000004 480.2578834744054 420.39553768442653 499.7195059999649 407.42837799998966 507.33192302737734 418.85185960749186 English 0
500.93500816321466 407.1444221357379 510.4692929999874 404.48093100000835 514.6428973877482 419.4189736972067 505.10861510498216 422.0824584848908 English 0
526.4345360000152 407.9838129999758 520.981915814773 390.3854887618669 542.8872950000368 383.59917000002054 548.3399480699154 401.197434679047 English 0