234.06837152775552 214.5500655552217 233.17505099999835 234.78146200000907 188.91473744057294 232.82709593092224 189.80812900001183 212.59577399999458 English 0
294.86579475938925 216.75630304324307 294.37444900002447 238.2647370000273 236.06644300365588 236.93258336268957 236.55789199998253 215.42425499996995 English 0
296.9357764378947 237.49899660984553 297.74592900001153 217.50942200003422 335.19990446191514 219.0272994309767 334.3898179426469 239.0168104418545 English 0
187.57708262906817 250.5860379306656 189.764417999977 234.27819100001176 224.03972694381082 238.87523375985748 221.8524484284717 255.18302936274583 English 0
290.1966257188906 242.26171417385814 288.49067999995896 261.81292200001064 224.30955406998692 256.21279230266725 226.01560499999323 236.6617010000256 English 0
339.36939714658365 242.21145607414633 338.5859982009424 257.5565530898757 290.96399313682923 255.1253263570507 291.7474560000119 239.78029699998376 English 0
333.86890009162016 182.6077466521976 333.64171900000656 218.64449299999694 272.3253665178345 218.25772699631847 272.55271100002574 182.2211440000294 English 0
181.93931410249206 211.0024700861337 183.32574200001545 173.01828600003094 266.7457282189571 176.0629158656734 265.3595367742673 214.04687080908516 English 0
399.9418427226192 213.77794980757128 398.3700079999835 229.1935290000072 364.51713844297046 225.74181039732997 366.08901100000367 210.32627399996701 Manipuri 0
432.04382841569895 213.51040743028193 430.4483729999629 229.54028999997132 399.92894596587576 226.5027423486802 401.52443699997093 210.47290000002047 Manipuri 0
433.5484579925105 227.33549323944558 434.1433010000037 214.85499399999287 463.36050940532004 216.2474680039404 462.76569784888125 228.7279371360435 Manipuri 0
514.0772742375702 219.66379664092506 513.3999412691628 231.38959218377926 486.2595430779038 229.82186088805688 486.9369010000082 218.0960920000072 Manipuri 0
528.9201904570655 231.18274034699442 528.7987219999923 220.9574829999749 549.2959884361335 220.7139918849145 549.4174743039184 230.9392315821528 Manipuri 0
292.95682622156164 310.18698282622125 293.53501600002346 286.95914399999845 355.6194042426796 288.50431858368495 355.04137888950936 311.7319969174214 Manipuri 0
408.8092901166965 292.40185065901903 408.70736700002453 307.62071400002674 361.0424865573441 307.3013513970114 361.14449000000604 292.08256900002095 Manipuri 0
391.37100561383704 356.78726049420425 390.6991640000342 316.39698199997997 540.1876116214407 313.90963092420895 540.8601938585343 354.29915439563524 English 0
146.8003894564754 363.44518928965977 145.35610700004327 316.70631700002895 386.5901010341622 309.2497137920451 388.03575027763145 355.9871599947758 English 0
339.8790717824886 387.8706329261579 339.4387184911466 368.4483556999445 415.18898937880294 366.7308031431623 415.62954428933153 386.1528731203043 English 0
221.5977369999746 392.16648899998637 220.97968594767735 370.9536835697167 321.95271002805384 368.01151319947536 322.5710547763447 389.22401522436934 English 0
429.7083597107121 385.97963911219614 428.58558200001426 366.5766639999963 502.3924622341292 362.30590067604567 503.5154269992927 381.7086759982876 English 0
368 394 409 394 409 414 368 414 English 0
413.53539810021175 408.8099524027379 412.70182766544167 394.69536231277567 477.11605271688313 390.8914420847813 477.9497498686396 405.0058966031051 English 0
261.7806656882749 415.642922025582 261.03176900003746 400.35458800001766 356.78913196519716 395.6639221208194 357.53823814418865 410.95203485431733 English 0
471.4233457636874 490.1201095918896 474.2424260000553 516.6710300000195 383.4276230132673 526.310554884116 380.6090419999964 499.7600929999892 English 0
483.46548885980155 511.953747655559 480.675171000039 490.4402970000276 562.1492296119686 479.87450516949673 564.9398230625957 501.3876295400628 English 0
372.93801573177916 482.74367188810265 369.84637299996393 457.1796830000341 460.6834462418192 446.19533456079296 463.77543540118495 471.7589187303267 English 0
473.1966086088505 474.0366699695537 471.36955300004047 448.9043229999684 533.1877600129519 444.4108129903936 535.0150603049406 469.5428935697658 English 0
461.52759200005676 547.5413969999953 481.4611989913101 542.4663332453003 487.85191800001485 567.5618049999987 467.91832105656795 572.6368415076523 English 0
546.2432954978431 535.9468528137809 549.313869999969 557.7467370000168 490.7425418889761 565.9943110879242 487.6722609999706 544.1946910000233 English 0
67 472 180 472 180 538 67 538 English 0
26 481 59 481 59 544 26 544 English 0
45 560 59 560 59 574 45 574 English 0
61 555 91 555 91 573 61 573 English 0
95 547 165 547 165 570 95 570 English 0
104 583 179 583 179 611 104 611 English 0
29 594 99 594 99 622 29 622 English 0
27 563 40 563 40 578 27 578 English 0
607.2989419971418 413.7595343444173 608.2438900000125 422.12552200003574 582.5934861656424 425.0223159909633 581.6485749999993 416.65636200001416 Manipuri 0