141.66749842537683 272.19927292384614 140.3194553576759 321.23425881391626 11.61739569834026 317.6950240594549 12.966111000059755 268.66072900001205 Manipuri 0
144.35500200001115 327.88492399999035 146.39865513221594 270.32867877661147 210.5177150000236 272.605186999998 208.47448800035636 330.16102030322793 Manipuri 0
214.05973699998867 327.26547200002636 218.23132929566782 277.35426335548857 286.8020252641145 283.08497678073843 282.63085149024846 332.9957949650744 Manipuri 0
374.2228442994383 284.36491060111973 372.30154799995944 333.4223130000188 289.83366726184613 330.1921357926233 291.75540700001875 281.13519599996437 Manipuri 0
373.1560100000206 332.3989630000063 376.47236640696065 285.4575360776827 500.08806099998765 294.1897089999685 496.7724257217196 341.1304558373323 Manipuri 0
502.6266522709193 340.3572350697729 502.91733499994734 290.065462000032 619.6495430712093 290.7396649174732 619.3595533500775 341.03074874673786 Manipuri 0
112.32864002973656 404.17997306433904 3.573268290856504 402.7749247713021 4.622634755141917 321.6519390727313 113.37562700005947 323.0569720000003 English 0
119 325 261 325 261 407 119 407 English 0
267 331 427 331 427 414 267 414 English 0
427 336 622 336 622 427 427 427 English 0
91 400 282 400 282 473 91 473 English 0
279 399 425 399 425 476 279 476 English 0
416 412 529 412 529 479 416 479 English 0
0 502 42 502 42 556 0 556 English 0
42 511 68 511 68 550 42 550 English 0
67 507 193 507 193 557 67 557 English 0
122 467 189 467 189 512 122 512 English 0
191 463 224 463 224 511 191 511 English 0
204 513 357 513 357 545 204 545 English 0
356 511 427 511 427 548 356 548 English 0
434 520 503 520 503 550 434 550 English 0
509 517 574 517 574 552 509 552 English 0
500 550 584 550 584 583 500 583 English 0
441 546 510 546 510 581 441 581 English 0
348 541 440 541 440 577 348 577 English 0
321 572 420 572 420 606 321 606 English 0
428 570 501 570 501 610 428 610 English 0
194 566 316 566 316 609 194 609 English 0
198 535 268 535 268 573 198 573 English 0
269 534 337 534 337 572 269 572 English 0