124.74494472269726 164.66929765233596 113.01017400001001 196.8447619999754 50.08337828257936 173.89493524411702 61.81820999998308 141.71960599996876 Manipuri 0
167.09356351508177 178.12275168101067 159.8619250000047 204.7811639999677 107.8005130085512 190.6586646101994 115.03221300001314 164.00034999998698 Manipuri 0
152.5701285823743 205.51335057544745 161.50243600000977 177.1281570000038 218.27221525054483 194.99202432127416 209.3400556402048 223.37709196845572 Manipuri 0
265.5418141643895 350.2762109265494 204.99472227369552 354.27270758528715 196.65524200005166 227.92541599999853 257.2006844716816 223.92897409510184 English 0
124.22876800002996 206.1793179999992 193.5733628260641 200.68835645468798 203.4887990000425 325.9031949999995 134.14421251880412 331.3940881640054 English 0
380.8570250455523 280.62274239653624 391.3478120000218 250.43690199997764 443.9573967752949 268.71981089391323 433.466812515544 298.90547899946404 Manipuri 0
508.3719600535551 291.88645727030325 499.8322190000181 321.75484400002995 427.40292899085034 301.0473927751567 435.9428179999668 271.1792539999822 Manipuri 0
455.396618849627 399.75023629546973 447.2627218001435 421.05565489444734 380.9311648758012 395.73446375408787 389.0651549999893 374.42926900001873 English 0
491.670002077808 400.3187322924348 485.0451539999631 426.20909400002586 440.2487210911204 414.7477384382546 446.87368699997023 388.8575579999738 English 0
482.76096229870745 428.4471932502128 487.99001799998223 401.3075410000131 535.9533866506536 410.54749686669345 530.7245664578659 437.6869420464706 English 0
400.5053416520241 376.0914888731233 416.22569699997257 302.7062150000222 587.8866280876537 339.4746391771236 572.1682445938495 412.8581896334936 English 0
413.5161107289605 363.69335759637227 355.8617369388958 370.6249877666314 345.13614399998914 281.4162640000034 402.78928572675795 274.48470880571347 English 0
127.8146648404072 306.9711139027924 29.881484800571343 314.1801417126057 19.18520200000785 168.86321400000077 117.11585118653602 161.65428011367086 English 0
170.25686257125926 339.91246173945825 162.34037478207028 363.44246310296256 89.3335639542056 338.8815771491813 97.25016700002016 315.351803999983 English 0
215.45644247766177 350.23268885670564 209.37549100002798 374.68213999999045 160.01437245839043 362.40620586453156 166.0954330000095 337.9569189999731 English 0