58 179 99 179 99 197 58 197 English 0
101 175 134 175 134 195 101 195 English 0
136 176 144 176 144 191 136 191 English 0
145 171 182 171 182 189 145 189 English 0
184 168 214 168 214 186 184 186 English 0
49 202 62 202 62 213 49 213 English 0
63 199 80 199 80 211 63 211 English 0
82 198 120 198 120 210 82 210 English 0
121 196 138 196 138 207 121 207 English 0
140 195 159 195 159 205 140 205 English 0
161 191 181 191 181 203 161 203 English 0
182 190 197 190 197 202 182 202 English 0
197 136 258 136 258 163 197 163 Manipuri 0
47.31046499997319 182.03455900000705 43.5836076290434 149.9847505377576 186.1729049999849 133.4038209999805 189.89999552934023 165.45335897338896 English 0