60 219 85 219 85 236 60 236 Manipuri 0
90 220 108 220 108 234 90 234 Manipuri 0
203.75793580373283 228.15303838521498 112.86900306018651 232.3556176892079 112.2608145292179 219.2006876821402 203.14954800000123 214.9981129999989 Manipuri 0
208 214 237 214 237 228 208 228 Manipuri 0
241 206 302 206 302 228 241 228 Manipuri 0
273 224 336 224 336 255 273 255 English 0
85.21015079531935 261.8389329950737 84.04753200004052 239.70528700002706 265.5687884256622 230.1696030879916 266.7317543424724 252.3028784221214 English 0
66.13968590434524 240.2761347329283 67.21877112089715 262.4930278726753 25.919724999985192 264.4987209999794 24.840729855714017 242.281913967513 English 0
0 310.28905000002146 -1.9243941907188855 269.26496854615675 401.2796519607946 250.3444568754277 403.20568679308053 291.3668047977153 English 0
0.8722796188521897 335.0596568009058 0.11987000005319715 319.04272200002146 99.48447780283459 314.3748427794867 100.2370701644395 330.39158516344855 English 0
106.57160923808988 326.84290231181336 105.8827839998412 314.73871200001304 255.01254973256437 306.2514789735584 255.70157460155315 318.3554557425975 English 0
310.68305763466924 303.9689825844976 311.35850607592147 316.04754416132386 260.343210312858 318.89999110412384 259.6678370000154 306.8215009999796 English 0
360.85281648331147 302.9984086116662 360.92880054042325 315.1416878894129 317.4063899288012 315.4138605561506 317.3304669999925 303.27064200001314 English 0
367.2888769999554 313.07817099999636 366.81435807753587 300.2616757429896 398.4136311777547 299.0917885775086 398.8881944327295 311.9082377071399 English 0