98 249 155 249 155 274 98 274 English 0
158 252 231 252 231 279 158 279 English 0
233 257 282 257 282 282 233 282 English 0
136 231 224 231 224 253 136 253 English 0
229 238 251 238 251 253 229 253 English 0
142 217 177 217 177 234 142 234 Manipuri 0
179 217 215 217 215 236 179 236 Manipuri 0
217 219 249 219 249 236 217 236 Manipuri 0
156 281 213 281 213 294 156 294 English 0
123 294 137 294 137 303 123 303 English 0
137 294 146 294 146 303 137 303 English 0
150 296 163 296 163 303 150 303 English 0
165 296 172 296 172 304 165 304 English 0
174 297 184 297 184 305 174 305 English 0
188 298 202 298 202 305 188 305 English 0
204 301 222 301 222 308 204 308 English 0
225 301 248 301 248 309 225 309 English 0
127 303 146 303 146 312 127 312 English 0
147 305 167 305 167 314 147 314 English 0
171 307 184 307 184 315 171 315 English 0
184 308 191 308 191 316 184 316 English 0
193 309 205 309 205 317 193 317 English 0
216 312 223 312 223 318 216 318 English 0
224 312 229 312 229 319 224 319 English 0
235 313 241 313 241 321 235 321 English 0
90 323 118 323 118 335 90 335 English 0
121 324 140 324 140 337 121 337 English 0
141 326 165 326 165 338 141 338 English 0
166 329 207 329 207 342 166 342 English 0
209 332 229 332 229 343 209 343 English 0
231 333 240 333 240 344 231 344 English 0
243 335 278 335 278 347 243 347 English 0
119 314 140 314 140 322 119 322 English 0
143 316 164 316 164 324 143 324 English 0
168 317 178 317 178 325 168 325 English 0
180 318 187 318 187 325 180 325 English 0
188 318 205 318 205 326 188 326 English 0
215 321 222 321 222 328 215 328 English 0
223 322 228 322 228 329 223 329 English 0
241 324 248 324 248 331 241 331 English 0
301 146 321 146 321 153 301 153 Manipuri 0
294 153 316 153 316 159 294 159 English 0
317 154 327 154 327 160 317 160 English 0
283 159 309 159 309 167 283 167 English 0
311 161 337 161 337 169 311 169 English 0
281 183 288 183 288 187 281 187 English 0
299 184 307 184 307 189 299 189 English 0
309 184 313 184 313 188 309 188 English 0
319 185 322 185 322 190 319 190 English 0
275 177 290 177 290 182 275 182 English 0
291 178 296 178 296 182 291 182 English 0
298 179 317 179 317 184 298 184 English 0
287 168 300 168 300 173 287 173 English 0
301 170 321 170 321 175 301 175 English 0
322 171 332 171 332 175 322 175 English 0
282 173 291 173 291 177 282 177 English 0
293 174 312 174 312 179 293 179 English 0
312 175 327 175 327 180 312 180 English 0
319 180 334 180 334 185 319 185 English 0
335 181 341 181 341 185 335 185 English 0
329 176 336 176 336 180 329 180 English 0