41 212 84 212 84 235 41 235 English 0
83 203 119 203 119 227 83 227 English 0
118 202 128 202 128 217 118 217 English 0
126 192 165 192 165 215 126 215 English 0
165 185 197 185 197 206 165 206 English 0
35 239 50 239 50 252 35 252 English 0
49 234 67 234 67 248 49 248 English 0
67 227 106 227 106 244 67 244 English 0
105 222 124 222 124 236 105 236 English 0
125 218 145 218 145 231 125 231 English 0
145 212 166 212 166 226 145 226 English 0
165 208 182 208 182 222 165 222 English 0
173 146 237 146 237 181 173 181 Manipuri 0
30.763183000017307 221.32827700001678 22.611992068996187 190.10891902873027 161.50613199999498 153.8448940000052 169.6575232052419 185.06393873384138 English 0