478 0 521 0 521 22 478 22 Manipuri 0
521 0 549 0 549 13 521 13 Manipuri 0
433 59 506 59 506 85 433 85 Manipuri 0
405 70 430 70 430 88 405 88 Manipuri 0
453 115 540 115 540 139 453 139 Manipuri 0
22 257 65 257 65 274 22 274 Manipuri 0
72 249 112 249 112 265 72 265 Manipuri 0
124 227 237 227 237 258 124 258 Manipuri 0
614 336 640 336 640 356 614 356 English 0
515 171 555 171 555 192 515 192 English 0
555 167 586 167 586 185 555 185 English 0
437 180 516 180 516 204 437 204 English 0
401 192 436 192 436 209 401 209 English 0
576 132 619 132 619 155 576 155 English 0
542 49 574 49 574 64 542 64 English 0
575 42 605 42 605 59 575 59 English 0
523 7 596 7 596 40 523 40 English 0
427 19 523 19 523 55 427 55 English 0
66 249 213 249 213 290 66 290 English 0
104 284 155 284 155 302 104 302 English 0
154 279 177 279 177 292 154 292 English 0
179 273 215 273 215 288 179 288 English 0
59 292 99 292 99 310 59 310 English 0