186.1630539016187 368.48461415681595 193.203061000022 319.441463000013 293.2849157060991 333.8063746404149 286.2456304027728 382.84887587118465 Manipuri 0
294.4348361849552 340.2960392610396 333.49544053133286 345.19444110151284 327.74560300000303 391.0400709999991 288.6850042705919 386.14169989786456 Manipuri 0
324.36414617426635 389.38757147111966 330.65910899997107 342.8265270000313 416.2828616794286 354.40134391061065 409.98851642340014 400.96182974704925 Manipuri 0
497.5150125782966 415.2677504232588 412.07491352251964 403.3344470220975 417.87596901231154 361.80852676328846 503.31504900001164 373.74175799999796 Manipuri 0
287.6126798561745 403.5166539031747 276.42343400002574 476.30124299999704 116.85953465523198 451.7718235693883 128.05029600000125 378.98909999999154 English 0
281.9823493668082 404.1058623332486 313.93680999884964 407.52588058603317 306.78007799993793 474.384510999997 274.8256233569555 470.9645303001348 English 0
305.6020616700698 475.45670469744266 316.61125300001004 402.6381629999701 429.3252691679663 419.6762647296794 418.31762228612206 492.49342364767415 English 0
418.8488089999737 487.4402450000295 429.54939645125705 418.2581915533158 534.2690579999908 434.45277200001465 523.5698787171714 503.63356542502424 English 0
221.0330726714892 470.47788642639176 214.79929908666236 511.8455315425522 130.76814576525067 499.18401000449865 137.0024359999661 457.81699799999325 English 0
218.60380700003589 507.25239600001197 225.00332410651026 467.10460012385306 295.6179984451592 478.35834130725806 289.21907165924495 518.5056109245677 English 0
298.07756669426453 469.639333662449 318.50874853276764 471.5761248118397 313.11477498958993 528.4667896033546 292.68359599998803 526.5300189999987 English 0
381.8355938226159 491.20985344659607 377.58795674824796 531.6232978727594 308.84075053771085 524.3983588262485 313.08885099999316 483.98544200001584 English 0
453.69199403954553 497.48534341561856 451.70618493102666 535.3936913172911 375.4575599999953 531.3994060000019 377.44389134662924 493.4916111383485 English 0
502.7514421887463 549.8859004299569 450.0894922437874 540.9077732268826 457.5762727370602 497.00536767272985 510.2373290000105 505.9834169999966 English 0