349.1824472128792 193.94792411175501 350.8833315614902 206.25928522768612 328.5528399999748 209.3442449999998 326.85197872138815 197.03290464043044 Manipuri 0
365.32191782644077 192.60029052334545 367.33431000000564 205.98317700001627 350.0312768187723 208.58494457235352 348.0189041299309 195.2020755197357 Manipuri 0
347.0631228079583 205.6073718680065 348.6769729999651 219.74210600000416 308.82869860943174 224.2915858688582 307.2148980000202 210.15689699997353 English 0
385.5099635537772 200.44425926357874 388.25379499998235 216.2974419999711 350.64666680096707 222.80609432522058 347.9028890000336 206.95295900002822 English 0
346.96978934967774 221.35141228540726 348.90973659523297 235.41598110829239 305.33225024126295 241.4263377468086 303.3923619999405 227.3618219999795 English 0
345.33709700001054 220.8081689999999 356.74002998450305 220.41350089223334 357.2825312419445 236.0871004425561 345.87959828568273 236.48176802472207 English 0
395.5669955987105 217.33522108323766 396.6706400000112 230.07087299999444 356.8952195841848 233.5175063401116 355.791620999953 220.78189699998148 English 0
344.9252326109854 247.96548709846067 318.89487350694253 250.02273356744234 318.02778400000534 239.05159799999777 344.0580915002647 236.99435357882308 English 0
362.9214415532624 235.40558269017396 363.3215414884762 247.6598578849344 343.5852505018556 248.30418841229348 343.18517300001986 236.04993500000776 English 0
384.85274916929484 231.29168494557362 386.60855599999195 243.99894599998706 364.3381436589698 247.07595870955146 362.5823649999802 234.36872300002096 English 0
413.5747235132294 250.80712916431105 417.5430110000161 283.2917769999881 290.2474338331376 298.8401441771225 286.2796146382607 266.3559221141561 English 0
295.18757600002573 345.84630400000424 289.9529391541 298.83710239280435 404.143795660857 286.12203635048013 409.3789849573659 333.13060159047006 English 0
529.9477199885587 312.2335863848163 533.0917928931012 336.93494300443064 468.55166827881476 345.14880153928283 465.4078119999758 320.4476410000214 English 0
463.6732173544442 358.18930616077415 461.8616259999544 347.2764009999699 503.33528333329014 340.39213045333577 505.14692197495606 351.3049759756743 English 0
514.8782020717044 349.92695772803006 505.3676556314167 350.16057806810454 505.1223819164443 340.17596604085645 514.6329039999546 339.94234600000084 English 0
518.8970749999862 347.3594719999716 517.8192166755616 337.10475764641865 543.2704635096889 334.4298222347534 544.3483510681108 344.6845032437744 English 0
446.99820589295996 362.0665240482068 449.1134580362268 374.0932809575255 420.11729099998774 379.19248899999934 418.0020940078248 367.1657808932212 English 0
469.91475978495146 358.22786941292514 472.08021401515 369.7424233924946 450.52639219262346 373.79543062839326 448.3609769999748 362.28091099999244 English 0
490.34617310986505 366.44842465414195 472.13024255608616 368.8756737358997 470.86167405272136 359.3561289345834 489.07755799998995 356.92888300000027 English 0
496.84524705640797 354.32488289726666 499.3687720242451 364.700407828333 491.60177810415917 366.5892948198237 489.0782659999968 356.2137809999649 English 0
509.68733305402566 351.54505271637595 512.3671837787697 362.45728012887304 499.6399386486155 365.5825453595646 496.96011 354.6703369999666 English 0
527.8070125589875 360.72355878705076 515.7813927465031 363.8949424360419 512.6619511867466 352.06733351566703 524.6875339999679 348.8959550000071 English 0
529.8907630000031 360.1470380000108 527.8725081539596 348.9211359591716 551.8459630000143 344.6114330000123 553.8642455325316 355.8372991953383 English 0
312.94297200540313 405.11503922282054 303.44722064932284 406.57967497253867 301.76486329401087 395.67356434384476 311.26058400004695 394.2089309999956 English 0
314.30570700002136 405.32932600002766 312.2300263748184 394.29181778088633 333.7838064335665 390.23893693451924 335.8595142842387 401.27640936855306 English 0
335.82729599998856 398.41963200001385 334.9835255937069 388.8844530299008 356.49517724283214 386.98108238140776 357.3389747110923 396.51623123681225 English 0
324.6444704402529 404.2425822704194 326.45600299496436 413.39107588289806 303.3608000003733 417.963622684189 301.54930500000773 408.8151620000133 English 0
305.1298459999816 430.2471890000213 303.08814487689233 417.6159923272846 322.5037190000148 414.47807300002324 324.5454513349978 427.1092306285426 English 0
443.7140496580105 394.5858580300055 445.8854264310503 407.93223356557075 327.83899977293913 427.1341226394285 325.66789699987567 413.7879909999677 English 0
517.667399970087 394.3230491571958 448.24007148316014 406.5893722842951 446.2555276063358 395.35751859881486 515.6826290000026 383.0912159999999 English 0
329.90219617422554 426.2133383435633 331.8937609611021 436.5842632598356 307.2082879460504 441.3239638819091 305.2167709999776 430.9530810000322 English 0
333.51969900002587 435.1286040000074 331.9241618459637 424.59247545932124 394.1448730000411 415.1711079999799 395.7404955627135 425.7071315990598 English 0