205 147 349 147 349 189 205 189 Manipuri 0
100 192 259 192 259 235 100 235 English 0
278 189 430 189 430 226 278 226 English 0
69 421 109 421 109 441 69 441 English 0
114 420 144 420 144 440 114 440 English 0
147 420 160 420 160 437 147 437 English 0
164 418 178 418 178 437 164 437 English 0
181 416 212 416 212 436 181 436 English 0
226 415 264 415 264 434 226 434 English 0
72 445 127 445 127 467 72 467 English 0
133 443 182 443 182 463 133 463 English 0
186 442 216 442 216 461 186 461 English 0
73 473 109 473 109 495 73 495 English 0
112 471 139 471 139 490 112 490 English 0
143 468 170 468 170 488 143 488 English 0
174 468 197 468 197 486 174 486 English 0
199 466 237 466 237 486 199 486 English 0
239 464 256 464 256 483 239 483 English 0
260 462 280 462 280 483 260 483 English 0
284 461 306 461 306 480 284 480 English 0
308 460 334 460 334 478 308 478 English 0
339 457 399 457 399 477 339 477 English 0
422 487 472 487 472 509 422 509 English 0
417 468 446 468 446 486 417 486 English 0
450 468 462 468 462 485 450 485 English 0
347 432 383 432 383 452 347 452 English 0
443 420 471 420 471 446 443 446 English 0