506 18 547 18 547 38 506 38 Manipuri 0
549 15 576 15 576 33 549 33 Manipuri 0
454 76 526 76 526 96 454 96 Manipuri 0
426 81 450 81 450 97 426 97 Manipuri 0
469 135 556 135 556 151 469 151 Manipuri 0
28 235 71 235 71 249 28 249 Manipuri 0
79 231 118 231 118 244 79 244 Manipuri 0
131 220 244 220 244 241 131 241 Manipuri 0
612 365 640 365 640 383 612 383 English 0
527 192 566 192 566 210 527 210 English 0
567 190 597 190 597 206 567 206 English 0
448 197 527 197 527 215 448 215 English 0
412 203 446 203 446 217 412 217 English 0
591 159 633 159 633 179 591 179 English 0
564 72 596 72 596 85 564 85 English 0
598 68 627 68 627 82 598 82 English 0
548 32 620 32 620 59 548 59 English 0
452 38 547 38 547 66 452 66 English 0
72 239 218 239 218 268 72 268 English 0
107 269 158 269 158 283 107 283 English 0
159 267 181 267 181 278 159 278 English 0
183 264 218 264 218 276 183 276 English 0
62 272 101 272 101 287 62 287 English 0