266.4633037960448 194.94911974927206 260.02791500002786 214.15048499998622 218.02073756160098 200.07199080673885 224.45615800002997 180.87068800000765 English 0
324.297461807073 213.8279342179394 317.8964309999719 234.36766400001912 262.2141954041581 217.0152140102789 268.6152790000051 196.47558000003315 English 0
320.56941065064166 234.33751921037842 326.8582459999743 215.3456800000043 362.4431348089274 227.1285583958209 356.15437132997613 246.12033650226547 English 0
211.83991247373342 216.77427455538367 218.4376560000237 201.70111699999936 250.11819399813248 215.567672806045 243.5204998626432 230.64078842884862 English 0
312.7789225681772 237.05834040294266 305.7498299999861 255.38184500002228 245.5984148490097 232.30787780776876 252.6275500000338 213.9844759999929 English 0
360.0604887424561 250.5637812326856 355.0775815682573 265.0984267598207 309.97052015765803 249.6349970449725 314.95345900002576 235.10041600001696 English 0
371.2023508216953 191.7529395222216 361.05062599999656 226.33100100001838 302.2159207707591 209.05812294571732 312.36773800002993 174.48021800003428 English 0
217.33119399017596 177.1701193583093 229.13392200003727 141.03957699997386 308.4833703448385 166.95997458312627 296.6808698565728 203.09032305286112 English 0
426.1239617978572 239.9278225026565 420.3637429999799 254.31292000002037 388.7735415520001 241.6637557495872 394.5337770000333 227.27870199997022 Manipuri 0
457.05613839374564 248.51915684876846 451.1038659999758 263.4882429999958 422.60379017425294 252.15601740818408 428.55607899997267 237.1869740000276 Manipuri 0
454.69141748581023 262.22329740372015 458.7034750000021 250.39029100001267 486.405202822134 259.7822557419659 482.3931848639768 271.6152285406287 Manipuri 0
534.215461361382 277.04558033441833 530.3321319870884 288.1303809127622 504.6752277736232 279.14249238205474 508.55857199996535 268.05772300002394 Manipuri 0
545.3081623929756 292.2095319661777 548.0100310000125 282.3469500000266 567.7805462550896 287.76276839049086 565.0787030912034 297.62532851977465 Manipuri 0
296.70888593063864 303.11289264390473 303.66751900000963 280.9443520000253 362.9213568152045 299.542613321573 355.96290483481425 321.71099973617777 Manipuri 0
412.9763432239997 317.9501780719482 408.6831869999878 332.5513309999935 362.9525048148935 319.1060713968218 367.2457089999807 304.5050010000009 Manipuri 0
378.46513318902 375.03436756039804 388.95352400002594 336.0238879999662 533.337702550125 374.8383303128474 522.8502598767227 413.8479950646046 English 0
141.53402700190782 314.02173653224173 153.02937699998438 268.69552700002447 386.9747243086749 328.0208267067203 375.48089586569404 373.3457191559554 English 0
320.4007500096486 390.7207081178997 325.3315471410315 371.9295154291759 398.6213658748602 391.15833154833877 393.6908097086416 409.94931678970147 English 0
205.5178939999314 362.24754200000183 210.7713395909377 341.68625744563343 308.6438696492405 366.68999712729646 303.390751118568 387.2509998045233 English 0
407.27134026361455 413.66327141643035 411.54089299998304 394.70260600002916 483.66642465189216 410.9415087522591 479.39711944316514 429.90195907891564 English 0
342 408 384 408 384 430 342 430 English 0
385.4321590777545 431.15134273506334 388.521921100255 417.3537968791517 451.4898321509827 431.4524015135323 448.4002345101908 445.24980447488366 English 0
237.67275714715652 395.8903439764254 241.16737099997408 380.9879409999969 334.50866903825954 402.8734216148152 331.0143002436962 417.77561226093303 English 0
418.66743792917987 525.2679865715149 414.0574529999867 551.5673020000067 324.1021999075747 535.8014490925334 328.71255400001246 509.5026080000261 English 0
424.2222249921906 549.5747822501792 427.47117400002026 528.1258080000134 508.7025932758843 540.4270578290937 505.4540435453964 561.8756746183795 English 0
326.02782457252033 491.03075592868674 330.1035640000191 465.60509700002603 420.4506447098538 480.08476773355164 416.37537702408736 505.5100059719527 English 0
424.8025086261623 510.2959898392688 429.97490699999616 485.6338910000247 490.63819000541116 498.3542917949879 485.46612020771136 523.0161035897506 English 0
393.3261404021323 577.7371198924386 413.8864282443683 578.3517894219538 413.1123380000645 604.2379400000011 392.55205031324294 603.6232739683239 English 0
477.9574222383235 589.9426313098955 474.89875799998117 611.7443009999716 416.3215880716598 603.5278916488452 419.3804900000396 581.7265080000178 English 0
22 407 138 407 138 480 22 480 English 0
0 396 19 396 19 460 0 460 English 0
3 477 34 477 34 497 3 497 English 0
36 483 107 483 107 511 36 511 English 0
34 521 110 521 110 553 34 553 English 0
0 509 30 509 30 541 0 541 English 0
570.3261969274172 489.3178052683909 568.9282020000246 497.6201369999737 543.4726231500099 493.334472588811 544.870649000004 485.03217999998265 Manipuri 0