76.64142100002209 164.51522600003304 73.432775993424 109.18966500791615 153.78951899998356 104.52933400001052 156.99837343447143 159.8546692208309 Manipuri 0
206.1017705811537 156.5704313908117 151.33188400002837 153.84078000000022 154.57484475453384 88.77569182303097 209.34440400000312 91.50533500000012 Manipuri 0
467.4345514506422 63.65871339791319 474.4295348885498 105.36253008409417 370.24215400000685 122.83750899998 363.2473424724594 81.13384498251635 Manipuri 0
528.6001648047386 123.49741978250579 466.30296800001815 119.74833199999993 471.3063149095251 36.6126875957414 533.603202000013 40.361765999999584 Manipuri 0
49.78432399999292 348.09399399999745 40.95100845799607 180.95824252022427 338.4181489999901 165.23567099998402 347.25597256321635 332.3665858078806 English 0
348.26254486775724 123.05830394215317 521.400638999985 139.7436629999972 501.6741936413018 344.4309482964877 328.536141999939 327.74588899999685 English 0
79.43177374057996 422.51717336250283 118.63359199996921 426.0061089999987 112.77997910030535 491.76760846000434 73.5781660000066 488.2787120000028 English 0
159.84307307662675 500.5244793532278 112.33783352574392 495.14787610081834 120.83177262065874 420.11714460804035 168.33579199999804 425.4936780000031 English 0
161.95160399998713 489.20696499999804 160.2646535875101 430.5941264026236 265.9226550000312 427.5531970000037 267.6106300990068 486.1649790605844 English 0
59.400515464512864 604.0243208745106 60.96250178590708 534.8733305165665 128.81874699996843 536.4057409999916 127.25777839550574 605.5557340010565 English 0
131.02700345829362 536.1842164031923 197.1478400000342 536.5266310000001 196.74294960597763 614.6930567617874 130.62211307595135 614.3506478887725 English 0
275.6118624168448 612.311639651841 195.56825054220099 609.0457268044056 198.79318947343563 530.0603971524575 278.8341120000405 533.3262550000002 English 0
313.04908821453864 612.1349606773542 273.8845299999957 608.7921049999999 280.46825184777845 531.6851995506335 319.63152500000433 535.0280000000018 English 0
410.63999756741396 537.9314285541823 404.38046737675904 613.0321107120773 315.2820690000226 605.6062150000173 321.54289254147443 530.5069618883978 English 0