210.28201646484376 274.66357014518894 228.52067100000568 224.55412400000506 299.5455331541598 250.40422786817462 281.3073147930845 300.5133040319435 Manipuri 0
341.9501016437425 321.38421786809965 286.2248273232399 314.36378246501613 294.2019419999997 251.05184100000128 349.92647040962765 258.07222894183826 Manipuri 0
438.3884693446453 297.51551349596 422.98828899998625 347.09527599999325 341.781661344794 321.87257767879595 357.1821099999943 272.2932989999801 Manipuri 0
198.9506365840498 318.75309145027506 212.43345800001407 276.72856700002353 327.02325533704425 313.48968452052145 313.5411331838259 355.51361339611645 English 0
343.6656561627751 371.5499054752354 319.0624141495937 367.42059633947724 327.9719130000012 314.34185200000235 352.5748266233859 318.4711331171024 English 0
432.3285541249061 350.64194501891006 420.46472100002575 394.98005799999703 342.5549427815713 374.13468099921226 354.41907899999933 329.7970489999967 English 0
118.8721111961786 364.9711681024037 141.01539399998728 297.6067079999667 348.67687636266055 365.8590067893642 326.5359490302217 433.2214626192949 English 0
343.9051979980286 361.93094871718216 378.5152080294938 367.68485639526534 364.7400230000494 450.53343700000454 330.13003087042307 444.77960224923766 English 0
383.3158935362735 374.610916310948 430.8754628057068 383.1270666022349 416.75220800003444 461.99032300000124 369.19266661534493 453.47427872662223 English 0
548.248077580356 418.73874635740697 530.4559349999909 499.3130130000182 422.46726928278804 475.46922823961097 440.2604589999828 394.89643099997056 English 0
152.22245605771604 435.4935300319273 166.69373500000802 385.3668529999728 307.96480291333864 426.1447387269293 293.49490576729295 476.27023341077324 English 0
448.2747060558904 465.93762203255216 434.8248600000079 516.3561919999786 295.91876768470684 479.3050338810357 309.3694169999799 428.88773199997274 English 0
260.9638783433911 460.67424636953376 249.5251080000162 498.2739710000104 177.62524498306448 476.40319279502825 189.064292999974 438.8039599999988 English 0
367.64029499929165 490.4960465237928 354.4529670000338 535.8161859999949 250.70573114549916 505.6318867595684 263.89359299995704 460.31265200002974 English 0
350.700877470299 538.3164446265328 360.87326799999573 490.1580660000013 424.21777207113337 503.5355123568842 414.0460745355813 551.693285456888 English 0
358.00733308002236 214.9266228914152 350.3445500000089 242.23964799999885 320.35944083851064 233.8274493672585 328.02226699997846 206.51449499999256 Manipuri 0