225 222 265 222 265 252 225 252 Manipuri 0
268 228 322 228 322 256 268 256 Manipuri 0
326 239 376 239 376 264 326 264 Manipuri 0
131.3883270000224 277.25520999999344 136.6544328233431 238.70266941457066 319.3290011375939 263.65270199485093 314.06368883857795 302.20452443651675 English 0
321.4345299999695 304.95583700001214 327.22931252457784 267.09073643694785 471.1389977073122 289.11215106992944 465.3448962654511 326.976642277861 English 0
361.69225409168575 313.336332597925 357.37834600004135 347.2225120000076 249.91602632660943 333.5421070473392 254.23030899997684 299.65636899999015 English 0
258 340 288 340 288 363 258 363 English 0
291 344 309 344 309 364 291 364 English 0
313 348 356 348 356 370 313 370 English 0
333 378 376 378 376 399 333 399 English 0
379 384 416 384 416 402 379 402 English 0
274 371 331 371 331 393 274 393 English 0
196 360 229 360 229 380 196 380 English 0
233 367 268 367 268 386 233 386 English 0
266 95 281 95 281 105 266 105 English 0
284 98 293 98 293 108 284 108 English 0
267 107 292 107 292 124 267 124 English 0