202.66362815207685 28.3322189513055 208.04170700001123 9.8963259999796 243.75028499780456 20.313150344158792 238.37221352849156 38.74903690023458 Manipuri 0
203.69510706608708 68.66902803332633 216.58854900000733 36.540332000033295 286.52426799264504 64.60587034369533 273.6308970057871 96.73450618475174 English 0
262.15103028254816 97.77178370137973 255.08334899997863 113.94406000002904 225.79739095082914 101.14545111970317 232.86507800003164 84.97319399997473 English 0
204.44772462717083 93.60343013574159 209.8422639999626 77.87983800001942 236.21483704599086 86.9278360814363 230.82031504665792 102.65141343762309 English 0
287.86580540683644 218.36555670253034 273.62934943521395 216.02052793375793 277.31637500000943 193.6378059999994 291.55278281556093 195.98283073879787 Manipuri 0
256.74923849837796 212.0770926076666 280.43134408078913 213.31565959405398 277.90928900001745 261.53687199999973 254.22718382818857 260.2983102710816 English 0
290.64603595848894 217.18908342995286 290.7193838107196 262.36681568592735 281.1394942631159 262.3823438776295 281.06618500001787 217.20465000001852 English 0
294.9263040655933 217.4884149479668 335.79064300509344 218.2130353958806 334.9152250000043 267.5794070000005 294.05088614417764 266.8547897870367 English 0
383.3045958092407 244.10867354994912 372.60252399995807 279.8107840000286 328.399077390568 266.5608359449794 339.10123900001054 230.8588810000063 English 0
438.8255338455929 257.851916824879 429.1791889999877 291.99217400003323 367.25665919184394 274.4965906200189 376.9031350000296 240.3565510000033 English 0
266.91299018159043 274.36736254209575 268.46932899999956 259.50590499997145 311.01801024859014 263.9614451385219 309.4617407685291 278.8228389014102 English 0
330.84719906240935 287.1724283659926 306.8465772086347 281.099390817611 311.10744848243485 264.2615802297942 335.10798900002555 270.33460700000614 English 0
385.9850560587074 297.8823434991579 366.3292308286327 294.51070253151977 369.58253970158694 275.54614395483344 389.2382859999634 278.91777799999403 English 0
404.0060045048449 282.6921196771086 402.7658540000266 300.42662900001733 386.6567233896785 299.3001806473739 387.8969024755497 281.5657022600984 English 0
349.108929717695 289.56524872039034 351.5388769999845 273.5398569999817 371.4413375245931 276.5575077356631 369.01142819457164 292.5828655017531 English 0
348.01156926259864 289.7435360910037 326.14130904359627 284.95724207699885 329.5396846040967 269.4299809138068 351.40987500002666 274.21626700000616 English 0
452.97365774662467 332.0366088153901 443.32301559588814 399.66724599818883 292.6479071144422 378.16638669079157 302.2996730000159 310.5371080000092 English 0
311.59825105045456 220.7105175270263 296.1309844283096 221.5850847014422 294.77479799999855 197.60033900000087 310.24200685234973 196.72577346471954 Manipuri 0
309.4419889999699 223.98689200000757 312.33193200874666 204.13533632866827 348.57836578026763 209.41180817645434 345.68848819311825 229.2633049743716 Manipuri 0
381.41168714209925 223.80203908884593 376.0893744149507 239.90632233947508 340.86958550542477 228.26689382108358 346.1919240000134 212.16266100002565 Manipuri 0
421.97820644541935 231.1428572500101 417.8973209999822 249.39201699998293 373.4793334425922 239.4595401746837 377.5602699999581 221.21045300003533 Manipuri 0
455.65230121443165 16.95957681185203 449.1102890000184 38.218864000011784 414.3949041250744 27.536071346388972 420.9369200000219 6.276790000004953 English 0