276.9019021144777 328.5991764304245 279.73001999998814 305.44029199999295 310.9661366076034 309.2544894788371 308.13811384556175 332.4132873989838 Manipuri 0
332.94240189221455 336.0251094138164 309.55016079256893 337.66072986412377 307.3180460000003 305.7387980000016 330.71010930259945 304.10318378409636 Manipuri 0
328.2266558898118 333.0214413515573 331.51747500000056 312.06614400001 369.7629950454575 318.07171706268355 366.4722859912581 339.02691620742644 Manipuri 0
370.48063468624605 339.31383333076315 364.5244249999814 382.824950000016 312.23083322336606 375.6668712285296 318.18729799997527 332.15605900002487 English 0
218.84648685532738 369.1130450233757 222.39698600002157 320.58765200000187 324.04354635109485 328.02394099362033 320.4937308877561 376.5486907384803 English 0
426.65298499116034 348.6778458786494 420.67684000001464 390.48216299998285 355.56977349493536 381.17523573497755 361.5462269999989 339.3712909999914 English 0
302.7600798792264 377.7626863932881 301.60455700002785 389.4523839999926 288.5537617652153 388.16243480097046 289.70930399998906 376.4727589999685 English 0
300.4951230000006 376.6096010000013 312.41429595007503 375.5730531270608 313.6643420000473 389.94566999999785 301.7451693278417 390.98221574173175 English 0
309.27464664462605 389.8153018324731 310.75115799998457 376.3379590000236 330.5656062973867 378.50848625195135 329.0891368380835 391.98579073380165 English 0
326.93105990532786 391.3695139287314 329.0173389999836 379.5159599999944 346.6311819921975 382.61572642483065 344.54493738645397 394.46924984931445 English 0
358.4381270785525 384.5099689655707 356.2921269999788 397.65755900002364 341.33462689591397 395.2163861468656 343.48064999998314 382.06882499999523 English 0
369.8155030324415 401.1672148089774 355.1566223898408 399.8817539097216 356.6899398885289 382.3988773876193 371.3487460000033 383.68433500000197 English 0