149.16658124733658 56.079811965824824 150.92812599999888 36.956453999983076 187.96826193451125 40.36838932271558 186.20673103621812 59.49173431866859 Manipuri 0
157.8757175352075 95.47869806199074 164.4018540000252 61.48011999997624 238.40780190410442 75.68569308804508 231.88175832576235 109.68418933476828 English 0
220.8107228516019 112.8928360458999 216.95872399999644 130.11656899999255 185.76874718368344 123.14113374798124 189.62076299998444 105.91742500002869 English 0
163.3722461968864 119.81138670926055 165.66746700002113 103.34735400001856 193.281929692821 107.19699510607845 190.98673043954477 123.66100836690785 English 0
269.06344313283626 226.36436130656267 254.64109213324264 226.77877600986244 253.9895499999693 204.10385500000012 268.41184900120425 203.68944104099126 Manipuri 0
237.31867900001816 226.1287529999961 260.80205925660266 222.8260061838642 267.5273230000312 270.6422910000009 244.04394582750683 273.9450231084563 English 0
271.5681045879319 224.6790124977768 280.2607676186017 269.01263737188157 270.8598505388363 270.8557979429002 262.1672319999925 226.52221199998021 English 0
275.8268490000046 224.15612700000096 316.0787621923373 217.0704971363777 324.63886999998067 265.6965610000016 284.3869650711713 272.78215892084813 English 0
367.66044863921707 233.42391154743368 363.9676039999904 270.5121380000093 318.0483825688134 265.94003435241495 321.7413680000027 228.85196599996658 English 0
424.7836254977301 236.32078361701377 421.82911500000046 271.6743849999656 357.7062749826291 266.31558374105265 360.66097800001444 230.9621949999699 English 0
259.18138790366356 285.33522748056305 257.87327500001993 270.44986699997753 300.4902140449849 266.7048780825724 301.798385870934 281.5901730760899 English 0
324.38411662064027 285.70582027137647 299.6656723441265 284.3236441219632 300.63545255121426 266.9821863082647 325.3538089999347 268.36435999999816 English 0
380.55248390635825 285.6981651402497 360.6144473588938 286.1387545729202 360.18936828630103 266.90187556110845 380.12732600000163 266.4612870000003 English 0
395.3437082219898 267.3484969814075 397.510437000019 284.99377799999047 381.48236128283315 286.961781385661 379.31566479455796 269.31652968035 English 0
342.767079145342 284.57016801318844 342.0944060000329 268.37556000000825 362.206809521158 267.5401963489418 362.8795146606717 283.73477090517287 English 0
341.72371783919516 284.9545736771836 319.3420103502285 284.4290201133 319.71520473518467 268.5386042965121 342.0968390000053 269.0641570000007 English 0
452.8272629876301 306.44314464400827 456.2595047258219 374.6727954961309 304.25012360778055 382.3166719616122 300.8192730000155 314.0883500000057 English 0
292.80729526995856 224.13787181293517 277.7910611092375 227.94757176254595 271.8832999999722 204.66236100000057 286.89947922212014 200.8526683653551 Manipuri 0
291.31580499997654 227.76548700000902 290.36465935270826 207.7272400368187 326.95193813342485 205.99060785531447 327.90314005127584 226.02879534524544 Manipuri 0
361.92783162179694 213.85155513336784 359.7762612965016 230.6755217896632 322.98275644963724 225.97019744229257 325.1343700000143 209.14628199998435 Manipuri 0
403.1496982396493 213.31706515911293 402.62603299997863 232.00959499996753 357.12905860331375 230.7349377062004 357.65279200000805 212.04247799998456 Manipuri 0
392.97179191649775 -6.628408118156217e-7 392.97179300003336 18.760571999974616 357.6690733668511 18.760570910964628 357.66907443176024 4.823830399991172e-8 English 0