369.2874818877317 341.76142722238376 362.7551720000338 360.3311959999796 297.35930388153065 337.328467599136 303.8916910000262 318.7588609999875 Manipuri 0
232.06320896482794 364.9663873761464 247.17692799997167 326.42903899998345 336.71094674777123 361.5393076542143 321.59781900227244 400.0761547050558 English 0
316.49478948354954 398.7734047375773 332.16524199997366 360.7563339999999 424.29762797830335 398.7282831479356 408.6278384927573 436.74479171835753 English 0
286.57774035149487 406.5606047398579 281.77555800000846 419.3764190000244 259.11296437800047 410.8855741424444 263.91516700001375 398.0698069999727 English 0
286.54282438306836 420.4124108297582 291.3278529999661 408.6032729999874 311.9437769434444 416.95570051652993 307.1587965876097 428.76479744078426 English 0
316.5023370374547 432.00254704696164 308.8001648088539 430.2580176976298 311.7835870000272 417.08793200000184 319.48572761612013 418.8324576301791 English 0
317.7373525589064 431.920817953889 322.27716900000814 420.7655849999881 353.5817546997714 433.50373697536605 349.04200983794 444.6589092592572 English 0
376.01305767850135 442.37724575229515 371.7057879999629 454.3105050000263 350.04242453942425 446.49227989254854 354.3497149999894 434.5590660000311 English 0
381.7125912879419 456.39256867228113 372.5487186942337 454.2231388022011 375.1658509999834 443.1698759999962 384.32969018591393 445.3393017473027 English 0
333 570 343 570 343 581 333 581 English 0
345 573 358 573 358 591 345 591 English 0
367.97886183077935 627.0656698253174 360.33497040873044 628.6077493952271 352.77813696084195 591.15960522061 360.4219000000012 589.6175389999984 English 0
327.6354201050708 572.1762057440383 336.05997960912646 575.778701380412 318.4833602371509 616.8715142933655 310.05882139543246 613.2690542724275 English 0