222 225 262 225 262 255 222 255 Manipuri 0
265 229 319 229 319 257 265 257 Manipuri 0
324 238 374 238 374 263 324 263 Manipuri 0
130.0114520000352 283.863701999989 133.9288430245506 245.15085740613753 317.36284790793434 263.7104783314369 313.44624664961884 302.4225927566839 English 0
320.9086230000685 304.91493699996437 325.3783130337979 266.87065818083846 469.968863534159 283.85624587890584 465.4998386860825 321.8999178813268 English 0
361.43420734108076 311.8853474921085 358.30562800001644 345.9014439999871 250.4314153020823 335.9797437928431 253.5603919999994 301.964090999989 English 0
259 342 289 342 289 365 259 365 English 0
292 345 310 345 310 365 292 365 English 0
314 348 357 348 357 370 314 370 English 0
335 377 378 377 378 398 335 398 English 0
381 381 418 381 418 399 381 399 English 0
276 372 333 372 333 394 276 394 English 0
198 364 231 364 231 384 198 384 English 0
235 369 270 369 270 388 235 388 English 0
258 97 273 97 273 107 258 107 English 0
276 99 285 99 285 109 276 109 English 0
260 109 285 109 285 126 260 126 English 0