276.0526636355644 320.2175899605857 283.24801700000535 298.0239209999811 313.18274012410257 307.7282800225329 305.9874826773739 329.92186734652455 Manipuri 0
329.64686195307877 338.2002077290775 306.37227244900714 335.342664401575 310.2722150000045 303.58098500000415 333.5466289347096 306.43851743477546 Manipuri 0
325.5906262028293 334.35181892014947 332.81971800002793 314.4095489999804 369.2169310090685 327.6024956723078 361.9879512573243 347.544670566425 Manipuri 0
365.86860922703636 348.5913522215057 351.7188210000313 390.1663389999968 301.7511821787775 373.1615312436515 315.90111700003035 331.5868379999904 English 0
211.33309399570862 348.90951647654936 224.0780999999697 301.95332199997426 322.4389676165447 328.6483336458076 309.69466549409844 375.6039231777046 English 0
419.2222420066537 368.50151534016385 405.378492000018 408.3972530000008 343.24276137456764 386.8381499307796 357.08668999999645 346.94278000003095 English 0
292.05539283349935 373.4119525473664 288.69039400000474 384.6663319999697 276.125308288174 380.90981678021296 279.4903190000332 369.6554579999971 English 0
290.0518596704205 371.8478167539752 301.94985064510547 373.1043520178488 300.43448299999 387.45167099999867 288.53649242701067 386.19513829505877 English 0
296.150067499766 386.48602542911954 300.17129599997133 373.5381100000083 319.20779209605826 379.44962152826076 315.1866067222727 392.39750021378757 English 0
313.1855645856558 391.3806837168271 317.49548500003584 380.1430739999803 334.19446142434026 386.54685518632255 329.88457531289896 397.7844358284495 English 0
345.42307374387747 390.6591676766521 340.80757800002175 403.15563500000644 326.59044603045913 397.9052045479821 331.2059539999609 385.40876500002554 English 0
353.4128094929474 409.1811874541228 339.26844989131496 405.1226009828628 344.1094896711729 388.25350109146564 358.25378000001365 392.3120770000038 English 0