227.0295317284763 240.83062242596128 231.44253534075688 254.3543285437877 198.7984460942971 265.00603882012797 194.38549378079188 251.482376298625 Manipuri 0
228.95111999998335 252.41631699998834 227.02961914401385 235.5750661558758 250.0874230000045 232.94439900003053 252.00895442721958 249.7856143881521 Manipuri 0
314.8842274145136 208.17894016716124 321.8332787590043 227.04633623541355 252.7097318622691 252.5039700108719 245.76082064391812 233.63669260575037 Manipuri 0
394.47968678709003 178.63144960440997 400.4704285442858 195.4981557725788 321.8084274868306 223.43633509694527 315.81780972621345 206.5697340994924 Manipuri 0
234.51487519196235 202.16046780996885 245.0132679886883 232.76545483973595 117.20107896071568 276.6059887016765 106.70311966190638 246.00136977744347 English 0
237.89936000001035 235.93933700000375 226.03094652222353 205.38278232381822 347.939228970572 158.03360638045297 359.8077608904714 188.58986899135795 English 0
487.7689539582934 106.80545016982428 500.49125939920486 139.8728032582057 356.20395519239537 195.3841842566393 343.481987439809 162.31711676239127 English 0
276.4277659999789 181.20677899997867 268.99989824385557 159.81891951551532 319.02133999996295 142.4470879999817 326.4492407957732 163.83487948081435 English 0
236.1310302500351 263.4026897594011 238.78352546737005 271.13745906189513 199.0632659430412 284.75792913370753 196.41080970686744 277.023192932352 English 0
263.1241300223337 254.8616832070921 265.6327526541281 262.0590185133877 237.775897846077 271.76794277882743 235.26729969402368 264.5706282432903 English 0
285.26774872378155 247.24288330466203 287.9310992887622 255.39463035483004 264.8354508366174 262.94007298983763 262.1721223539498 254.7883447142057 English 0