372.53390820689674 331.95706894866873 369.66519399997196 351.43212700001175 301.08197214816755 341.3301634173467 303.9508249999926 321.85527399997636 Manipuri 0
242.25939931151515 380.91946690081335 249.74161199999799 340.2062169999852 344.32930930081056 357.5873759430578 336.8477067287313 398.3000872375704 English 0
331.59062101491145 397.9951070483883 339.71840799997153 357.68628700003154 437.4025774299662 377.38063238463184 429.2754520526796 417.68887279837935 English 0
303.7080719169171 411.3474635684147 301.4397630000167 424.8441620000161 277.5736761583539 420.8335829245776 279.8420250000345 407.33693499999725 English 0
306.31737080286257 424.9515323193319 308.7609420000081 412.4462849999822 330.5915491437918 416.71149559080334 328.1480275488866 429.21669936795934 English 0
337.93769648742455 430.6121304152571 330.0441657864576 430.3691009472598 330.45979599999555 416.8719189999997 338.35329313347756 417.11494795088873 English 0
339.13468548475066 430.2963042655645 341.4623109999957 418.4797339999917 374.62201995556825 425.01059300298186 372.2944668501441 436.8270997571625 English 0
398.3342964246549 429.4409891272776 396.3834599999973 441.9769129999724 373.6266409049131 438.4359363495449 375.5775149999681 425.90005900002734 English 0
406.60368859913433 442.11133559157986 397.1942448664777 441.7300502202668 397.65421899996 430.3807569999987 407.0636280930921 430.76204166854376 English 0
382 562 391 562 391 573 382 573 English 0
394 562 407 562 407 579 394 579 English 0
425.68829830859613 612.2691892648493 418.4789363915479 615.241199534366 403.915434008959 579.923028097032 411.12468800005445 576.9510429999924 English 0
375.61269121724763 566.0861258930063 384.56972832325846 568.0153265143051 375.15694491332397 611.7065863350313 366.19991373096127 609.7774046111281 English 0