371.8362112604518 334.6901098815176 367.952099000031 353.988326 299.9914866135805 340.31083159220645 303.8757230000192 321.0127830000098 Manipuri 0
239.17748627136461 376.7673060106886 248.78038700000616 336.50148499998454 342.3289965551521 358.8092249760894 332.72670845050015 399.074515473402 English 0
327.4925652919046 398.4947629751323 337.7190359999804 358.6666209999977 434.2388520795066 383.44646985480426 424.0130518750084 423.27403428982996 English 0
298.94972387446614 410.3696395195532 295.9780799999862 423.7291089999932 272.35451899148757 418.47495668529774 275.3261979999661 405.1155370000095 English 0
300.843306862007 424.0915868222986 303.9380800000072 411.7313829999927 325.5156232383888 417.13329622222193 322.42089997409494 429.4934570306382 English 0
332.1241213291796 431.3993270273095 324.25412360018527 430.7435703492017 325.3755769999407 417.28658199999757 333.24554136401275 417.942337280815 English 0
333.3359224090236 431.1465585183014 336.2788670000009 419.4680210000207 369.05141237017233 427.72539884509604 366.10854090569774 439.4038733310749 English 0
392.49933317703835 433.39072293527965 389.8949999999604 445.8073490000254 367.3546000658098 441.0802086350584 369.9589669999841 428.66362900002486 English 0
400.0941877866717 446.47647328380884 390.71758756937925 445.60332994202275 391.7709140000079 434.2935920000018 401.1474795538379 435.166733717165 English 0
369 565 378 565 378 576 369 576 English 0
382 566 394 566 394 583 382 583 English 0
410.2472553163534 617.399946644299 402.892262611349 619.9906351475511 390.1971479400527 583.9586643904471 397.5520260000485 581.3679979999914 English 0
362.65730469203845 568.6594119997442 371.5011425164994 571.0546340047002 359.8146227598045 614.1934896517886 350.9707940905355 611.7982912083565 English 0