234.28337808247306 233.02897522011256 237.50086412466771 246.88585156969577 204.0526892877824 254.65190297574577 200.83525297835877 240.79506968396578 Manipuri 0
235.18789499998093 244.73806100000914 234.74158453318523 227.79342070505953 257.94085699999414 227.18238899997965 258.38720105464745 244.12699461292266 Manipuri 0
324.6495392781799 208.15857414851055 329.9277005541808 227.5598466008449 258.84845326618233 246.89610234301279 253.57043267751578 227.4949504159011 Manipuri 0
406.51734372222563 185.66070668453602 411.0152457120421 202.98538650299082 330.217629949766 223.96143352979453 325.7198559239623 206.63686377570403 Manipuri 0
245.11056772156735 195.15837811683642 252.90149605381885 226.56191689264023 121.75483669139794 259.0960636774301 113.96432369474496 227.69288327368255 English 0
245.53814700004295 229.1036710000047 236.37816987597034 197.62896593645561 361.9492271618219 161.08504517566922 371.10938015481224 192.55945221611222 English 0
505.71163814674946 122.23863010912957 515.5035895337642 156.28907465978997 366.92720314022154 199.01388270471534 357.1356182614545 164.9637508584432 English 0
288.6901979999675 177.93735899999177 283.15470774185087 155.98348664142839 334.4998199999827 143.0374349999864 340.03535582931363 164.99123811549708 English 0
241.38295851611474 256.3083969179922 243.3511934948183 264.24492219146924 202.59501604712568 274.3517084107317 200.62681917370355 266.4152160177378 English 0
269.0177378748922 250.1524944527789 270.88949529847014 257.54109092856675 242.29248337789613 264.7851806153984 240.42075015931914 257.3966049867147 English 0
291.7411153509602 244.49263021337606 293.6838287109276 252.84549227913368 270.018467096088 258.3492995953857 268.07577562256483 249.99645648959932 English 0