218.08914790592098 22.591029245295296 224.42471399997885 4.461868000030742 259.5391807005217 16.7332557555406 253.20362054539146 34.862411885324846 Manipuri 0
217.00815262374817 62.92654423481815 231.56540299998596 31.516666999978014 299.93644473048334 63.203885038533954 285.37925979595457 94.6137065899079 English 0
273.8608386650594 95.04876127935206 265.9564500000124 110.82897799999256 237.3804543584265 96.51519869152851 245.284845999995 80.7349999999741 English 0
216.45476756741118 87.86616103327489 222.6648220000061 72.44644500000526 248.52771689606016 82.86227505201606 242.31767861267144 98.2819773768832 English 0
293.22897833160823 216.82306913886833 279.13475980371004 213.73619588907718 283.98815799999284 191.5770929999956 298.08232999748725 194.66396099129565 Manipuri 0
262.4841621625819 208.9147074421753 286.06899802463886 211.39095378287638 281.0266959999717 259.41413599999714 257.44186176489166 256.93790005299286 English 0
296.06697233219165 215.793713765872 293.775708340836 260.9133654349253 284.2081358803989 260.4275026106221 286.4994360000128 215.30788899997378 English 0
300.3257003532053 216.3166461823575 341.096121776427 219.1788532113947 337.6382670000021 268.43184999999954 296.86784690282366 265.5696557399145 English 0
387.18976662996283 247.5258114965954 374.6337749999657 282.6188650000268 331.18428320500243 267.0736265058181 343.74034699998447 231.9807270000049 English 0
441.9153648080828 264.1559588188625 430.4953789999854 297.74455499997237 369.5732741915708 277.03215756810243 380.9933679999813 243.4437790000328 English 0
269.3739336570434 271.6515347882953 271.70596600000863 256.89190299997915 313.96319159233826 263.56817151563797 311.63122977741295 278.3277403231056 English 0
332.550394795835 287.78511553274205 308.90048722329084 280.4643675062061 314.0367407728627 263.87262697282074 337.6865700000053 271.1933619999964 English 0
387.05217284543323 301.3660457441585 367.5997296522837 296.9703815622861 371.84110950860486 278.2020769401363 391.293474999984 282.59773199999677 English 0
405.8434792531625 287.13978926991416 403.6768170000141 304.78508399998543 387.6487103024556 302.8170944923557 389.8153992606967 285.17183096466465 English 0
350.6618188673019 291.13039107255474 353.92719000003126 275.2541470000158 373.644494473192 279.3092897265653 370.3791621122218 295.18549990261687 English 0
349.5566805660201 291.25101391773455 327.966873222249 285.32674074196524 332.1732244750456 269.9986146771283 353.76296399997955 275.9228779999949 English 0
452.1614842281997 338.97936660663936 438.98424739389156 406.0121331054562 289.64092996953696 376.6551226409228 302.8191800000059 309.6237130000224 English 0
316.8061731472699 220.40687590039818 301.31433326481783 220.4707761388389 301.21527200004493 196.4478989999998 316.70705408199865 196.38399888092272 Manipuri 0
314.48139599997376 223.56591100003297 318.40636331384303 203.8928150775686 354.3269752321794 211.05905120181012 350.4020745198068 230.73208861702858 Manipuri 0
386.36216657840123 227.14792443868734 380.2042857903871 242.95157726555288 345.6418983972253 229.48483082920853 351.79979900000035 213.68122799997167 Manipuri 0
426.488913649664 236.60176716006168 421.45849200001976 254.61233300002328 377.6211649232573 242.36880593633745 382.65163099997153 224.35831299999688 Manipuri 0
471.3263054935669 24.474372377111475 463.6806329999672 45.36214500002114 429.5719177515275 32.87713207854018 437.2175939999579 11.98936700003038 English 0