277.81552506727166 332.32270616436824 278.6142980000295 309.00545599999356 310.06382372419466 310.08271820872403 309.2651413332351 333.3998806612661 Manipuri 0
334.2898400170088 334.8361223772612 311.129148325781 338.5041394268722 306.1233589999756 306.89837100000085 329.2838772958203 303.2303679307919 Manipuri 0
329.33039169583935 332.2549029525192 330.78216699999757 311.0925210000076 369.4054208567104 313.74189961901044 367.9537500200968 334.90418317456886 Manipuri 0
371.9715083651681 334.84065870220536 369.8305509999773 378.7053219999973 317.1124186422094 376.13214704536983 319.25366600000416 332.2677889999717 English 0
223.51228274746973 377.74226072353287 222.819612999956 329.0920779999894 324.7270841245336 327.64093492471557 325.4203953691467 376.29046508634235 English 0
428.74623111427354 339.27330519034 426.4366589999554 381.43939199996726 360.76653107156744 377.8423027206694 363.07645100001537 335.6765850000153 English 0
307.8599227331142 379.0454391045416 307.7277309999772 390.79136499996923 294.6142804776173 390.6437748755209 294.7464939999918 378.89787099999893 English 0
305.5031969999982 378.0941459999954 317.286695220173 376.02282821396875 319.7846180000488 390.2316949999974 308.00112088778405 392.3030085173213 English 0
315.400394171229 390.48441306911207 315.6965289999789 376.9296660000058 335.62462102469 377.36498325720174 335.32852558964805 390.9196917863341 English 0
333.12506355301593 390.4938614037005 334.1701830000238 378.503570999998 351.98704614194867 380.0563786233097 350.9419597525266 392.04663831220296 English 0
363.9141446706344 380.91437643607975 362.9223269999784 394.1989809999775 347.80910976958694 393.07073659346514 348.8009539999621 379.7861610000129 English 0
376.70013277660473 396.516641007556 361.9849982829328 396.5135331426166 361.9887439773447 378.96355114292476 376.70380399998976 378.96665900000005 English 0