220 225 260 225 260 256 220 256 Manipuri 0
264 229 319 229 319 258 264 258 Manipuri 0
323 237 373 237 373 263 323 263 Manipuri 0
129.40972299998975 287.18496299997264 132.650861173679 248.40964535448595 316.3808269503352 263.7650928634701 313.1404752495291 302.539674578456 English 0
320.6452139999601 304.9013770000292 324.4502141504927 266.7848805366501 469.3151807819959 281.24440940460016 465.5108368484798 319.36030059168246 English 0
361.28623092699854 311.1634554599651 358.75183600001037 345.2289730000047 250.72093808565114 337.1914418480322 253.25574100002996 303.1263689999668 English 0
260 342 290 342 290 365 260 365 English 0
293 345 311 345 311 365 293 365 English 0
315 347 358 347 358 370 315 370 English 0
336 376 380 376 380 398 336 398 English 0
383 379 420 379 420 398 383 398 English 0
276 371 334 371 334 394 276 394 English 0
199 366 232 366 232 386 199 386 English 0
236 370 271 370 271 389 236 389 English 0
255 98 270 98 270 109 255 109 English 0
272 100 281 100 281 110 272 110 English 0
256 109 282 109 282 126 256 126 English 0