265 345 437 345 437 426 265 426 English 0
112 422 410 422 410 520 112 520 English 0
415 475 475 475 475 531 415 531 English 0
311 529 455 529 455 605 311 605 English 0
149 506 282 506 282 572 149 572 English 0
133 140 178 140 178 220 133 220 English 0
91 130 132 130 132 210 91 210 English 0
176 144 354 144 354 256 176 256 English 0
352 186 384 186 384 263 352 263 English 0
382 194 491 194 491 285 382 285 English 0
491 220 550 220 550 297 491 297 English 0
206 265 336 265 336 340 206 340 English 0