270 348 439 348 439 420 270 420 English 0
122 433 417 433 417 516 122 516 English 0
426 470 483 470 483 523 426 523 English 0
326 530 467 530 467 598 326 598 English 0
162 515 292 515 292 574 162 574 English 0
128 150 169 150 169 228 128 228 English 0
85 142 122 142 122 220 85 220 English 0
173 152 346 152 346 255 173 255 English 0
348 184 376 184 376 260 348 260 English 0
380 191 484 191 484 277 380 277 English 0
489 211 545 211 545 285 489 285 English 0
207 270 334 270 334 339 207 339 English 0