273 342 444 342 444 420 273 420 English 0
131 431 428 431 428 524 131 524 English 0
437 459 496 459 496 514 437 514 English 0
341 521 484 521 484 594 341 594 English 0
177 519 309 519 309 583 177 583 English 0
117 162 161 162 161 241 117 241 English 0
74 157 114 157 114 236 74 236 English 0
163 153 339 153 339 262 163 262 English 0
341 181 371 181 371 258 341 258 English 0
372 181 479 181 479 271 372 271 English 0
482 197 540 197 540 273 482 273 English 0
205 272 334 272 334 345 205 345 English 0