275 234 391 234 391 340 275 340 Manipuri 0
389 258 491 258 491 353 389 353 Manipuri 0
240 339 373 339 373 418 240 418 English 0
371 362 492 362 492 438 371 438 English 0
414 439 600 439 600 531 414 531 English 0
235 406 417 406 417 498 235 498 English 0
345 517 409 517 409 567 345 567 English 0
217 495 288 495 288 549 217 549 English 0
89 380 240 380 240 467 89 467 English 0
119 488 147 488 147 525 119 525 English 0
148 493 164 493 164 525 148 525 English 0
164 485 185 485 185 531 164 531 English 0