264 232 378 232 378 337 264 337 Manipuri 0
378 221 479 221 479 315 378 315 Manipuri 0
260 342 393 342 393 419 260 419 English 0
392 323 512 323 512 397 392 397 English 0
457 370 640 370 640 459 457 459 English 0
278 398 459 398 459 487 278 487 English 0
414 487 477 487 477 536 414 536 English 0
287 507 357 507 357 560 287 560 English 0
132 426 282 426 282 510 132 510 English 0
190 539 217 539 217 576 190 576 English 0
218 536 234 536 234 568 218 568 English 0
234 522 254 522 254 568 234 568 English 0