275 239 380 239 380 332 275 332 Manipuri 0
391 247 483 247 483 331 391 331 Manipuri 0
251 349 378 349 378 411 251 411 English 0
385 354 499 354 499 415 385 415 English 0
438 423 619 423 619 491 438 491 English 0
257 415 433 415 433 484 257 484 English 0
377 511 436 511 436 554 377 554 English 0
248 507 313 507 313 553 248 553 English 0
108 410 252 410 252 478 108 478 English 0
149 513 172 513 172 548 149 548 English 0
178 515 190 515 190 546 178 546 English 0
195 504 210 504 210 549 195 549 English 0