227.6835341037804 521.3486517572421 112.80944018260925 494.5800190676596 143.1087484411546 364.58643476958144 257.9779840000265 391.35447699999963 English 0
104.14891505126434 507.2701172821389 28.305562999958056 486.55932799999533 63.12719151370402 359.0663250521054 138.96739359777712 379.7766527415688 English 0
537.6733164681355 399.48657112174635 516.6112841956055 553.8508244957648 236.46285000002536 515.6223920000114 257.5310590238223 361.2655748857216 English 0
544.368999119979 399.4514938175351 627.8882390000217 410.4529610000001 603.9271812178777 592.3258223801739 520.4080066284951 581.3247265736824 English 0
167 285 256 285 256 341 167 341 Manipuri 0
262 303 326 303 326 360 262 360 Manipuri 0
334 309 370 309 370 351 334 351 Manipuri 0
380 313 430 313 430 356 380 356 Manipuri 0
439 318 463 318 463 356 439 356 Manipuri 0
468 322 549 322 549 371 468 371 Manipuri 0
0 389 40 389 40 480 0 480 English 0