220.71267586456088 518.0041622298619 106.84279327120748 487.24321776438643 141.66034843721718 358.38620000805497 255.52553100002115 389.14647300000286 English 0
97.7443150756153 499.62265960759004 22.67041799997969 476.2778760000052 61.92056127860269 350.07790348219646 136.99153573223157 373.4221983277485 English 0
534.7667046254355 407.03466593840176 508.32955736812437 560.5695111598304 229.68661600003543 512.5878199999786 256.12955018463254 359.0604114729224 English 0
541.459188860099 407.2340572969363 624.5439189999888 421.1430039999949 594.2503670547012 602.0686032602033 511.1657457815454 588.1601341475333 English 0
167 280 258 280 258 339 167 339 Manipuri 0
261 301 326 301 326 360 261 360 Manipuri 0
333 310 371 310 371 353 333 353 Manipuri 0
379 316 430 316 430 360 379 360 Manipuri 0
438 323 463 323 463 361 438 361 Manipuri 0
466 328 549 328 549 379 466 379 Manipuri 0
0 378 37 378 37 470 0 470 English 0