256.6048005513585 532.2371562063244 139.1228336088534 521.7143485300545 151.03557767521124 388.7692902590314 268.5122019999835 399.29185700000073 English 0
132.31247498391895 535.4894472606529 54.32489099999657 525.5344039999957 71.06433061242569 394.43578816956637 149.04839177710528 404.3906036603854 English 0
546.6173307460122 368.4195852662194 547.2462358878693 524.2137231796688 264.5012030000362 525.3447320000178 263.8796224645921 369.5579091242879 English 0
553.2436808809871 367.4498756803683 637.4805110000307 366.7229179999998 639.0637976894504 550.1615031778359 554.8269683655235 550.8884381051142 English 0
168 302 256 302 256 355 168 355 Manipuri 0
265 307 327 307 327 363 265 363 Manipuri 0
336 305 371 305 371 346 336 346 Manipuri 0
382 302 430 302 430 343 382 343 Manipuri 0
441 300 463 300 463 337 441 337 Manipuri 0
470 297 550 297 550 343 470 343 Manipuri 0
7 433 58 433 58 522 7 522 English 0