384.37734168714087 361.62781488256337 385.0414599999931 386.7634200000202 285.56986933261214 389.3904531909167 284.9061090000032 364.2551969999849 Manipuri 0
215.94008955005847 442.93345631293744 147.16427389867022 443.45271461767175 146.8477680000069 401.4758139999998 215.62267835848616 400.9565591098169 English 0
219.84688906217343 441.2581485689764 219.85489799997595 399.99611900003623 269.1603824691265 400.005658374157 269.1526919663738 441.26736949758117 English 0
276.7135799083917 441.9448904635246 275.79364699995494 401.85879899998906 339.5527614164166 400.39567775136743 340.4730853308138 440.48136796494634 English 0
433.35468733763264 401.81340959429855 433.17399168445263 444.4234159502688 343.504336272963 444.04227193562133 343.6856300000363 401.4328659999743 English 0
440.1347428517329 443.3823930712316 439.41284799999266 400.6620270000161 527.6943578369537 399.17011932422884 528.4168334689457 441.8898937842125 English 0
252.23295199997665 495.691668999981 251.78965581675584 453.1336802061377 393.56814922786725 451.6558852197553 394.0124970442412 494.2128106367392 English 0
481.38867588786525 451.2786582496891 481.8039890000364 492.72446400003025 397.0423348786426 493.5727381169605 396.6276449999714 452.1275490000061 English 0
220 452 246 452 246 496 220 496 English 0
232 302 286 302 286 339 232 339 English 0
369 302 411 302 411 333 369 333 English 0
193 499 229 499 229 530 193 530 English 0
231 502 248 502 248 525 231 525 English 0
251 499 295 499 295 529 251 529 English 0
299 499 354 499 354 529 299 529 English 0
360 502 383 502 383 525 360 525 English 0
394 499 442 499 442 530 394 530 English 0
277 529 302 529 302 548 277 548 English 0
309 531 323 531 323 548 309 548 English 0
359 531 375 531 375 549 359 549 English 0