372.39500087031047 375.9656835732804 366.95791699996335 400.51521400002093 269.804919769158 378.9998358094606 275.2422459999798 354.4506479999668 Manipuri 0
189.29111919722345 414.1057568678181 122.43233059736667 397.97298129835843 132.2803460000432 357.1663180000082 199.13836470179376 373.29899664001715 English 0
193.48574388423003 413.42674968579 203.47682300001907 373.39259900002276 251.31657790705503 385.33028961553737 241.32583886792418 425.36414686158906 English 0
248.4970260195405 427.8504010618748 257.30332899998757 388.73275800000323 319.5237203551369 402.73820865468144 310.7178612735879 441.8554657693675 English 0
410.19513702245604 426.8060907530686 399.7102091814304 468.10623900363004 312.796351957586 446.04358255325116 323.2816720000119 404.7440350000322 English 0
406.7157246475108 468.7802624865724 416.3518649999605 427.15460200003133 502.37352127587656 447.0649125702274 492.738103174197 488.6899466414331 English 0
211.7422620000434 474.078543000019 221.60938837761933 432.6778265049401 359.53406519554846 465.54346017726965 349.66812434046005 506.9431508148722 English 0
444.83726363680034 486.42284699767083 435.2118889999838 526.7377369999862 352.7611258971592 507.05496042587436 362.3869289999857 466.74070100001313 English 0
185 426 213 426 213 471 185 471 English 0
233 286 288 286 288 325 233 325 English 0
368 318 410 318 410 350 368 350 English 0
149 466 186 466 186 498 149 498 English 0
187 476 204 476 204 499 187 499 English 0
205 481 250 481 250 513 205 513 English 0
252 493 308 493 308 525 252 525 English 0
311 509 334 509 334 532 311 532 English 0
344 516 393 516 393 548 344 548 English 0
225 515 250 515 250 535 225 535 English 0
256 523 270 523 270 540 256 540 English 0
305 535 321 535 321 553 305 553 English 0