386.46762200478406 358.20154427997636 388.446449999974 383.26791600002605 289.24879845588293 391.09724355623086 287.27034199997433 366.03121899996813 Manipuri 0
222.51658788394707 448.21151237872573 153.86216184204386 452.3290270515085 151.34918100004143 410.42624199999807 220.00269056574325 406.3087548579037 English 0
226.3306064200151 446.3335618743091 224.1788169999927 405.1276760000081 273.41692790650995 402.5567479576258 275.5690200856043 443.76231295816876 English 0
283.1552969069162 444.04318438569715 280.1383889999852 404.060196000014 343.7332598334615 399.2621752236991 346.7505340464413 439.24476290220696 English 0
437.48112364890403 395.76879328355915 439.5309767503204 438.32987281079994 349.96426786630764 442.64214010492486 347.9150359999767 400.0816550000136 English 0
446.4277508230589 436.92591338056513 443.47072099997604 394.30189600003564 531.5528639443073 388.1916793453987 534.5104269912554 430.8151186240159 English 0
261.52081599997473 498.99754300000063 258.8504247894889 456.5211047339108 400.35727854366996 447.6251358824893 403.028656829556 490.10051358207824 English 0
488.03778122819494 442.6523743098241 490.62194199999794 484.0195849999878 406.0211698394414 489.3026946034822 403.43765099998564 447.93609100002186 English 0
228 456 256 456 256 501 228 501 English 0
231 303 286 303 286 343 231 343 English 0
369 297 412 297 412 330 369 330 English 0
203 504 240 504 240 536 203 536 English 0
241 505 259 505 259 529 241 529 English 0
260 500 305 500 305 532 260 532 English 0
309 496 365 496 365 529 309 529 English 0
370 500 393 500 393 523 370 523 English 0
403 492 453 492 453 525 403 525 English 0
289 530 314 530 314 550 289 550 English 0
320 531 334 531 334 548 320 548 English 0
371 528 387 528 387 546 371 546 English 0