13 142 61 142 61 228 13 228 English 0
7 263 51 263 51 342 7 342 English 0
3 379 40 379 40 461 3 461 English 0
212 476 439 476 439 536 212 536 English 0
451 491 537 491 537 541 451 541 English 0
306 140 488 140 488 185 306 185 Manipuri 0
206.20188074492035 282.7476133755422 242.41111456045473 310.2303229135457 184.0120150000439 387.16609800000634 147.8030686078273 359.6837192700746 English 0
229.0804449999996 324.0864309999819 195.87797835309175 292.3189297100635 255.18806315412803 230.33361732096992 288.390221243244 262.1008397065615 English 0
392.2212707564904 177.55722050797158 413.104466607474 238.53305497880402 278.2166110000253 284.72683999999265 257.3342927570775 223.75174937480654 English 0
558.8481326689362 247.38598314793995 527.817939000015 318.4837039999783 376.263061576974 252.34000812532878 407.2935940000025 181.2433539999732 English 0
515.786691051544 290.32760849053227 558.7045628513442 268.58550520014046 631.3885175817995 412.0484104067216 588.4709540029144 433.79005526411015 English 0