11 147 57 147 57 233 11 233 English 0
7 269 49 269 49 347 7 347 English 0
6 384 41 384 41 466 6 466 English 0
216 477 442 477 442 533 216 533 English 0
454 489 540 489 540 537 454 537 English 0
304 140 486 140 486 182 304 182 Manipuri 0
205.5690769982175 284.73934313625034 242.25242479013104 311.58592316781954 185.2049370000168 389.52918599999975 148.52186587057076 362.6829312524183 English 0
229.16560999998183 325.6725729999953 195.41376835477422 294.48938486760005 253.63304034464818 231.478398978354 287.38455286184035 262.66131200830046 English 0
389.7243071358389 176.31849439448354 411.6685122869967 236.92058090480566 277.60737299999164 285.4614330000268 255.6640401751065 224.86008505280785 English 0
557.5443904077838 243.22856949630824 527.7598240000225 314.8570119999722 375.0737121426937 251.36838315731472 404.8586619999696 179.74100399998875 English 0
515.2390177582856 286.91516630490156 557.7709387091454 264.42734986265845 632.94755262541 406.5999219326579 590.4159566151066 429.0872701200599 English 0