18 126 70 126 70 214 18 214 English 0
7 248 54 248 54 328 7 328 English 0
0 362 37 362 37 446 0 446 English 0
202 470 430 470 430 541 202 541 English 0
439 498 527 498 527 552 439 552 English 0
314 140 497 140 497 194 314 194 Manipuri 0
208.30745621671667 276.8429161895471 243.02875123728882 306.18303113680406 180.68317999997817 379.9569879999893 145.96220387596986 350.617219195076 English 0
228.9911790000042 319.32246900001417 197.49684751390305 285.8607805483588 259.9696655228763 227.0645079923379 291.4637495481293 260.52590685419716 English 0
399.5771605701884 181.53215732248267 417.24045744012983 243.51736022519327 280.1199279999855 282.58840699998314 262.4575201745756 220.60396300852875 English 0
562.3213576515991 259.98586079559783 527.6124880000134 329.36213300002015 379.7268597128277 255.37730677433615 414.4359229999827 186.0021089999853 English 0
517.0713052327483 300.6150138944201 561.0681209506583 281.1488417649794 626.1443329652684 428.21901952962037 582.1477750627673 447.68476596436614 English 0