136 38 182 38 182 79 136 79 Manipuri 0
183 41 230 41 230 87 183 87 Manipuri 0
233 47 318 47 318 105 233 105 Manipuri 0
156 214 253 214 253 296 156 296 English 0
254 235 411 235 411 334 254 334 English 0
412 272 544 272 544 360 412 360 English 0
126 103 354 103 354 213 126 213 English 0
468 102 510 102 510 148 468 148 Manipuri 0
512 117 554 117 554 156 512 156 Manipuri 0
554 130 616 130 616 180 554 180 Manipuri 0
353.26104347084765 217.3360808568918 369.38997199998994 146.80026800002832 605.67249470565 200.82653107377314 589.5451009079261 271.36100986782 English 0
401 378 458 378 458 414 401 414 English 0
460 387 503 387 503 425 460 425 English 0
503 398 557 398 557 431 503 431 English 0
170 322 215 322 215 354 170 354 English 0
109 316 169 316 169 355 109 355 English 0
208.0101673637546 344.22738609186433 223.63101484341314 315.1248695245632 311.96979601692874 362.5364998249223 296.3493956635648 391.63863217335467 English 0