123 48 168 48 168 87 123 87 Manipuri 0
171 49 216 49 216 93 171 93 Manipuri 0
222 51 305 51 305 105 222 105 Manipuri 0
154 222 248 222 248 300 154 300 English 0
254 238 408 238 408 330 254 330 English 0
413 267 543 267 543 349 413 349 English 0
119 113 344 113 344 212 119 212 English 0
459 94 499 94 499 139 459 139 Manipuri 0
503 107 544 107 544 144 503 144 Manipuri 0
546 117 606 117 606 165 546 165 Manipuri 0
347.84261324042745 215.7360601776114 360.25771100001293 144.45276099998367 599.0437830951851 186.03867838115062 586.6301456084329 257.32068195474875 English 0
405 373 461 373 461 407 405 407 English 0
465 379 507 379 507 415 465 415 English 0
508 388 561 388 561 418 508 418 English 0
172 329 216 329 216 359 172 359 English 0
111 327 170 327 170 363 111 363 English 0
209.43164579119184 350.0552977273014 223.50794758356642 320.1750898864351 314.20690698287217 362.8984441857324 300.1310725847725 392.77825404130164 English 0