95 72 137 72 137 108 95 108 Manipuri 0
143 67 185 67 185 108 143 108 Manipuri 0
195 63 274 63 274 111 195 111 Manipuri 0
150 240 238 240 238 311 150 311 English 0
252 243 400 243 400 323 252 323 English 0
413 253 537 253 537 325 413 325 English 0
103 134 323 134 323 215 103 215 English 0
434 77 471 77 471 119 434 119 Manipuri 0
479 85 517 85 517 119 479 119 Manipuri 0
524 90 581 90 581 133 524 133 Manipuri 0
334.9288757825707 213.12008858319854 338.5638089999702 140.8550820000034 580.6377327542577 153.02979834945629 577.0040493658598 225.2936074433423 English 0
414 362 467 362 467 391 414 391 English 0
474 360 513 360 513 393 474 393 English 0
518 363 569 363 569 389 518 389 English 0
177 346 219 346 219 372 177 372 English 0
116 351 173 351 173 382 116 382 English 0
213.91878092872503 363.3062179455704 224.2485181010852 331.93317326207466 319.4778319984471 363.284618253646 309.1485952982475 394.65723697190435 English 0