243 162 257 162 257 190 243 190 English 0
261 154 355 154 355 205 261 205 English 0
359 147 489 147 489 201 359 201 English 0
502 143 548 143 548 190 502 190 English 0
286 125 304 125 304 146 286 146 Manipuri 0
307 125 329 125 329 145 307 145 Manipuri 0
332 113 377 113 377 144 332 144 Manipuri 0
379 114 424 114 424 141 379 141 Manipuri 0
425 111 464 111 464 140 425 140 Manipuri 0
215 425 250 425 250 453 215 453 English 0
254 425 329 425 329 450 254 450 English 0
332 419 420 419 420 445 332 445 English 0
428 416 480 416 480 441 428 441 English 0
492 414 539 414 539 438 492 438 English 0
354 207 398 207 398 233 354 233 English 0
310 210 330 210 330 234 310 234 English 0