278 149 295 149 295 178 278 178 English 0
294 151 391 151 391 211 294 211 English 0
390 170 523 170 523 237 390 237 English 0
531 195 581 195 581 246 531 246 English 0
330 123 350 123 350 146 330 146 Manipuri 0
351 129 374 129 374 151 351 151 Manipuri 0
377 125 424 125 424 161 377 161 Manipuri 0
422 137 469 137 469 169 422 169 Manipuri 0
467 145 509 145 509 178 467 178 Manipuri 0
188 399 225 399 225 430 188 430 English 0
226 411 302 411 302 443 226 443 English 0
303 424 392 424 392 459 303 459 English 0
396 443 450 443 450 473 396 473 English 0
460 456 508 456 508 485 460 485 English 0
376 222 421 222 421 252 376 252 English 0
333 211 355 211 355 237 333 237 English 0