254 158 266 158 266 186 254 186 English 0
273 157 364 157 364 201 273 201 English 0
371 159 498 159 498 205 371 205 English 0
514 159 556 159 556 203 514 203 English 0
299 124 316 124 316 144 299 144 Manipuri 0
321 126 341 126 341 144 321 144 Manipuri 0
347 118 390 118 390 146 347 146 Manipuri 0
393 121 437 121 437 145 393 145 Manipuri 0
439 121 477 121 477 147 439 147 Manipuri 0
208 420 241 420 241 446 208 446 English 0
247 425 321 425 321 445 247 445 English 0
325 425 411 425 411 445 325 445 English 0
420 427 471 427 471 449 420 449 English 0
485 429 531 429 531 450 485 450 English 0
362 212 404 212 404 236 362 236 English 0
318 210 336 210 336 233 318 233 English 0