253 45 306 45 306 69 253 69 Manipuri 0
310 47 345 47 345 68 310 68 Manipuri 0
348 51 378 51 378 72 348 72 Manipuri 0
382 44 418 44 418 71 382 71 Manipuri 0
238 70 275 70 275 103 238 103 English 0
280 74 315 74 315 106 280 106 English 0
320 72 432 72 432 111 320 111 English 0
322 113 344 113 344 135 322 135 English 0
121 133 225 133 225 170 121 170 English 0
231 137 324 137 324 173 231 173 English 0
330 138 466 138 466 178 330 178 English 0
185 169 247 169 247 202 185 202 English 0
252 178 274 178 274 199 252 199 English 0
279 176 307 176 307 199 279 199 English 0
312 177 369 177 369 203 312 203 English 0
376 178 394 178 394 202 376 202 English 0
399 180 474 180 474 210 399 210 English 0
256 220 275 220 275 239 256 239 English 0
301 221 368 221 368 246 301 246 English 0
137 243 175 243 175 265 137 265 English 0
186 246 220 246 220 267 186 267 English 0
224 247 273 247 273 273 224 273 English 0
276 250 301 250 301 271 276 271 English 0
304 251 345 251 345 274 304 274 English 0
348 252 370 252 370 275 348 275 English 0
378 254 411 254 411 275 378 275 English 0
414 254 465 254 465 279 414 279 English 0
471 256 517 256 517 281 471 281 English 0
267 287 305 287 305 311 267 311 English 0
306 289 359 289 359 312 306 312 English 0
360 290 373 290 373 313 360 313 English 0
173 310 196 310 196 332 173 332 English 0
201 311 272 311 272 340 201 340 English 0
274 312 344 312 344 339 274 339 English 0
354 319 401 319 401 341 354 341 English 0
412 320 467 320 467 344 412 344 English 0
146 336 209 336 209 365 146 365 English 0
214 341 284 341 284 367 214 367 English 0
289 341 341 341 341 366 289 366 English 0
347 344 378 344 378 368 347 368 English 0
382 346 416 346 416 373 382 373 English 0
426 348 492 348 492 372 426 372 English 0
208 364 261 364 261 389 208 389 English 0
266 366 325 366 325 397 266 397 English 0
333 372 379 372 379 397 333 397 English 0
390 374 425 374 425 398 390 398 English 0