226 50 279 50 279 74 226 74 Manipuri 0
283 48 318 48 318 69 283 69 Manipuri 0
321 48 351 48 351 69 321 69 Manipuri 0
354 37 390 37 390 64 354 64 Manipuri 0
214 78 251 78 251 111 214 111 English 0
256 78 291 78 291 110 256 110 English 0
296 67 408 67 408 106 296 106 English 0
301 113 323 113 323 135 301 135 English 0
104 149 208 149 208 186 104 186 English 0
214 143 307 143 307 179 214 179 English 0
313 131 449 131 449 171 313 171 English 0
172 181 234 181 234 214 172 214 English 0
238 185 260 185 260 206 238 206 English 0
265 180 293 180 293 203 265 203 English 0
298 175 355 175 355 201 298 201 English 0
362 172 380 172 380 196 362 196 English 0
386 168 461 168 461 198 386 198 English 0
247 226 266 226 266 245 247 245 English 0
292 220 359 220 359 245 292 245 English 0
131 261 169 261 169 283 131 283 English 0
180 258 214 258 214 279 180 279 English 0
218 255 267 255 267 281 218 281 English 0
270 253 295 253 295 274 270 274 English 0
298 251 339 251 339 274 298 274 English 0
342 248 364 248 364 271 342 271 English 0
372 246 405 246 405 267 372 267 English 0
407 242 458 242 458 267 407 267 English 0
465 238 511 238 511 263 465 263 English 0
265 291 303 291 303 315 265 315 English 0
304 288 357 288 357 311 304 311 English 0
358 285 371 285 371 308 358 308 English 0
174 324 197 324 197 346 174 346 English 0
202 320 273 320 273 349 202 349 English 0
275 313 345 313 345 340 275 340 English 0
355 313 402 313 402 335 355 335 English 0
412 308 467 308 467 332 412 332 English 0
150 351 213 351 213 380 150 380 English 0
218 348 288 348 288 374 218 374 English 0
292 341 344 341 344 366 292 366 English 0
350 339 381 339 381 363 350 363 English 0
385 337 419 337 419 364 385 364 English 0
430 333 496 333 496 357 430 357 English 0
215 373 268 373 268 398 215 398 English 0
273 368 332 368 332 399 273 399 English 0
340 368 386 368 386 393 340 393 English 0
396 364 431 364 431 388 396 388 English 0