262 43 316 43 316 68 262 68 Manipuri 0
319 47 355 47 355 69 319 69 Manipuri 0
357 52 388 52 388 74 357 74 Manipuri 0
391 46 428 46 428 74 391 74 Manipuri 0
246 67 284 67 284 101 246 101 English 0
288 73 323 73 323 106 288 106 English 0
327 72 440 72 440 115 327 115 English 0
328 113 351 113 351 136 328 136 English 0
127 126 231 126 231 166 127 166 English 0
237 134 330 134 330 173 237 173 English 0
335 138 472 138 472 183 335 183 English 0
189 165 252 165 252 200 189 200 English 0
256 176 279 176 279 198 256 198 English 0
284 175 312 175 312 199 284 199 English 0
317 176 374 176 374 204 317 204 English 0
380 181 399 181 399 205 380 205 English 0
403 183 479 183 479 215 403 215 English 0
259 218 279 218 279 238 259 238 English 0
304 220 371 220 371 248 304 248 English 0
139 237 178 237 178 260 139 260 English 0
188 241 223 241 223 263 188 263 English 0
225 244 275 244 275 272 225 272 English 0
278 248 304 248 304 270 278 270 English 0
305 251 347 251 347 275 305 275 English 0
350 253 372 253 372 277 350 277 English 0
379 256 413 256 413 278 379 278 English 0
415 258 467 258 467 284 415 284 English 0
472 261 519 261 519 287 472 287 English 0
268 285 306 285 306 310 268 310 English 0
306 289 360 289 360 313 306 313 English 0
360 291 374 291 374 314 360 314 English 0
173 305 197 305 197 327 173 327 English 0
201 307 273 307 273 338 201 338 English 0
274 311 344 311 344 340 274 340 English 0
353 320 401 320 401 343 353 343 English 0
411 324 466 324 466 350 411 350 English 0
145 330 209 330 209 361 145 361 English 0
213 338 283 338 283 366 213 366 English 0
287 340 340 340 340 366 287 366 English 0
345 344 377 344 377 369 345 369 English 0
380 348 415 348 415 376 380 376 English 0
425 351 491 351 491 378 425 378 English 0
206 361 259 361 259 387 206 387 English 0
263 364 323 364 323 397 263 397 English 0
331 372 377 372 377 399 331 399 English 0
387 376 423 376 423 401 387 401 English 0