491 348 532 348 532 372 491 372 English 0
537 342 572 342 572 367 537 367 English 0
578 340 629 340 629 364 578 364 English 0
402 312 455 312 455 341 402 341 English 0
468 310 529 310 529 337 468 337 English 0
207 328 234 328 234 353 207 353 English 0
239 320 311 320 311 354 239 354 English 0
317 317 390 317 390 350 317 350 English 0
102 329 163 329 163 359 102 359 English 0
170 329 191 329 191 359 170 359 English 0
529 262 586 262 586 293 529 293 English 0
399 272 515 272 515 306 399 306 English 0
64 288 160 288 160 326 64 326 English 0
166 288 189 288 189 321 166 321 English 0
206 284 256 284 256 319 206 319 English 0
261 282 300 282 300 313 261 313 English 0
306 279 387 279 387 309 306 309 English 0
315 248 366 248 366 282 315 282 English 0
233 250 264 250 264 279 233 279 English 0
464 197 510 197 510 226 464 226 English 0
117 366 166 366 166 389 117 389 English 0
30 368 72 368 72 394 30 394 English 0
78 371 111 371 111 391 78 391 English 0
302 353 326 353 326 372 302 372 English 0
323 204 456 204 456 236 323 236 English 0
144 219 173 219 173 244 144 244 English 0
180 209 316 209 316 243 180 243 English 0
476 149 539 149 539 184 476 184 English 0
31 170 89 170 89 209 31 209 English 0
97 166 270 166 270 208 97 208 English 0
286 157 458 157 458 200 286 200 English 0
366 113 480 113 480 146 366 146 English 0
242 116 360 116 360 150 242 150 English 0
162 125 202 125 202 154 162 154 English 0
209 126 233 126 233 151 209 151 English 0
235 76 311 76 311 107 235 107 Manipuri 0
324 73 404 73 404 104 324 104 Manipuri 0