486 367 527 367 527 392 486 392 English 0
532 366 568 366 568 392 532 392 English 0
572 369 624 369 624 395 572 395 English 0
400 322 454 322 454 353 400 353 English 0
467 327 529 327 529 356 467 356 English 0
205 317 233 317 233 343 205 343 English 0
237 314 310 314 310 351 237 351 English 0
315 319 389 319 389 354 315 354 English 0
100 308 162 308 162 340 100 340 English 0
168 314 190 314 190 345 168 345 English 0
532 286 590 286 590 319 532 319 English 0
401 284 518 284 518 322 401 322 English 0
66 264 163 264 163 306 66 306 English 0
168 273 192 273 192 306 168 306 English 0
207 275 258 275 258 311 207 311 English 0
263 277 303 277 303 310 263 310 English 0
308 280 390 280 390 313 308 313 English 0
320 249 372 249 372 285 320 285 English 0
239 242 271 242 271 272 239 272 English 0
474 214 521 214 521 245 474 245 English 0
112 346 161 346 161 371 112 371 English 0
25 338 68 338 68 366 25 366 English 0
72 347 106 347 106 368 72 368 English 0
297 352 322 352 322 372 297 372 English 0
333 209 467 209 467 246 333 246 English 0
154 202 184 202 184 228 154 228 English 0
190 199 327 199 327 238 190 238 English 0
491 169 555 169 555 206 491 206 English 0
45 142 104 142 104 183 45 183 English 0
111 149 285 149 285 197 111 197 English 0
300 161 473 161 473 210 300 210 English 0
385 123 500 123 500 160 385 160 English 0
261 113 380 113 380 151 261 151 English 0
181 111 222 111 222 141 181 141 English 0
228 116 253 116 253 142 228 142 English 0
259 71 336 71 336 105 259 105 Manipuri 0
348 77 429 77 429 111 348 111 Manipuri 0