180.94156499995734 151.51202000000467 226.77303753014712 144.98458338871674 235.2100917963253 204.22291381813366 189.3786250771518 210.75032454651821 Manipuri 0
312.6299569094408 141.0300142722338 315.76092798728496 198.17812567174227 231.7269650966773 202.7815974635384 228.59631599996646 145.63379099999918 Manipuri 0
315.7965449999756 133.17144600000003 411.20718589954777 131.39265490095536 412.55818120058393 203.85589107645995 317.14754056796664 205.6346741199147 Manipuri 0
407.4555326180416 135.67250013102455 480.11096800000814 130.5920569999992 485.33714274737576 205.3301964819163 412.68171003015595 210.41061553311067 Manipuri 0
515.4606307370705 124.30123355277756 517.4873609228962 191.6611499399029 485.5371357606782 192.62235751685213 483.5105360000307 125.26256799996517 Manipuri 0
104.76545599995006 290.4976930000171 102.74619206225907 220.71049610431888 289.1889856875787 215.31506354069964 291.20943818968954 285.10103402447766 English 0
346.4117532631644 286.32958978960215 288.711153830227 285.2481545127879 290.07330293927225 212.5952350239918 347.7731240000139 213.67666299999985 English 0
304.5478716701473 332.53699722733654 270.4734830973757 334.9195460292434 267.0190659999935 285.5165250000007 301.0930677691067 283.1339897797172 English 0
265.20160954729363 330.5460943570919 386.7307827559125 328.10759509868103 387.95428999997966 389.07881500000065 266.42511740647024 391.51729435829736 English 0
392.6747079999768 384.92990500003225 391.8430537446693 326.64964140702017 529.136676783528 324.68994097886184 529.9693719544302 382.96914736724796 English 0
255.01934164145496 402.19341621112113 153.82675944849325 402.824901056362 153.40682244517666 335.388401046785 254.59754099996644 334.7569219999999 English 0
432.2660494403681 469.99444301088863 305.18495154923585 474.40312919711806 303.7758829120867 433.7675732432828 430.8552519999648 429.3589170000012 English 0
478.3847200500895 474.40715836982633 435.8082044420735 474.2351412159426 436.02223900001263 421.3599539999999 478.59800632948463 421.5319696444357 English 0
297.9084842977318 473.02492106726424 271.8813253693952 470.00647176216535 276.3472326966439 431.50594244220775 302.3740550000366 434.5243720000025 English 0
187.8655960998003 209.58318501683425 152.89026362755976 211.13213779466093 150.4008949999843 154.92057300000042 185.37596164474962 153.37162610902573 Manipuri 0
137.8458647295338 405.29518590137883 105.56985710310983 404.438619871578 107.75531999999657 322.11217399999924 140.03061116411118 322.96873053624864 English 0
118.78521687925968 223.4617530338248 102.38481699998374 225.74411600000204 94.99716574820923 172.65973595802996 111.39743799998541 170.37738199999706 English 0