175.14612999999372 156.46772800000565 220.72188894941064 148.34482207326448 231.221178553169 207.2526252029723 185.64542867308774 215.37549818737742 Manipuri 0
306.38848408474587 141.39624914780975 311.512028128418 198.40027544990423 227.68991513963556 205.93367198158853 222.56670399998256 148.92995300000447 Manipuri 0
309.27888400001393 133.43195599999828 404.5693429721723 128.32454303997991 408.4484307362436 200.6965019528077 313.15797373135865 205.80389197916338 Manipuri 0
400.96931506275723 132.73258133648866 473.403191000034 125.1196469999974 481.23449118422286 199.62987074814095 408.8006209831656 207.24276991171226 Manipuri 0
508.51177338685375 117.5989773803772 512.888115844471 184.84711989156278 480.9909046912071 186.92278182295865 476.6146909999952 119.67476099998831 Manipuri 0
103.86695499997586 298.0272419999758 99.41327657281363 228.35302951575784 285.554186934678 216.4541313014783 290.00902274245163 286.1270985213797 English 0
345.2206018311699 285.4283438594517 287.51740917228744 286.361203623947 286.3431600785407 213.70501746524747 344.04557400004705 212.77216399999963 English 0
304.994827063274 333.06863102492605 271.02433804138855 336.63882434893674 265.84788500003924 287.38653899999895 299.8179886799335 283.8163661062431 English 0
265.6030217294756 332.4516817910319 386.9731077729375 325.77378765010445 390.3237100000115 386.6651629999981 268.9536284872156 393.34300268128266 English 0
394.8964580000029 382.35404000000733 392.03114293850376 324.1384073245066 529.1727538916166 317.3883269859799 532.039054399429 375.6029183157557 English 0
257.9274666154379 404.41113757805215 156.81853709204006 408.5734645428663 154.04534154753492 341.1927333279809 255.15239100001054 337.0304449999997 English 0
437.43239492374414 465.9850415821576 310.58254222276446 474.8254763236571 307.75615448554163 434.2638809363786 434.60429300001124 425.4235060000017 English 0
483.6769786817604 468.7855502357539 441.1203994808602 470.0993252469221 439.4889730000432 417.2490909999991 482.0448129424767 415.9353273913391 English 0
303.2624441415828 473.70268558711706 277.14579926883744 471.59427628739115 280.2653314475174 432.9613485248825 306.3816360000055 435.0697439999975 English 0
184.09260833490407 214.26187139131596 149.19263067873544 217.0304705890983 144.74302200003876 160.94005899999954 179.6427275014139 158.17147063249254 Manipuri 0
140.93362562060065 411.6003131821682 108.64737109761336 411.8705795552123 107.95832800002245 329.518119 140.24385196993535 329.2478556786984 English 0
115.53866964473855 230.5428752855869 99.22789999996894 233.39619500000265 89.99211999769614 180.60196002742313 106.30275899995468 177.7486520000034 English 0