215.64547263042186 128.07401747578132 261.88040214132343 130.41135048727693 258.8592890140717 190.17114173672783 212.6243599999725 187.83381699999964 Manipuri 0
346.91444917007175 142.9119197449969 339.08331630242174 199.6074503558578 255.714923773412 188.09198448438408 263.54630100002396 131.3967449999712 Manipuri 0
351.5222800011543 135.80194496905833 445.5194700980792 152.26060509195474 433.01905683925725 223.65019365745297 339.0218869999808 207.19161300000127 Manipuri 0
441.020015776885 155.7465316930227 513.3100503782771 164.62236429779875 504.17951913441357 238.984806169024 431.8894932283001 230.10902224397518 Manipuri 0
549.2105601874937 165.1923769195599 538.3469203369168 231.70141981122248 506.8002778347727 226.54861196303602 517.6640410000255 160.0397239999827 Manipuri 0
114.34922599997662 249.971046000008 125.6834128643095 181.08094142204322 309.73042466765037 211.3594864654906 298.3974789128115 280.24848617537776 English 0
352.3510142215673 291.98778880398726 295.91682314472564 279.91689738481443 311.1168510520656 208.85867446467958 367.55030300002545 220.92948400000034 English 0
302.43955383346474 329.3582467998951 268.53655539242027 325.19576194901845 274.57223299999896 276.0408449999988 308.47485729536857 280.2033066055714 English 0
264.1956426898105 319.89849396040097 383.95771479437826 340.6914473185901 373.52491899997403 400.77593200000047 253.7628902435972 379.9831485552374 English 0
378.95025899997563 397.6039470000238 389.25563679717015 340.2355571330039 524.4006458151125 364.5091748204572 514.0965324174613 421.87644713934776 English 0
240.5298041865899 388.2843658891886 141.0757962306525 369.5974436149222 153.53107947936223 303.3196565908274 252.98341500005336 322.006418000006 English 0
401.58307779762254 488.6599882173431 275.9950416909851 468.7431294367166 282.3655313369818 428.58514356325327 407.9518640000606 448.50186499999734 English 0
446.0124077468936 501.7914803581851 404.2507109491271 493.49991834558523 414.5501929999591 441.63577399999485 456.311139045647 449.9272593608258 English 0
269.1157861756801 465.9981460097023 244.14262342397706 458.06956231027135 255.8727474578336 421.1285152033363 280.84561299998313 429.0570479999968 English 0
211.3617430182785 186.3994116098034 176.73347706375353 181.2464223059716 185.0155480000103 125.59251299999627 219.64359204524953 130.74548553186833 Manipuri 0
124.91726975124038 368.971383149833 93.39772129118501 361.97244141633814 111.2518309999723 281.5751730000015 142.77077598664619 288.5740453333197 English 0
140.9024189266347 186.84176312091768 124.3678920000093 185.95292799999982 127.24497410708864 132.43429370962562 143.7793960000272 133.32312600000003 English 0