124 206 244 206 244 278 124 278 English 0
242 232 339 232 339 294 242 294 English 0
333 238 451 238 451 315 333 315 English 0
448 257 618 257 618 347 448 347 English 0
390 313 450 313 450 357 390 357 English 0
346 306 393 306 393 346 346 346 English 0
309 299 346 299 346 335 309 335 English 0
296 295 317 295 317 323 296 323 English 0
281 295 301 295 301 317 281 317 English 0
261 291 282 291 282 317 261 317 English 0
255 291 270 291 270 313 255 313 English 0
240 292 257 292 257 315 240 315 English 0
206 279 249 279 249 313 206 313 English 0
171 152 280 152 280 230 171 230 Manipuri 0
272 164 367 164 367 243 272 243 Manipuri 0
362 191 454 191 454 255 362 255 Manipuri 0
451 210 565 210 565 273 451 273 Manipuri 0