121 216 239 216 239 283 121 283 English 0
239 235 335 235 335 293 239 293 English 0
332 237 448 237 448 308 332 308 English 0
447 250 615 250 615 333 447 333 English 0
391 309 450 309 450 350 391 350 English 0
347 305 393 305 393 343 347 343 English 0
309 300 345 300 345 334 309 334 English 0
295 296 315 296 315 323 295 323 English 0
281 298 300 298 300 319 281 319 English 0
261 294 281 294 281 319 261 319 English 0
255 294 269 294 269 316 255 316 English 0
240 296 256 296 256 318 240 318 English 0
205 285 247 285 247 318 205 318 English 0
165 159 272 159 272 233 165 233 Manipuri 0
267 166 360 166 360 241 267 241 Manipuri 0
358 189 448 189 448 248 358 248 Manipuri 0
447 202 559 202 559 260 447 260 Manipuri 0