106 257 226 257 226 329 106 329 English 0
224 245 321 245 321 307 224 307 English 0
314 216 432 216 432 293 314 293 English 0
429 186 599 186 599 276 429 276 English 0
389 278 449 278 449 322 389 322 English 0
346 289 393 289 393 329 346 329 English 0
307 297 344 297 344 333 307 333 English 0
292 300 313 300 313 328 292 328 English 0
278 306 298 306 298 328 278 328 English 0
259 309 280 309 280 335 259 335 English 0
252 312 267 312 267 334 252 334 English 0
239 318 256 318 256 341 239 341 English 0
203 313 246 313 246 347 203 347 English 0
132 192 241 192 241 270 132 270 Manipuri 0
232 171 327 171 327 250 232 250 Manipuri 0
324 167 416 167 416 231 324 231 Manipuri 0
412 150 526 150 526 213 412 213 Manipuri 0