219.37479468389938 167.11084787694796 216.35660400002962 239.83919200003086 135.80041603112477 236.49578894169818 138.81902499997523 163.7678800000219 Manipuri 0
357.85648533194035 182.30621694216632 355.1294030000281 236.6209879999878 220.18790777176036 229.84497716136957 222.91552200003935 175.5307689999746 Manipuri 0
356.5424519999942 185.50968799999941 425.45156084757764 182.45853317093176 428.91861200005224 260.757872999999 360.0095045433409 263.80900801221395 Manipuri 0
82.45082558765716 288.4784599788996 88.47090100003697 235.73143899997686 196.16843553892977 248.02219221952217 190.14898520035786 300.7686405943117 English 0
368.4231228236604 255.35201560315153 366.4644190000399 300.6385879999748 185.05538018413063 292.7907612134812 187.01488300001074 247.50502700001886 English 0
481.63911181480216 261.8349269563693 479.2661190000217 320.0876310000268 365.30714200060174 315.44463346969667 367.6808159999928 257.19264299998173 English 0
286.03664849550114 310.50404835077677 282.4016809999739 347.5085720000063 164.2139998555649 335.8987654496292 167.84943600003317 298.89476899999244 English 0
364.4647740268556 309.8817628809318 363.99942099997133 354.39130500000095 284.42839327733964 353.55885542760774 284.8941780000314 309.0497509999673 English 0
423.70813001005445 314.4139464923153 420.7478860000265 355.7999169999698 358.7354221709393 351.36427094733153 361.69595899998967 309.97861699997924 English 0
175.90595868918172 444.0087942966679 179.25980100000743 413.8934500000011 228.01273956443765 419.3220980957842 224.6591565064591 449.4372049104694 English 0
258.0446545784798 454.16428260633955 225.04787291611137 454.9262253026695 223.95131500001298 407.4340670000004 256.9475965446327 406.6721300654951 English 0
367.10676997710834 415.9600078836601 366.45136599996476 456.15213699996536 261.8937207576528 454.44612392119734 262.5497929999983 414.2546719999847 English 0
440.42689625268395 424.56483980185686 438.29572700000426 449.86656999997786 361.8561163650884 443.4283503380808 363.987569000019 418.12693400001046 English 0
191.49455188824504 389.878664422166 130.0895158379717 379.9915128990598 136.12761309217603 342.4972196449896 197.53202599997167 352.38431999999784 English 0
208.5662848829088 388.3850187999749 193.15273956330202 388.6137028763499 192.56725415674737 349.1494858428967 207.98063300004287 348.9208029999995 English 0
254.4236521478888 388.1970924649178 210.40605211645016 391.35596451968297 207.13338163594017 345.7534033757586 251.15043500001775 342.5945509999998 English 0
317.2096461192268 352.1105587972046 313.73930186273356 398.3788273945757 243.14069236032083 393.0835530770608 246.61145199999737 346.815735000034 English 0
408.44181220913015 352.1217018979457 408.26087800000096 401.5066039999755 320.58469443392823 401.1845580505168 320.7662320000236 351.80025999999174 English 0