247.4527345551178 151.96031120294387 231.85095799999544 223.0595280000152 153.09894845908275 205.77849045825934 168.700994000028 134.67965099998344 Manipuri 0
381.1919101671083 190.97185226316225 369.07432200001494 243.98786000002218 237.35930918228405 213.8825058507189 249.47727200000372 160.86703800000384 Manipuri 0
379.3412329495186 193.89842078735575 447.7333516985527 202.85906553592028 437.5511810000171 280.5714130000017 369.1590741104301 271.6108301066001 Manipuri 0
91.53322409649263 247.70731579521254 106.62143000001379 196.80706200000031 210.54886005775188 227.61257813586434 195.4612262090086 278.51234251961955 English 0
378.9138848775474 264.7428717516799 369.12059399997815 309.0011929999781 191.8299908978952 269.7712880958697 201.62384600000223 225.51376600003402 English 0
489.28434837740497 290.7869019003504 476.831291999988 347.742571000001 365.40923742271843 323.38144095616974 377.8628200000094 266.42651500001 English 0
288.20199673726165 304.750837098641 278.19607099998393 340.5617750000348 163.8196089235862 308.605189936743 173.82582999998704 272.79473599998903 English 0
365.5468637026934 317.7567894332362 357.3589830000128 361.5092429999827 279.14079774222046 346.8720699097389 287.3290049999923 303.12004799997584 English 0
423.10316853829136 332.5076461011929 413.0007089999708 372.75072199997106 352.7000274093007 357.61404873041863 362.80269800001406 317.3712919999652 English 0
156.5606556057901 417.10300277014574 165.09353499997815 388.0277189999729 212.16369028639747 401.8399277980707 203.63106522250746 430.9149941368861 English 0
235.68844992907543 441.36758362457454 203.06057422691083 436.3888379412463 210.22774400000344 389.4270670000049 242.85515092931746 394.4057763776343 English 0
349.7287643099844 422.6823180393944 342.103094999984 462.14987500000336 239.429269428947 442.31350436384935 247.05543800002488 402.8466080000132 English 0
420.4404670876829 443.8883024972921 413.9474560000235 468.4354419999802 339.78652593337756 448.82135315513244 346.27973499998916 424.2745270000079 English 0
181.31248075515032 366.50229447702554 122.5570470115781 346.1031318036077 135.01419154992618 310.2269239243787 193.76911100000143 330.62598899999165 English 0
198.38423956680344 367.9958283723707 183.16514526035462 365.54474003814727 189.44147154201346 326.5783961172528 204.66041399995447 329.02947199999466 English 0
243.5775430007925 375.77380522915473 199.6800917134533 371.24181605055304 204.37597870331956 325.76372581470537 248.27291100002185 330.29568800000004 English 0
311.6760981976404 351.13818614741973 300.2233529512887 396.10072077233207 231.61685831255454 378.6266620284038 243.06988500000443 333.66455600000165 English 0
401.52118072262965 366.99155140742516 392.76652400003513 415.59467599996475 306.47740850145055 400.05271611404555 315.2325340000243 351.45019699997965 English 0