269 156 350 156 350 209 269 209 Manipuri 0
350 153 415 153 415 203 350 203 Manipuri 0
212 197 347 197 347 261 212 261 English 0
196 262 332 262 332 309 196 309 English 0
341 253 369 253 369 301 341 301 English 0
366 249 495 249 495 299 366 299 English 0
485 295 558 295 558 334 485 334 English 0
428 300 485 300 485 337 428 337 English 0
394 304 434 304 434 343 394 343 English 0
345 308 394 308 394 346 345 346 English 0
293 307 336 307 336 352 293 352 English 0
227 312 267 312 267 352 227 352 English 0
145 312 226 312 226 357 145 357 English 0
34 361 299 361 299 477 34 477 Manipuri 0
299 352 470 352 470 461 299 461 Manipuri 0
475 345 602 345 602 467 475 467 Manipuri 0