261 155 344 155 344 211 261 211 Manipuri 0
342 148 409 148 409 201 342 201 Manipuri 0
206 196 343 196 343 266 206 266 English 0
194 261 331 261 331 315 194 315 English 0
337 251 367 251 367 300 337 300 English 0
363 240 494 240 494 296 363 296 English 0
484 283 558 283 558 326 484 326 English 0
427 291 486 291 486 331 427 331 English 0
393 298 435 298 435 339 393 339 English 0
344 304 395 304 395 344 344 344 English 0
293 306 338 306 338 353 293 353 English 0
227 314 269 314 269 356 227 356 English 0
145 317 228 317 228 366 145 366 English 0
37 362 306 362 306 492 37 492 Manipuri 0
302 344 477 344 477 461 302 461 Manipuri 0
477 330 609 330 609 458 477 458 Manipuri 0