280 157 359 157 359 207 280 207 Manipuri 0
361 158 424 158 424 206 361 206 Manipuri 0
219 197 352 197 352 256 219 256 English 0
199 260 334 260 334 303 199 303 English 0
344 256 370 256 370 303 344 303 English 0
370 259 498 259 498 304 370 304 English 0
485 310 557 310 557 347 485 347 English 0
429 311 485 311 485 346 429 346 English 0
394 311 433 311 433 349 394 349 English 0
345 312 393 312 393 348 345 348 English 0
294 307 335 307 335 351 294 351 English 0
227 307 266 307 266 346 227 346 English 0
145 304 225 304 225 346 145 346 English 0
29 354 291 354 291 462 29 462 Manipuri 0
295 359 462 359 462 462 295 462 Manipuri 0
471 362 594 362 594 480 471 480 Manipuri 0